0 0.0555970 0.0889940 0.9158170 0.0911810 0.9157240 0.1146980 0.0555050 0.112510
привѣтствовалъ какъ мое Солнце, ибо мнѣ нынче Сорокъ летъ!!!..
0.008065 0.024194 0.040323 0.056452 0.072581 0.088710 0.104839 0.120968 0.137097 0.153226 0.169355 0.185484 0.201613 0.217742 0.233871 0.250000 0.266129 0.282258 0.298387 0.314516 0.330645 0.346774 0.362903 0.379032 0.395161 0.411290 0.427419 0.443548 0.459677 0.475806 0.491935 0.508065 0.524194 0.540323 0.556452 0.572581 0.588710 0.604839 0.620968 0.637097 0.653226 0.669355 0.685484 0.701613 0.717742 0.733871 0.750000 0.766129 0.782258 0.798387 0.814516 0.830645 0.846774 0.862903 0.879032 0.895161 0.911290 0.927419 0.943548 0.959677 0.975806 0.991935 
0 0.0541020 0.1281610 0.9013960 0.1284630 0.9013830 0.1530750 0.0540880 0.152773
Сорокъ летъ — вѣсь человѣкъ тутъ. Онъ выдалъ всё изъ себя что смогъ
0.007463 0.022388 0.037313 0.052239 0.067164 0.082090 0.097015 0.111940 0.126866 0.141791 0.156716 0.171642 0.186567 0.201493 0.216418 0.231343 0.246269 0.261194 0.276119 0.291045 0.305970 0.320896 0.335821 0.350746 0.365672 0.380597 0.395522 0.410448 0.425373 0.440299 0.455224 0.470149 0.485075 0.500000 0.514925 0.529851 0.544776 0.559701 0.574627 0.589552 0.604478 0.619403 0.634328 0.649254 0.664179 0.679104 0.694030 0.708955 0.723881 0.738806 0.753731 0.768657 0.783582 0.798507 0.813433 0.828358 0.843284 0.858209 0.873134 0.888060 0.902985 0.917910 0.932836 0.947761 0.962687 0.977612 0.992537 
0 0.0591930 0.1649900 0.8796210 0.1739720 0.8792020 0.1988000 0.0587740 0.189818
выдать — онъ далъ вѣсь ростъ, цвѣлъ, отцвѣлъ и его плоды
0.008929 0.026786 0.044643 0.062500 0.080357 0.098214 0.116071 0.133929 0.151786 0.169643 0.187500 0.205357 0.223214 0.241071 0.258929 0.276786 0.294643 0.312500 0.330357 0.348214 0.366071 0.383929 0.401786 0.419643 0.437500 0.455357 0.473214 0.491071 0.508929 0.526786 0.544643 0.562500 0.580357 0.598214 0.616071 0.633929 0.651786 0.669643 0.687500 0.705357 0.723214 0.741071 0.758929 0.776786 0.794643 0.812500 0.830357 0.848214 0.866071 0.883929 0.901786 0.919643 0.937500 0.955357 0.973214 0.991071 
0 0.0503460 0.1996250 0.9282750 0.2022140 0.9281630 0.2270060 0.0502340 0.224417
начинаютъ наливать. Нынѣшній годъ — есть впрочемъ уже резуль-
0.008197 0.024590 0.040984 0.057377 0.073770 0.090164 0.106557 0.122951 0.139344 0.155738 0.172131 0.188525 0.204918 0.221311 0.237705 0.254098 0.270492 0.286885 0.303279 0.319672 0.336066 0.352459 0.368852 0.385246 0.401639 0.418033 0.434426 0.450820 0.467213 0.483607 0.500000 0.516393 0.532787 0.549180 0.565574 0.581967 0.598361 0.614754 0.631148 0.647541 0.663934 0.680328 0.696721 0.713115 0.729508 0.745902 0.762295 0.778689 0.795082 0.811475 0.827869 0.844262 0.860656 0.877049 0.893443 0.909836 0.926230 0.942623 0.959016 0.975410 0.991803 
0 0.0676770 0.2327310 0.9231030 0.2391460 0.9228330 0.2625330 0.0674070 0.256117
татъ моей жизни. Разсмотримъ: онъ у меня двоякій. 1-е Мой
0.008772 0.026316 0.043860 0.061404 0.078947 0.096491 0.114035 0.131579 0.149123 0.166667 0.184211 0.201754 0.219298 0.236842 0.254386 0.271930 0.289474 0.307018 0.324561 0.342105 0.359649 0.377193 0.394737 0.412281 0.429825 0.447368 0.464912 0.482456 0.500000 0.517544 0.535088 0.552632 0.570175 0.587719 0.605263 0.622807 0.640351 0.657895 0.675439 0.692982 0.710526 0.728070 0.745614 0.763158 0.780702 0.798246 0.815789 0.833333 0.850877 0.868421 0.885965 0.903509 0.921053 0.938596 0.956140 0.973684 0.991228 
0 0.0729770 0.2685020 0.9125960 0.2752930 0.9123010 0.2989740 0.0726820 0.292183
Заводъ — онъ уже стоитъ передо мною въ своемъ всеору-
0.009434 0.028302 0.047170 0.066038 0.084906 0.103774 0.122642 0.141509 0.160377 0.179245 0.198113 0.216981 0.235849 0.254717 0.273585 0.292453 0.311321 0.330189 0.349057 0.367925 0.386792 0.405660 0.424528 0.443396 0.462264 0.481132 0.500000 0.518868 0.537736 0.556604 0.575472 0.594340 0.613208 0.632075 0.650943 0.669811 0.688679 0.707547 0.726415 0.745283 0.764151 0.783019 0.801887 0.820755 0.839623 0.858491 0.877358 0.896226 0.915094 0.933962 0.952830 0.971698 0.990566 
0 0.0723910 0.3017890 0.9168140 0.3056810 0.9166620 0.3270820 0.0722390 0.323190
жіи. Онъ сооруженъ мною — единственно мною почти безъ сред-
0.008475 0.025424 0.042373 0.059322 0.076271 0.093220 0.110169 0.127119 0.144068 0.161017 0.177966 0.194915 0.211864 0.228814 0.245763 0.262712 0.279661 0.296610 0.313559 0.330508 0.347458 0.364407 0.381356 0.398305 0.415254 0.432203 0.449153 0.466102 0.483051 0.500000 0.516949 0.533898 0.550847 0.567797 0.584746 0.601695 0.618644 0.635593 0.652542 0.669492 0.686441 0.703390 0.720339 0.737288 0.754237 0.771186 0.788136 0.805085 0.822034 0.838983 0.855932 0.872881 0.889831 0.906780 0.923729 0.940678 0.957627 0.974576 0.991525 
0 0.0746090 0.3363950 0.8917410 0.3343120 0.8918390 0.3590910 0.0747060 0.361173
ствъ, безъ лекцій — а я начинаю думать, что это одинъ
0.009434 0.028302 0.047170 0.066038 0.084906 0.103774 0.122642 0.141509 0.160377 0.179245 0.198113 0.216981 0.235849 0.254717 0.273585 0.292453 0.311321 0.330189 0.349057 0.367925 0.386792 0.405660 0.424528 0.443396 0.462264 0.481132 0.500000 0.518868 0.537736 0.556604 0.575472 0.594340 0.613208 0.632075 0.650943 0.669811 0.688679 0.707547 0.726415 0.745283 0.764151 0.783019 0.801887 0.820755 0.839623 0.858491 0.877358 0.896226 0.915094 0.933962 0.952830 0.971698 0.990566 
0 0.0816170 0.3733720 0.9121680 0.3651420 0.9125380 0.3894170 0.0819870 0.397647
изъ лучшихъ заводовъ въ Россіи. Этотъ Заводъ ставитъ на ноги
0.008333 0.025000 0.041667 0.058333 0.075000 0.091667 0.108333 0.125000 0.141667 0.158333 0.175000 0.191667 0.208333 0.225000 0.241667 0.258333 0.275000 0.291667 0.308333 0.325000 0.341667 0.358333 0.375000 0.391667 0.408333 0.425000 0.441667 0.458333 0.475000 0.491667 0.508333 0.525000 0.541667 0.558333 0.575000 0.591667 0.608333 0.625000 0.641667 0.658333 0.675000 0.691667 0.708333 0.725000 0.741667 0.758333 0.775000 0.791667 0.808333 0.825000 0.841667 0.858333 0.875000 0.891667 0.908333 0.925000 0.941667 0.958333 0.975000 0.991667 
0 0.0835140 0.4080820 0.9169490 0.4003450 0.9172950 0.4245340 0.0838600 0.432271
даетъ мнѣ независимое мною самимъ созданное положеніе.
0.009259 0.027778 0.046296 0.064815 0.083333 0.101852 0.120370 0.138889 0.157407 0.175926 0.194444 0.212963 0.231481 0.250000 0.268519 0.287037 0.305556 0.324074 0.342593 0.361111 0.379630 0.398148 0.416667 0.435185 0.453704 0.472222 0.490741 0.509259 0.527778 0.546296 0.564815 0.583333 0.601852 0.620370 0.638889 0.657407 0.675926 0.694444 0.712963 0.731481 0.750000 0.768519 0.787037 0.805556 0.824074 0.842593 0.861111 0.879630 0.898148 0.916667 0.935185 0.953704 0.972222 0.990741 
0 0.0836740 0.4449400 0.8740090 0.4417930 0.8741580 0.4660440 0.0838230 0.469192
Это мой матеріальный результатъ — я дѣлаю себѣ этотъ
0.009615 0.028846 0.048077 0.067308 0.086538 0.105769 0.125000 0.144231 0.163462 0.182692 0.201923 0.221154 0.240385 0.259615 0.278846 0.298077 0.317308 0.336538 0.355769 0.375000 0.394231 0.413462 0.432692 0.451923 0.471154 0.490385 0.509615 0.528846 0.548077 0.567308 0.586538 0.605769 0.625000 0.644231 0.663462 0.682692 0.701923 0.721154 0.740385 0.759615 0.778846 0.798077 0.817308 0.836538 0.855769 0.875000 0.894231 0.913462 0.932692 0.951923 0.971154 0.990385 
0 0.0834650 0.4829540 0.9058870 0.4727530 0.9063980 0.4995070 0.0839760 0.509708
подарокъ ко дню моихъ Сороколѣтнихъ имянинъ. 2-е Мои двѣ
0.008929 0.026786 0.044643 0.062500 0.080357 0.098214 0.116071 0.133929 0.151786 0.169643 0.187500 0.205357 0.223214 0.241071 0.258929 0.276786 0.294643 0.312500 0.330357 0.348214 0.366071 0.383929 0.401786 0.419643 0.437500 0.455357 0.473214 0.491071 0.508929 0.526786 0.544643 0.562500 0.580357 0.598214 0.616071 0.633929 0.651786 0.669643 0.687500 0.705357 0.723214 0.741071 0.758929 0.776786 0.794643 0.812500 0.830357 0.848214 0.866071 0.883929 0.901786 0.919643 0.937500 0.955357 0.973214 0.991071 
0 0.0852900 0.5283760 0.8847150 0.5156400 0.8853690 0.5422610 0.0859440 0.554998
піэссы Кречинскій и Лидочька. Вотъ мой интеллектуальный
0.009091 0.027273 0.045455 0.063636 0.081818 0.100000 0.118182 0.136364 0.154545 0.172727 0.190909 0.209091 0.227273 0.245455 0.263636 0.281818 0.300000 0.318182 0.336364 0.354545 0.372727 0.390909 0.409091 0.427273 0.445455 0.463636 0.481818 0.500000 0.518182 0.536364 0.554545 0.572727 0.590909 0.609091 0.627273 0.645455 0.663636 0.681818 0.700000 0.718182 0.736364 0.754545 0.772727 0.790909 0.809091 0.827273 0.845455 0.863636 0.881818 0.900000 0.918182 0.936364 0.954545 0.972727 0.990909 
0 0.0889890 0.5700430 0.8945750 0.5516600 0.8955020 0.5780420 0.0899170 0.596425
результатъ. Какъ нарочно нынѣшній день я обдѣлывалъ едва ли
0.008475 0.025424 0.042373 0.059322 0.076271 0.093220 0.110169 0.127119 0.144068 0.161017 0.177966 0.194915 0.211864 0.228814 0.245763 0.262712 0.279661 0.296610 0.313559 0.330508 0.347458 0.364407 0.381356 0.398305 0.415254 0.432203 0.449153 0.466102 0.483051 0.500000 0.516949 0.533898 0.550847 0.567797 0.584746 0.601695 0.618644 0.635593 0.652542 0.669492 0.686441 0.703390 0.720339 0.737288 0.754237 0.771186 0.788136 0.805085 0.822034 0.838983 0.855932 0.872881 0.889831 0.906780 0.923729 0.940678 0.957627 0.974576 0.991525 
0 0.0816490 0.6174820 0.8517970 0.5945880 0.8530040 0.6209230 0.0828560 0.643817
не лучшую Сцену изъ всего что я писалъ, именно: Сцену
0.009434 0.028302 0.047170 0.066038 0.084906 0.103774 0.122642 0.141509 0.160377 0.179245 0.198113 0.216981 0.235849 0.254717 0.273585 0.292453 0.311321 0.330189 0.349057 0.367925 0.386792 0.405660 0.424528 0.443396 0.462264 0.481132 0.500000 0.518868 0.537736 0.556604 0.575472 0.594340 0.613208 0.632075 0.650943 0.669811 0.688679 0.707547 0.726415 0.745283 0.764151 0.783019 0.801887 0.820755 0.839623 0.858491 0.877358 0.896226 0.915094 0.933962 0.952830 0.971698 0.990566 
0 0.0907100 0.6511070 0.8973300 0.6314100 0.8982830 0.6567410 0.0916640 0.676439
Муромскаго съ высокимъ Лицомъ. Сцена четвертаго акта, и
0.009091 0.027273 0.045455 0.063636 0.081818 0.100000 0.118182 0.136364 0.154545 0.172727 0.190909 0.209091 0.227273 0.245455 0.263636 0.281818 0.300000 0.318182 0.336364 0.354545 0.372727 0.390909 0.409091 0.427273 0.445455 0.463636 0.481818 0.500000 0.518182 0.536364 0.554545 0.572727 0.590909 0.609091 0.627273 0.645455 0.663636 0.681818 0.700000 0.718182 0.736364 0.754545 0.772727 0.790909 0.809091 0.827273 0.845455 0.863636 0.881818 0.900000 0.918182 0.936364 0.954545 0.972727 0.990909 
0 0.0937340 0.6927000 0.9003150 0.6746380 0.9011180 0.6979030 0.0945360 0.715964
послѣдняя сцена Лидочьки также написаны нынѣшнимъ го-
0.009434 0.028302 0.047170 0.066038 0.084906 0.103774 0.122642 0.141509 0.160377 0.179245 0.198113 0.216981 0.235849 0.254717 0.273585 0.292453 0.311321 0.330189 0.349057 0.367925 0.386792 0.405660 0.424528 0.443396 0.462264 0.481132 0.500000 0.518868 0.537736 0.556604 0.575472 0.594340 0.613208 0.632075 0.650943 0.669811 0.688679 0.707547 0.726415 0.745283 0.764151 0.783019 0.801887 0.820755 0.839623 0.858491 0.877358 0.896226 0.915094 0.933962 0.952830 0.971698 0.990566 
0 0.0998270 0.7348100 0.8583980 0.7122930 0.8595370 0.7371950 0.1009660 0.759713
домъ. Вообще a la prima піэсса кончена началась
0.010638 0.031915 0.053191 0.074468 0.095745 0.117021 0.138298 0.159574 0.180851 0.202128 0.223404 0.244681 0.265957 0.287234 0.308511 0.329787 0.351064 0.372340 0.393617 0.414894 0.436170 0.457447 0.478723 0.500000 0.521277 0.542553 0.563830 0.585106 0.606383 0.627660 0.648936 0.670213 0.691489 0.712766 0.734043 0.755319 0.776596 0.797872 0.819149 0.840426 0.861702 0.882979 0.904255 0.925532 0.946809 0.968085 0.989362 
0 0.0999160 0.7735630 0.8931610 0.7550920 0.8940380 0.7795410 0.1007930 0.798011
съ 1-го Августа отдѣлка на бѣло. Вотъ чемъ обозначилось
0.009091 0.027273 0.045455 0.063636 0.081818 0.100000 0.118182 0.136364 0.154545 0.172727 0.190909 0.209091 0.227273 0.245455 0.263636 0.281818 0.300000 0.318182 0.336364 0.354545 0.372727 0.390909 0.409091 0.427273 0.445455 0.463636 0.481818 0.500000 0.518182 0.536364 0.554545 0.572727 0.590909 0.609091 0.627273 0.645455 0.663636 0.681818 0.700000 0.718182 0.736364 0.754545 0.772727 0.790909 0.809091 0.827273 0.845455 0.863636 0.881818 0.900000 0.918182 0.936364 0.954545 0.972727 0.990909 
0 0.1086300 0.8137890 0.6725160 0.8026870 0.6732310 0.8262840 0.1093460 0.837385
мое вступленіе въ мой сорокъ первый годъ.
0.012195 0.036585 0.060976 0.085366 0.109756 0.134146 0.158537 0.182927 0.207317 0.231707 0.256098 0.280488 0.304878 0.329268 0.353659 0.378049 0.402439 0.426829 0.451220 0.475610 0.500000 0.524390 0.548780 0.573171 0.597561 0.621951 0.646341 0.670732 0.695122 0.719512 0.743902 0.768293 0.792683 0.817073 0.841463 0.865854 0.890244 0.914634 0.939024 0.963415 0.987805 
0 0.1211010 0.8483020 0.7270940 0.8362480 0.7278050 0.8594500 0.1218120 0.871503
Въ теченіе этого года вотъ что сдѣлано:
0.012821 0.038462 0.064103 0.089744 0.115385 0.141026 0.166667 0.192308 0.217949 0.243590 0.269231 0.294872 0.320513 0.346154 0.371795 0.397436 0.423077 0.448718 0.474359 0.500000 0.525641 0.551282 0.576923 0.602564 0.628205 0.653846 0.679487 0.705128 0.730769 0.756410 0.782051 0.807692 0.833333 0.858974 0.884615 0.910256 0.935897 0.961538 0.987179 
0 0.1146230 0.8770610 0.9480550 0.8840940 0.9477390 0.9084430 0.1143070 0.901410
Съ прошедшаго Сентября, когда пришли первыя машины
0.010000 0.030000 0.050000 0.070000 0.090000 0.110000 0.130000 0.150000 0.170000 0.190000 0.210000 0.230000 0.250000 0.270000 0.290000 0.310000 0.330000 0.350000 0.370000 0.390000 0.410000 0.430000 0.450000 0.470000 0.490000 0.510000 0.530000 0.550000 0.570000 0.590000 0.610000 0.630000 0.650000 0.670000 0.690000 0.710000 0.730000 0.750000 0.770000 0.790000 0.810000 0.830000 0.850000 0.870000 0.890000 0.910000 0.930000 0.950000 0.970000 0.990000 
0 0.1197820 0.9161330 0.8823480 0.9196440 0.8821960 0.9410460 0.1196310 0.937534
до сего Сентября окончательно устроенъ и пущенъ
0.010638 0.031915 0.053191 0.074468 0.095745 0.117021 0.138298 0.159574 0.180851 0.202128 0.223404 0.244681 0.265957 0.287234 0.308511 0.329787 0.351064 0.372340 0.393617 0.414894 0.436170 0.457447 0.478723 0.500000 0.521277 0.542553 0.563830 0.585106 0.606383 0.627660 0.648936 0.670213 0.691489 0.712766 0.734043 0.755319 0.776596 0.797872 0.819149 0.840426 0.861702 0.882979 0.904255 0.925532 0.946809 0.968085 0.989362 
