0 0.5802300 0.0572510 0.7525510 0.0559560 0.7529410 0.0775700 0.5806200 0.078864
Рябчикова
0.055556 0.166667 0.277778 0.388889 0.500000 0.611111 0.722222 0.833333 0.944444 
0 0.0769130 0.0889530 0.8759060 0.0796230 0.8766240 0.1052380 0.0776310 0.114568
Онъ де жилъ въ работникахъ у купца; укралъ что-то
0.010204 0.030612 0.051020 0.071429 0.091837 0.112245 0.132653 0.153061 0.173469 0.193878 0.214286 0.234694 0.255102 0.275510 0.295918 0.316327 0.336735 0.357143 0.377551 0.397959 0.418367 0.438776 0.459184 0.479592 0.500000 0.520408 0.540816 0.561224 0.581633 0.602041 0.622449 0.642857 0.663265 0.683673 0.704082 0.724490 0.744898 0.765306 0.785714 0.806122 0.826531 0.846939 0.867347 0.887755 0.908163 0.928571 0.948980 0.969388 0.989796 
0 0.0769960 0.1237280 0.8959850 0.1154010 0.8965970 0.1404660 0.0776070 0.148793
и тотъ ударилъ его палкою по головѣ отъ чего у него
0.009804 0.029412 0.049020 0.068627 0.088235 0.107843 0.127451 0.147059 0.166667 0.186275 0.205882 0.225490 0.245098 0.264706 0.284314 0.303922 0.323529 0.343137 0.362745 0.382353 0.401961 0.421569 0.441176 0.460784 0.480392 0.500000 0.519608 0.539216 0.558824 0.578431 0.598039 0.617647 0.637255 0.656863 0.676471 0.696078 0.715686 0.735294 0.754902 0.774510 0.794118 0.813725 0.833333 0.852941 0.872549 0.892157 0.911765 0.931373 0.950980 0.970588 0.990196 
0 0.0727030 0.1554790 0.8977770 0.1486510 0.8983020 0.1750940 0.0732280 0.181921
и сдѣлалась будто бѣлая горячька. Обратясь къ Губер-
0.009615 0.028846 0.048077 0.067308 0.086538 0.105769 0.125000 0.144231 0.163462 0.182692 0.201923 0.221154 0.240385 0.259615 0.278846 0.298077 0.317308 0.336538 0.355769 0.375000 0.394231 0.413462 0.432692 0.451923 0.471154 0.490385 0.509615 0.528846 0.548077 0.567308 0.586538 0.605769 0.625000 0.644231 0.663462 0.682692 0.701923 0.721154 0.740385 0.759615 0.778846 0.798077 0.817308 0.836538 0.855769 0.875000 0.894231 0.913462 0.932692 0.951923 0.971154 0.990385 
0 0.0725550 0.1906780 0.8411150 0.1818350 0.8418360 0.2079410 0.0732760 0.216783
натору: B-fr! Prens-le, А pince-le! — Слушаюсь.
0.010638 0.031915 0.053191 0.074468 0.095745 0.117021 0.138298 0.159574 0.180851 0.202128 0.223404 0.244681 0.265957 0.287234 0.308511 0.329787 0.351064 0.372340 0.393617 0.414894 0.436170 0.457447 0.478723 0.500000 0.521277 0.542553 0.563830 0.585106 0.606383 0.627660 0.648936 0.670213 0.691489 0.712766 0.734043 0.755319 0.776596 0.797872 0.819149 0.840426 0.861702 0.882979 0.904255 0.925532 0.946809 0.968085 0.989362 
0 0.0742700 0.2320010 0.9210450 0.2199160 0.9218760 0.2442010 0.0751010 0.256286
Болѣе никакихъ распоряженій и не было сдѣлано.—. Впрочемъ
0.008772 0.026316 0.043860 0.061404 0.078947 0.096491 0.114035 0.131579 0.149123 0.166667 0.184211 0.201754 0.219298 0.236842 0.254386 0.271930 0.289474 0.307018 0.324561 0.342105 0.359649 0.377193 0.394737 0.412281 0.429825 0.447368 0.464912 0.482456 0.500000 0.517544 0.535088 0.552632 0.570175 0.587719 0.605263 0.622807 0.640351 0.657895 0.675439 0.692982 0.710526 0.728070 0.745614 0.763158 0.780702 0.798246 0.815789 0.833333 0.850877 0.868421 0.885965 0.903509 0.921053 0.938596 0.956140 0.973684 0.991228 
0 0.0741110 0.2631120 0.9314840 0.2496030 0.9324520 0.2751970 0.0750790 0.288706
и часовые возвратились на прежніе мѣста — ибо
0.011111 0.033333 0.055556 0.077778 0.100000 0.122222 0.144444 0.166667 0.188889 0.211111 0.233333 0.255556 0.277778 0.300000 0.322222 0.344444 0.366667 0.388889 0.411111 0.433333 0.455556 0.477778 0.500000 0.522222 0.544444 0.566667 0.588889 0.611111 0.633333 0.655556 0.677778 0.700000 0.722222 0.744444 0.766667 0.788889 0.811111 0.833333 0.855556 0.877778 0.900000 0.922222 0.944444 0.966667 0.988889 
0 0.0760980 0.2968930 0.9099180 0.2875770 0.9105720 0.3119680 0.0767520 0.321284
въ противномъ случаѣ и острожные остались бы безъ
0.010204 0.030612 0.051020 0.071429 0.091837 0.112245 0.132653 0.153061 0.173469 0.193878 0.214286 0.234694 0.255102 0.275510 0.295918 0.316327 0.336735 0.357143 0.377551 0.397959 0.418367 0.438776 0.459184 0.479592 0.500000 0.520408 0.540816 0.561224 0.581633 0.602041 0.622449 0.642857 0.663265 0.683673 0.704082 0.724490 0.744898 0.765306 0.785714 0.806122 0.826531 0.846939 0.867347 0.887755 0.908163 0.928571 0.948980 0.969388 0.989796 
0 0.0740440 0.3404300 0.3621110 0.3340760 0.3632520 0.3556320 0.0751850 0.361985
всякаго караула.
0.031250 0.093750 0.156250 0.218750 0.281250 0.343750 0.406250 0.468750 0.531250 0.593750 0.656250 0.718750 0.781250 0.843750 0.906250 0.968750 
0 0.1124900 0.3788770 0.8418160 0.3669710 0.8427130 0.3898670 0.1133870 0.401773
Вечеромъ читалъ піэссу — Дядѣ чрезвычайно
0.012195 0.036585 0.060976 0.085366 0.109756 0.134146 0.158537 0.182927 0.207317 0.231707 0.256098 0.280488 0.304878 0.329268 0.353659 0.378049 0.402439 0.426829 0.451220 0.475610 0.500000 0.524390 0.548780 0.573171 0.597561 0.621951 0.646341 0.670732 0.695122 0.719512 0.743902 0.768293 0.792683 0.817073 0.841463 0.865854 0.890244 0.914634 0.939024 0.963415 0.987805 
0 0.0726770 0.4147550 0.5870390 0.4092320 0.5876290 0.4321330 0.0732670 0.437656
понравилась — Беккеру также.
0.017857 0.053571 0.089286 0.125000 0.160714 0.196429 0.232143 0.267857 0.303571 0.339286 0.375000 0.410714 0.446429 0.482143 0.517857 0.553571 0.589286 0.625000 0.660714 0.696429 0.732143 0.767857 0.803571 0.839286 0.875000 0.910714 0.946429 0.982143 
0 0.0743960 0.4501160 0.8315990 0.4426170 0.8321950 0.4676960 0.0749930 0.475195
10-го утромъ выѣхалъ въ Алексѣевское. Ночевалъ въ
0.010204 0.030612 0.051020 0.071429 0.091837 0.112245 0.132653 0.153061 0.173469 0.193878 0.214286 0.234694 0.255102 0.275510 0.295918 0.316327 0.336735 0.357143 0.377551 0.397959 0.418367 0.438776 0.459184 0.479592 0.500000 0.520408 0.540816 0.561224 0.581633 0.602041 0.622449 0.642857 0.663265 0.683673 0.704082 0.724490 0.744898 0.765306 0.785714 0.806122 0.826531 0.846939 0.867347 0.887755 0.908163 0.928571 0.948980 0.969388 0.989796 
0 0.0683310 0.4904950 0.2963330 0.4823640 0.2981750 0.5038890 0.0701740 0.512020
Болотскомъ.
0.045455 0.136364 0.227273 0.318182 0.409091 0.500000 0.590909 0.681818 0.772727 0.863636 0.954545 
0 0.0773590 0.5168360 0.9213950 0.4829830 0.9239880 0.5099240 0.0799520 0.543778
#
0.500000 
0 0.0775360 0.5446890 0.8617230 0.5313000 0.8627700 0.5568620 0.0785830 0.570251
#
0.500000 
0 0.0794300 0.5791730 0.7922180 0.5666770 0.7931250 0.5882350 0.0803370 0.600731
#
0.500000 
0 0.0804220 0.6147790 0.5355880 0.6082340 0.5363340 0.6298540 0.0811690 0.636399
#
0.500000 
0 0.0934540 0.6460130 0.8976270 0.6341010 0.8983940 0.6556630 0.0942200 0.667575
#
0.500000 
0 0.0527070 0.6833130 0.9108650 0.6758650 0.9113750 0.7003810 0.0532180 0.707828
#
0.500000 
0 0.0754400 0.7168900 0.8979080 0.7115760 0.8982810 0.7356400 0.0758130 0.740955
#
0.500000 
0 0.0745330 0.7510840 0.8899900 0.7447530 0.8904510 0.7694830 0.0749940 0.775813
#
0.500000 
0 0.0755320 0.7808150 0.8622800 0.7774390 0.8625510 0.8037530 0.0758030 0.807128
#
0.500000 
0 0.0746880 0.8166010 0.9328060 0.8130190 0.9330450 0.8368990 0.0749270 0.840481
#
0.500000 
0 0.0781340 0.8527220 0.9371410 0.8481560 0.9374170 0.8697390 0.0784100 0.874305
#
0.500000 
0 0.0772210 0.8838360 0.9240530 0.8788210 0.9243780 0.9016900 0.0775460 0.906706
#
0.500000 
0 0.0799380 0.9130880 0.9198130 0.9107910 0.9199840 0.9368870 0.0801090 0.939184
#
0.500000 
0 0.0841890 0.9453370 0.9518800 0.9400510 0.9522200 0.9633340 0.0845290 0.968620
#
0.500000 
