0 0.0857730 0.0482610 0.9469450 0.0499190 0.9468340 0.0738100 0.0856620 0.072152
20-е. Наконецъ ныне всталъ сильно. Чувство крѣ-
0.010638 0.031915 0.053191 0.074468 0.095745 0.117021 0.138298 0.159574 0.180851 0.202128 0.223404 0.244681 0.265957 0.287234 0.308511 0.329787 0.351064 0.372340 0.393617 0.414894 0.436170 0.457447 0.478723 0.500000 0.521277 0.542553 0.563830 0.585106 0.606383 0.627660 0.648936 0.670213 0.691489 0.712766 0.734043 0.755319 0.776596 0.797872 0.819149 0.840426 0.861702 0.882979 0.904255 0.925532 0.946809 0.968085 0.989362 
0 0.0710860 0.0828510 0.9237010 0.0821210 0.9237490 0.1056340 0.0711350 0.106364
пости, котораго почти годъ не чувствовалъ, исключая
0.009804 0.029412 0.049020 0.068627 0.088235 0.107843 0.127451 0.147059 0.166667 0.186275 0.205882 0.225490 0.245098 0.264706 0.284314 0.303922 0.323529 0.343137 0.362745 0.382353 0.401961 0.421569 0.441176 0.460784 0.480392 0.500000 0.519608 0.539216 0.558824 0.578431 0.598039 0.617647 0.637255 0.656863 0.676471 0.696078 0.715686 0.735294 0.754902 0.774510 0.794118 0.813725 0.833333 0.852941 0.872549 0.892157 0.911765 0.931373 0.950980 0.970588 0.990196 
0 0.0703280 0.1118190 0.9212260 0.1129460 0.9211440 0.1383290 0.0702460 0.137202
однаго дня въ Подмосковной — сей часъ пронялся сто-
0.009804 0.029412 0.049020 0.068627 0.088235 0.107843 0.127451 0.147059 0.166667 0.186275 0.205882 0.225490 0.245098 0.264706 0.284314 0.303922 0.323529 0.343137 0.362745 0.382353 0.401961 0.421569 0.441176 0.460784 0.480392 0.500000 0.519608 0.539216 0.558824 0.578431 0.598039 0.617647 0.637255 0.656863 0.676471 0.696078 0.715686 0.735294 0.754902 0.774510 0.794118 0.813725 0.833333 0.852941 0.872549 0.892157 0.911765 0.931373 0.950980 0.970588 0.990196 
0 0.0659510 0.1471980 0.9271330 0.1466200 0.9271730 0.1713800 0.0659910 0.171958
лярничатъ. Потомъ селъ за переводъ, который пошелъ
0.010000 0.030000 0.050000 0.070000 0.090000 0.110000 0.130000 0.150000 0.170000 0.190000 0.210000 0.230000 0.250000 0.270000 0.290000 0.310000 0.330000 0.350000 0.370000 0.390000 0.410000 0.430000 0.450000 0.470000 0.490000 0.510000 0.530000 0.550000 0.570000 0.590000 0.610000 0.630000 0.650000 0.670000 0.690000 0.710000 0.730000 0.750000 0.770000 0.790000 0.810000 0.830000 0.850000 0.870000 0.890000 0.910000 0.930000 0.950000 0.970000 0.990000 
0 0.0676370 0.1837220 0.8808400 0.1826400 0.8809180 0.2067090 0.0677140 0.207791
отлично. Всякія хорошія грезы посѣтили меня. Во
0.010638 0.031915 0.053191 0.074468 0.095745 0.117021 0.138298 0.159574 0.180851 0.202128 0.223404 0.244681 0.265957 0.287234 0.308511 0.329787 0.351064 0.372340 0.393617 0.414894 0.436170 0.457447 0.478723 0.500000 0.521277 0.542553 0.563830 0.585106 0.606383 0.627660 0.648936 0.670213 0.691489 0.712766 0.734043 0.755319 0.776596 0.797872 0.819149 0.840426 0.861702 0.882979 0.904255 0.925532 0.946809 0.968085 0.989362 
0 0.0701430 0.2166830 0.8867740 0.2144700 0.8869360 0.2392310 0.0703050 0.241445
2-мъ Логу можно бы сдѣлать себѣ маленькій Раёкъ
0.010638 0.031915 0.053191 0.074468 0.095745 0.117021 0.138298 0.159574 0.180851 0.202128 0.223404 0.244681 0.265957 0.287234 0.308511 0.329787 0.351064 0.372340 0.393617 0.414894 0.436170 0.457447 0.478723 0.500000 0.521277 0.542553 0.563830 0.585106 0.606383 0.627660 0.648936 0.670213 0.691489 0.712766 0.734043 0.755319 0.776596 0.797872 0.819149 0.840426 0.861702 0.882979 0.904255 0.925532 0.946809 0.968085 0.989362 
0 0.0585380 0.2535380 0.9215130 0.2444920 0.9222540 0.2737700 0.0592800 0.282817
мѣсто прекрасное; лужайки, ключи, деревья, старые
0.010204 0.030612 0.051020 0.071429 0.091837 0.112245 0.132653 0.153061 0.173469 0.193878 0.214286 0.234694 0.255102 0.275510 0.295918 0.316327 0.336735 0.357143 0.377551 0.397959 0.418367 0.438776 0.459184 0.479592 0.500000 0.520408 0.540816 0.561224 0.581633 0.602041 0.622449 0.642857 0.663265 0.683673 0.704082 0.724490 0.744898 0.765306 0.785714 0.806122 0.826531 0.846939 0.867347 0.887755 0.908163 0.928571 0.948980 0.969388 0.989796 
0 0.7266840 0.2630300 0.8723450 0.2665280 0.8710960 0.2880640 0.7254340 0.284567
всё кругомъ
0.045455 0.136364 0.227273 0.318182 0.409091 0.500000 0.590909 0.681818 0.772727 0.863636 0.954545 
0 0.0722980 0.2871210 0.9051870 0.2787380 0.9058870 0.3075430 0.0729980 0.315926
большіе дубы, много теплоты гармоніи, природа.
0.010870 0.032609 0.054348 0.076087 0.097826 0.119565 0.141304 0.163043 0.184783 0.206522 0.228261 0.250000 0.271739 0.293478 0.315217 0.336957 0.358696 0.380435 0.402174 0.423913 0.445652 0.467391 0.489130 0.510870 0.532609 0.554348 0.576087 0.597826 0.619565 0.641304 0.663043 0.684783 0.706522 0.728261 0.750000 0.771739 0.793478 0.815217 0.836957 0.858696 0.880435 0.902174 0.923913 0.945652 0.967391 0.989130 
0 0.0689200 0.3175540 0.9095570 0.3096310 0.9101850 0.3372030 0.0695480 0.345126
вся Я располагаю всё гдѣ бы быть дому, гдѣ оран-
0.010417 0.031250 0.052083 0.072917 0.093750 0.114583 0.135417 0.156250 0.177083 0.197917 0.218750 0.239583 0.260417 0.281250 0.302083 0.322917 0.343750 0.364583 0.385417 0.406250 0.427083 0.447917 0.468750 0.489583 0.510417 0.531250 0.552083 0.572917 0.593750 0.614583 0.635417 0.656250 0.677083 0.697917 0.718750 0.739583 0.760417 0.781250 0.802083 0.822917 0.843750 0.864583 0.885417 0.906250 0.927083 0.947917 0.968750 0.989583 
0 0.0689710 0.3500340 0.9259030 0.3422200 0.9264760 0.3682030 0.0695440 0.376017
жереямъ гдѣ фермѣ — и въ трудѣ тишинѣ и семей-
0.010870 0.032609 0.054348 0.076087 0.097826 0.119565 0.141304 0.163043 0.184783 0.206522 0.228261 0.250000 0.271739 0.293478 0.315217 0.336957 0.358696 0.380435 0.402174 0.423913 0.445652 0.467391 0.489130 0.510870 0.532609 0.554348 0.576087 0.597826 0.619565 0.641304 0.663043 0.684783 0.706522 0.728261 0.750000 0.771739 0.793478 0.815217 0.836957 0.858696 0.880435 0.902174 0.923913 0.945652 0.967391 0.989130 
0 0.0723030 0.3826880 0.9130040 0.3730180 0.9137080 0.3983500 0.0730070 0.408021
ствѣ провести тихую, и полезную жизнь.—. День
0.011111 0.033333 0.055556 0.077778 0.100000 0.122222 0.144444 0.166667 0.188889 0.211111 0.233333 0.255556 0.277778 0.300000 0.322222 0.344444 0.366667 0.388889 0.411111 0.433333 0.455556 0.477778 0.500000 0.522222 0.544444 0.566667 0.588889 0.611111 0.633333 0.655556 0.677778 0.700000 0.722222 0.744444 0.766667 0.788889 0.811111 0.833333 0.855556 0.877778 0.900000 0.922222 0.944444 0.966667 0.988889 
0 0.0695470 0.4173750 0.4705340 0.4108000 0.4715320 0.4359870 0.0705450 0.442562
этотъ надо замѣтить.—.
0.022727 0.068182 0.113636 0.159091 0.204545 0.250000 0.295455 0.340909 0.386364 0.431818 0.477273 0.522727 0.568182 0.613636 0.659091 0.704545 0.750000 0.795455 0.840909 0.886364 0.931818 0.977273 
0 0.0683720 0.4562450 0.8832880 0.4523650 0.8835610 0.4760690 0.0686450 0.479949
#
0.500000 
0 0.0724850 0.4897230 0.8891070 0.4819220 0.8896040 0.5034830 0.0729820 0.511284
#
0.500000 
0 0.0724350 0.5199120 0.9302070 0.5118140 0.9307480 0.5355570 0.0729770 0.543655
#
0.500000 
0 0.0699830 0.5478540 0.8685980 0.5430370 0.8689820 0.5693960 0.0703670 0.574213
#
0.500000 
0 0.0780110 0.5779040 0.8843480 0.5784760 0.8843050 0.6035960 0.0779670 0.603023
#
0.500000 
0 0.0804320 0.6072940 0.7830970 0.6054490 0.7832520 0.6298870 0.0805870 0.631732
#
0.500000 
0 0.0761240 0.6341810 0.9167400 0.6312900 0.9169310 0.6542970 0.0763150 0.657189
#
0.500000 
0 0.0844160 0.6576630 0.9421880 0.6651150 0.9416030 0.6929540 0.0838310 0.685502
#
0.500000 
0 0.0763190 0.6911730 0.8500980 0.6921590 0.8500240 0.7160760 0.0762450 0.715089
#
0.500000 
0 0.0745650 0.7214000 0.8749060 0.7216620 0.8748870 0.7466140 0.0745450 0.746353
#
0.500000 
0 0.0728230 0.7507930 0.8868770 0.7505580 0.8868940 0.7753430 0.0728410 0.775577
#
0.500000 
0 0.0767200 0.7855740 0.9130630 0.7789440 0.9135810 0.8059900 0.0772380 0.812620
#
0.500000 
0 0.0751990 0.8175000 0.8729510 0.8139530 0.8732440 0.8411710 0.0754920 0.844718
#
0.500000 
0 0.0758930 0.8541200 0.4152220 0.8507010 0.4157470 0.8722730 0.0764180 0.875692
#
0.500000 
0 0.0777180 0.8775730 0.9183050 0.8889650 0.9175110 0.9132010 0.0769240 0.901809
#
0.500000 
0 0.0940610 0.9131560 0.9253220 0.9280940 0.9242650 0.9524370 0.0930040 0.937499
#
0.500000 
