0 0.0420130 0.0703700 0.8628730 0.0644920 0.8633070 0.0893970 0.0424470 0.095275
до 20° Р. Утра и вечера были совершенно теплые.
0.010638 0.031915 0.053191 0.074468 0.095745 0.117021 0.138298 0.159574 0.180851 0.202128 0.223404 0.244681 0.265957 0.287234 0.308511 0.329787 0.351064 0.372340 0.393617 0.414894 0.436170 0.457447 0.478723 0.500000 0.521277 0.542553 0.563830 0.585106 0.606383 0.627660 0.648936 0.670213 0.691489 0.712766 0.734043 0.755319 0.776596 0.797872 0.819149 0.840426 0.861702 0.882979 0.904255 0.925532 0.946809 0.968085 0.989362 
0 0.3107510 0.0995740 0.4160530 0.0976390 0.4170190 0.1192270 0.3117170 0.121162
хорошо
0.083333 0.250000 0.416667 0.583333 0.750000 0.916667 
0 0.5929920 0.0948220 0.8333110 0.0995360 0.8322740 0.1212250 0.5919550 0.116511
#
0.500000 
0 0.0612020 0.1159690 0.8730830 0.1158880 0.8730890 0.1415250 0.0612080 0.141606
27. число было свѣжо. Вечеръ довольно холодный,
0.010638 0.031915 0.053191 0.074468 0.095745 0.117021 0.138298 0.159574 0.180851 0.202128 0.223404 0.244681 0.265957 0.287234 0.308511 0.329787 0.351064 0.372340 0.393617 0.414894 0.436170 0.457447 0.478723 0.500000 0.521277 0.542553 0.563830 0.585106 0.606383 0.627660 0.648936 0.670213 0.691489 0.712766 0.734043 0.755319 0.776596 0.797872 0.819149 0.840426 0.861702 0.882979 0.904255 0.925532 0.946809 0.968085 0.989362 
0 0.7242410 0.1328270 0.8493470 0.1347250 0.8485490 0.1563300 0.7234430 0.154432
#
0.500000 
0 0.0561670 0.1589620 0.5548040 0.1522240 0.5555530 0.1749720 0.0569160 0.181711
#
0.500000 
0 0.0647630 0.1951930 0.7740350 0.1944900 0.7740930 0.2187040 0.0648210 0.219407
#
0.500000 
0 0.4912160 0.2136380 0.7738630 0.2121060 0.7741750 0.2357690 0.4915290 0.237301
#
0.500000 
0 0.0554420 0.2364440 0.7061900 0.2299740 0.7068100 0.2555550 0.0560620 0.262025
#
0.500000 
0 0.1579790 0.2544130 0.2587890 0.2532450 0.2593980 0.2748420 0.1585880 0.276010
#
0.500000 
0 0.0591300 0.2726260 0.8169950 0.2678690 0.8173730 0.2926200 0.0595090 0.297378
#
0.500000 
0 0.1653640 0.3139820 0.8826880 0.3096180 0.8830770 0.3358730 0.1657530 0.340237
#
0.500000 
0 0.1817480 0.3446740 0.8504960 0.3434450 0.8506120 0.3693220 0.1818630 0.370550
#
0.500000 
0 0.1367320 0.3769130 0.7280900 0.3756040 0.7282060 0.3972470 0.1368480 0.398556
#
0.500000 
0 0.0442130 0.4048710 0.8533820 0.4066120 0.8532420 0.4333460 0.0440730 0.431606
#
0.500000 
0 0.0969840 0.4367910 0.7837490 0.4330640 0.7840580 0.4564030 0.0972930 0.460130
#
0.500000 
0 0.0439820 0.4782320 0.6307050 0.4643420 0.6322090 0.4904250 0.0454860 0.504315
#
0.500000 
0 0.0473360 0.5155670 0.6584880 0.5094030 0.6591040 0.5344760 0.0479520 0.540640
#
0.500000 
0 0.0565270 0.5482080 0.8792100 0.5448700 0.8794500 0.5690960 0.0567660 0.572434
#
0.500000 
0 0.1551900 0.5692020 0.4963140 0.5642940 0.4971330 0.5876700 0.1560090 0.592579
#
0.500000 
0 0.0436170 0.5904120 0.9086200 0.5793990 0.9094800 0.6071280 0.0444770 0.618141
#
0.500000 
0 0.0908380 0.6202400 0.5516850 0.6194700 0.5517810 0.6431000 0.0909340 0.643869
#
0.500000 
0 0.0519280 0.6617950 0.4515660 0.6588080 0.4519590 0.6804170 0.0523210 0.683404
#
0.500000 
0 0.0599870 0.6982810 0.8746170 0.6923570 0.8750440 0.7164430 0.0604140 0.722367
#
0.500000 
0 0.0681120 0.7358660 0.8925770 0.7292140 0.8930890 0.7552790 0.0686240 0.761931
#
0.500000 
0 0.0588060 0.7766920 0.3621420 0.7722550 0.3629630 0.7952870 0.0596260 0.799724
#
0.500000 
0 0.0409900 0.8095610 0.9014820 0.8011680 0.9020440 0.8247980 0.0415510 0.833191
#
0.500000 
0 0.0925400 0.8444500 0.9089520 0.8413500 0.9091880 0.8668810 0.0927760 0.869980
#
0.500000 
0 0.0937430 0.8802160 0.4618790 0.8815320 0.4616900 0.9031710 0.0935550 0.901856
#
0.500000 
0 0.0385240 0.9166680 0.9233170 0.9130810 0.9235570 0.9373550 0.0387640 0.940942
#
0.500000 
0 0.2757180 0.9465760 0.6618550 0.9495740 0.6614460 0.9711830 0.2753090 0.968186
#
0.500000 
