0 0.1028520 0.0448140 0.2961480 0.0435330 0.2964900 0.0651410 0.1031940 0.066422
1856. Мартъ
0.045455 0.136364 0.227273 0.318182 0.409091 0.500000 0.590909 0.681818 0.772727 0.863636 0.954545 
0 0.1495160 0.0900910 0.9656690 0.0907670 0.9656240 0.1138620 0.1494710 0.113186
и о патріотизмѣ откупщика Кокорева. Особливо трога-
0.009804 0.029412 0.049020 0.068627 0.088235 0.107843 0.127451 0.147059 0.166667 0.186275 0.205882 0.225490 0.245098 0.264706 0.284314 0.303922 0.323529 0.343137 0.362745 0.382353 0.401961 0.421569 0.441176 0.460784 0.480392 0.500000 0.519608 0.539216 0.558824 0.578431 0.598039 0.617647 0.637255 0.656863 0.676471 0.696078 0.715686 0.735294 0.754902 0.774510 0.794118 0.813725 0.833333 0.852941 0.872549 0.892157 0.911765 0.931373 0.950980 0.970588 0.990196 
0 0.1537440 0.1241400 0.9621660 0.1233930 0.9622200 0.1475780 0.1537970 0.148325
теленъ его земной поклонъ сѣвастопольскимъ мо-
0.010870 0.032609 0.054348 0.076087 0.097826 0.119565 0.141304 0.163043 0.184783 0.206522 0.228261 0.250000 0.271739 0.293478 0.315217 0.336957 0.358696 0.380435 0.402174 0.423913 0.445652 0.467391 0.489130 0.510870 0.532609 0.554348 0.576087 0.597826 0.619565 0.641304 0.663043 0.684783 0.706522 0.728261 0.750000 0.771739 0.793478 0.815217 0.836957 0.858696 0.880435 0.902174 0.923913 0.945652 0.967391 0.989130 
0 0.1562770 0.1542850 0.9578230 0.1525110 0.9579370 0.1741250 0.1563910 0.175899
рякамъ. По этому случаю я замѣтилъ, что во всѣхъ
0.010417 0.031250 0.052083 0.072917 0.093750 0.114583 0.135417 0.156250 0.177083 0.197917 0.218750 0.239583 0.260417 0.281250 0.302083 0.322917 0.343750 0.364583 0.385417 0.406250 0.427083 0.447917 0.468750 0.489583 0.510417 0.531250 0.552083 0.572917 0.593750 0.614583 0.635417 0.656250 0.677083 0.697917 0.718750 0.739583 0.760417 0.781250 0.802083 0.822917 0.843750 0.864583 0.885417 0.906250 0.927083 0.947917 0.968750 0.989583 
0 0.1538860 0.1864340 0.9502770 0.1887430 0.9501280 0.2103470 0.1537370 0.208038
подобныхъ оказіяхъ Откупщики болѣе прочихъ
0.011905 0.035714 0.059524 0.083333 0.107143 0.130952 0.154762 0.178571 0.202381 0.226190 0.250000 0.273810 0.297619 0.321429 0.345238 0.369048 0.392857 0.416667 0.440476 0.464286 0.488095 0.511905 0.535714 0.559524 0.583333 0.607143 0.630952 0.654762 0.678571 0.702381 0.726190 0.750000 0.773810 0.797619 0.821429 0.845238 0.869048 0.892857 0.916667 0.940476 0.964286 0.988095 
0 0.1536020 0.2226530 0.9628790 0.2186900 0.9631320 0.2402760 0.1538540 0.244239
отличаются у насъ на Руси самыми живыми
0.012821 0.038462 0.064103 0.089744 0.115385 0.141026 0.166667 0.192308 0.217949 0.243590 0.269231 0.294872 0.320513 0.346154 0.371795 0.397436 0.423077 0.448718 0.474359 0.500000 0.525641 0.551282 0.576923 0.602564 0.628205 0.653846 0.679487 0.705128 0.730769 0.756410 0.782051 0.807692 0.833333 0.858974 0.884615 0.910256 0.935897 0.961538 0.987179 
0 0.1528440 0.2545140 0.9689980 0.2529930 0.9691020 0.2763550 0.1529480 0.277875
чувствами патріотизма — обобравъ крещеный на-
0.011111 0.033333 0.055556 0.077778 0.100000 0.122222 0.144444 0.166667 0.188889 0.211111 0.233333 0.255556 0.277778 0.300000 0.322222 0.344444 0.366667 0.388889 0.411111 0.433333 0.455556 0.477778 0.500000 0.522222 0.544444 0.566667 0.588889 0.611111 0.633333 0.655556 0.677778 0.700000 0.722222 0.744444 0.766667 0.788889 0.811111 0.833333 0.855556 0.877778 0.900000 0.922222 0.944444 0.966667 0.988889 
0 0.1500030 0.2921740 0.9704490 0.2854590 0.9709110 0.3090910 0.1504650 0.315806
родъ, и составивши милліоны изъ Грошей пропитыхъ
0.010417 0.031250 0.052083 0.072917 0.093750 0.114583 0.135417 0.156250 0.177083 0.197917 0.218750 0.239583 0.260417 0.281250 0.302083 0.322917 0.343750 0.364583 0.385417 0.406250 0.427083 0.447917 0.468750 0.489583 0.510417 0.531250 0.552083 0.572917 0.593750 0.614583 0.635417 0.656250 0.677083 0.697917 0.718750 0.739583 0.760417 0.781250 0.802083 0.822917 0.843750 0.864583 0.885417 0.906250 0.927083 0.947917 0.968750 0.989583 
0 0.1502410 0.3277090 0.9724060 0.3254010 0.9725510 0.3470040 0.1503860 0.349313
именно теми у кого этотъ Грошъ послѣдній, пусти-
0.010417 0.031250 0.052083 0.072917 0.093750 0.114583 0.135417 0.156250 0.177083 0.197917 0.218750 0.239583 0.260417 0.281250 0.302083 0.322917 0.343750 0.364583 0.385417 0.406250 0.427083 0.447917 0.468750 0.489583 0.510417 0.531250 0.552083 0.572917 0.593750 0.614583 0.635417 0.656250 0.677083 0.697917 0.718750 0.739583 0.760417 0.781250 0.802083 0.822917 0.843750 0.864583 0.885417 0.906250 0.927083 0.947917 0.968750 0.989583 
0 0.1502250 0.3574690 0.9766920 0.3551510 0.9768520 0.3789530 0.1503840 0.381271
вши по міру цѣлые области, они всегда изъявляютъ
0.010417 0.031250 0.052083 0.072917 0.093750 0.114583 0.135417 0.156250 0.177083 0.197917 0.218750 0.239583 0.260417 0.281250 0.302083 0.322917 0.343750 0.364583 0.385417 0.406250 0.427083 0.447917 0.468750 0.489583 0.510417 0.531250 0.552083 0.572917 0.593750 0.614583 0.635417 0.656250 0.677083 0.697917 0.718750 0.739583 0.760417 0.781250 0.802083 0.822917 0.843750 0.864583 0.885417 0.906250 0.927083 0.947917 0.968750 0.989583 
0 0.1555780 0.3877390 0.9734480 0.3892090 0.9733420 0.4140520 0.1554710 0.412582
особенную готовность пожертвовать нѣсколько тысячъ
0.010000 0.030000 0.050000 0.070000 0.090000 0.110000 0.130000 0.150000 0.170000 0.190000 0.210000 0.230000 0.250000 0.270000 0.290000 0.310000 0.330000 0.350000 0.370000 0.390000 0.410000 0.430000 0.450000 0.470000 0.490000 0.510000 0.530000 0.550000 0.570000 0.590000 0.610000 0.630000 0.650000 0.670000 0.690000 0.710000 0.730000 0.750000 0.770000 0.790000 0.810000 0.830000 0.850000 0.870000 0.890000 0.910000 0.930000 0.950000 0.970000 0.990000 
0 0.1572870 0.4232760 0.9760170 0.4247090 0.9759200 0.4479810 0.1571900 0.446549
рублей для бѣдныхъ, на пріюты дѣтей пропившихся
0.010638 0.031915 0.053191 0.074468 0.095745 0.117021 0.138298 0.159574 0.180851 0.202128 0.223404 0.244681 0.265957 0.287234 0.308511 0.329787 0.351064 0.372340 0.393617 0.414894 0.436170 0.457447 0.478723 0.500000 0.521277 0.542553 0.563830 0.585106 0.606383 0.627660 0.648936 0.670213 0.691489 0.712766 0.734043 0.755319 0.776596 0.797872 0.819149 0.840426 0.861702 0.882979 0.904255 0.925532 0.946809 0.968085 0.989362 
0 0.1543090 0.4610270 0.9755870 0.4541210 0.9760660 0.4779280 0.1547870 0.484834
обывателей и вообще на всѣ патріотическія цѣли
0.010870 0.032609 0.054348 0.076087 0.097826 0.119565 0.141304 0.163043 0.184783 0.206522 0.228261 0.250000 0.271739 0.293478 0.315217 0.336957 0.358696 0.380435 0.402174 0.423913 0.445652 0.467391 0.489130 0.510870 0.532609 0.554348 0.576087 0.597826 0.619565 0.641304 0.663043 0.684783 0.706522 0.728261 0.750000 0.771739 0.793478 0.815217 0.836957 0.858696 0.880435 0.902174 0.923913 0.945652 0.967391 0.989130 
0 0.1517330 0.4952850 0.9721820 0.4887310 0.9726290 0.5121380 0.1521800 0.518692
находящіеся въ распоряженіи правительства — трога-
0.010000 0.030000 0.050000 0.070000 0.090000 0.110000 0.130000 0.150000 0.170000 0.190000 0.210000 0.230000 0.250000 0.270000 0.290000 0.310000 0.330000 0.350000 0.370000 0.390000 0.410000 0.430000 0.450000 0.470000 0.490000 0.510000 0.530000 0.550000 0.570000 0.590000 0.610000 0.630000 0.650000 0.670000 0.690000 0.710000 0.730000 0.750000 0.770000 0.790000 0.810000 0.830000 0.850000 0.870000 0.890000 0.910000 0.930000 0.950000 0.970000 0.990000 
0 0.1469290 0.5234930 0.9562060 0.5238960 0.9561770 0.5483710 0.1469000 0.547968
тельное зрѣлище! Никогда не прохожу я мимо
0.011905 0.035714 0.059524 0.083333 0.107143 0.130952 0.154762 0.178571 0.202381 0.226190 0.250000 0.273810 0.297619 0.321429 0.345238 0.369048 0.392857 0.416667 0.440476 0.464286 0.488095 0.511905 0.535714 0.559524 0.583333 0.607143 0.630952 0.654762 0.678571 0.702381 0.726190 0.750000 0.773810 0.797619 0.821429 0.845238 0.869048 0.892857 0.916667 0.940476 0.964286 0.988095 
0 0.1451600 0.5533840 0.9716190 0.5528370 0.9716590 0.5779840 0.1451990 0.578531
зеркальныхъ оконъ и трехъэтажныхъ палатъ откуп-
0.010638 0.031915 0.053191 0.074468 0.095745 0.117021 0.138298 0.159574 0.180851 0.202128 0.223404 0.244681 0.265957 0.287234 0.308511 0.329787 0.351064 0.372340 0.393617 0.414894 0.436170 0.457447 0.478723 0.500000 0.521277 0.542553 0.563830 0.585106 0.606383 0.627660 0.648936 0.670213 0.691489 0.712766 0.734043 0.755319 0.776596 0.797872 0.819149 0.840426 0.861702 0.882979 0.904255 0.925532 0.946809 0.968085 0.989362 
0 0.1460480 0.5853340 0.8771480 0.5853340 0.8771480 0.6063340 0.1460480 0.606334
щиковъ Рюмина, Кошелева, Бородина, Воронова,
0.011364 0.034091 0.056818 0.079545 0.102273 0.125000 0.147727 0.170455 0.193182 0.215909 0.238636 0.261364 0.284091 0.306818 0.329545 0.352273 0.375000 0.397727 0.420455 0.443182 0.465909 0.488636 0.511364 0.534091 0.556818 0.579545 0.602273 0.625000 0.647727 0.670455 0.693182 0.715909 0.738636 0.761364 0.784091 0.806818 0.829545 0.852273 0.875000 0.897727 0.920455 0.943182 0.965909 0.988636 
0 0.1440670 0.6176340 0.9808520 0.6118920 0.9812450 0.6358760 0.1444600 0.641617
и др. чтобы не подивиться какъ изъ малаго составля-
0.009804 0.029412 0.049020 0.068627 0.088235 0.107843 0.127451 0.147059 0.166667 0.186275 0.205882 0.225490 0.245098 0.264706 0.284314 0.303922 0.323529 0.343137 0.362745 0.382353 0.401961 0.421569 0.441176 0.460784 0.480392 0.500000 0.519608 0.539216 0.558824 0.578431 0.598039 0.617647 0.637255 0.656863 0.676471 0.696078 0.715686 0.735294 0.754902 0.774510 0.794118 0.813725 0.833333 0.852941 0.872549 0.892157 0.911765 0.931373 0.950980 0.970588 0.990196 
0 0.1408570 0.6451850 0.9716110 0.6445410 0.9716610 0.6713700 0.1409070 0.672014
ется большое, и не размыслить сколько должно
0.011364 0.034091 0.056818 0.079545 0.102273 0.125000 0.147727 0.170455 0.193182 0.215909 0.238636 0.261364 0.284091 0.306818 0.329545 0.352273 0.375000 0.397727 0.420455 0.443182 0.465909 0.488636 0.511364 0.534091 0.556818 0.579545 0.602273 0.625000 0.647727 0.670455 0.693182 0.715909 0.738636 0.761364 0.784091 0.806818 0.829545 0.852273 0.875000 0.897727 0.920455 0.943182 0.965909 0.988636 
0 0.1390510 0.6781740 0.9809750 0.6758520 0.9811390 0.7008300 0.1392150 0.703152
было пропиться и отпиться мужиковъ, чтобы эти
0.011111 0.033333 0.055556 0.077778 0.100000 0.122222 0.144444 0.166667 0.188889 0.211111 0.233333 0.255556 0.277778 0.300000 0.322222 0.344444 0.366667 0.388889 0.411111 0.433333 0.455556 0.477778 0.500000 0.522222 0.544444 0.566667 0.588889 0.611111 0.633333 0.655556 0.677778 0.700000 0.722222 0.744444 0.766667 0.788889 0.811111 0.833333 0.855556 0.877778 0.900000 0.922222 0.944444 0.966667 0.988889 
0 0.1395970 0.7107850 0.9806710 0.7016480 0.9812690 0.7247040 0.1401960 0.733840
кварты и чарки совокупя вмѣстѣ составили эти
0.011364 0.034091 0.056818 0.079545 0.102273 0.125000 0.147727 0.170455 0.193182 0.215909 0.238636 0.261364 0.284091 0.306818 0.329545 0.352273 0.375000 0.397727 0.420455 0.443182 0.465909 0.488636 0.511364 0.534091 0.556818 0.579545 0.602273 0.625000 0.647727 0.670455 0.693182 0.715909 0.738636 0.761364 0.784091 0.806818 0.829545 0.852273 0.875000 0.897727 0.920455 0.943182 0.965909 0.988636 
0 0.1381690 0.7423870 0.9809510 0.7389760 0.9811600 0.7605650 0.1383770 0.763976
палаты, сколько пропито и запито дарованій, спосо-
0.010000 0.030000 0.050000 0.070000 0.090000 0.110000 0.130000 0.150000 0.170000 0.190000 0.210000 0.230000 0.250000 0.270000 0.290000 0.310000 0.330000 0.350000 0.370000 0.390000 0.410000 0.430000 0.450000 0.470000 0.490000 0.510000 0.530000 0.550000 0.570000 0.590000 0.610000 0.630000 0.650000 0.670000 0.690000 0.710000 0.730000 0.750000 0.770000 0.790000 0.810000 0.830000 0.850000 0.870000 0.890000 0.910000 0.930000 0.950000 0.970000 0.990000 
0 0.1400900 0.7717200 0.9699860 0.7729770 0.9699080 0.7945990 0.1400120 0.793342
бностей, здоровья, силъ, сколько кочергою или оглоблею
0.009259 0.027778 0.046296 0.064815 0.083333 0.101852 0.120370 0.138889 0.157407 0.175926 0.194444 0.212963 0.231481 0.250000 0.268519 0.287037 0.305556 0.324074 0.342593 0.361111 0.379630 0.398148 0.416667 0.435185 0.453704 0.472222 0.490741 0.509259 0.527778 0.546296 0.564815 0.583333 0.601852 0.620370 0.638889 0.657407 0.675926 0.694444 0.712963 0.731481 0.750000 0.768519 0.787037 0.805556 0.824074 0.842593 0.861111 0.879630 0.898148 0.916667 0.935185 0.953704 0.972222 0.990741 
0 0.1460420 0.8032510 0.9613340 0.8031250 0.9613430 0.8263950 0.1460500 0.826522
бито жёнъ, невестокъ, и всей фамиліи, чтобы эти
0.010638 0.031915 0.053191 0.074468 0.095745 0.117021 0.138298 0.159574 0.180851 0.202128 0.223404 0.244681 0.265957 0.287234 0.308511 0.329787 0.351064 0.372340 0.393617 0.414894 0.436170 0.457447 0.478723 0.500000 0.521277 0.542553 0.563830 0.585106 0.606383 0.627660 0.648936 0.670213 0.691489 0.712766 0.734043 0.755319 0.776596 0.797872 0.819149 0.840426 0.861702 0.882979 0.904255 0.925532 0.946809 0.968085 0.989362 
0 0.1487600 0.8344430 0.9838540 0.8370950 0.9836310 0.8664970 0.1485370 0.863846
патріотизмомъ проникнутые Сыны отечества, подъѣзжая
0.009804 0.029412 0.049020 0.068627 0.088235 0.107843 0.127451 0.147059 0.166667 0.186275 0.205882 0.225490 0.245098 0.264706 0.284314 0.303922 0.323529 0.343137 0.362745 0.382353 0.401961 0.421569 0.441176 0.460784 0.480392 0.500000 0.519608 0.539216 0.558824 0.578431 0.598039 0.617647 0.637255 0.656863 0.676471 0.696078 0.715686 0.735294 0.754902 0.774510 0.794118 0.813725 0.833333 0.852941 0.872549 0.892157 0.911765 0.931373 0.950980 0.970588 0.990196 
0 0.1496200 0.8651000 0.9725980 0.8671570 0.9724200 0.8970180 0.1494410 0.894962
на парѣ гнѣдыхъ къ дому Градоначальниковъ по
0.011364 0.034091 0.056818 0.079545 0.102273 0.125000 0.147727 0.170455 0.193182 0.215909 0.238636 0.261364 0.284091 0.306818 0.329545 0.352273 0.375000 0.397727 0.420455 0.443182 0.465909 0.488636 0.511364 0.534091 0.556818 0.579545 0.602273 0.625000 0.647727 0.670455 0.693182 0.715909 0.738636 0.761364 0.784091 0.806818 0.829545 0.852273 0.875000 0.897727 0.920455 0.943182 0.965909 0.988636 
0 0.1507940 0.9072330 0.9213740 0.9154230 0.9207710 0.9391480 0.1501910 0.930958
движенію ихъ сердецъ приносили на картонный и
0.011111 0.033333 0.055556 0.077778 0.100000 0.122222 0.144444 0.166667 0.188889 0.211111 0.233333 0.255556 0.277778 0.300000 0.322222 0.344444 0.366667 0.388889 0.411111 0.433333 0.455556 0.477778 0.500000 0.522222 0.544444 0.566667 0.588889 0.611111 0.633333 0.655556 0.677778 0.700000 0.722222 0.744444 0.766667 0.788889 0.811111 0.833333 0.855556 0.877778 0.900000 0.922222 0.944444 0.966667 0.988889 
