0 0.0742130 0.1262930 0.8769120 0.1293840 0.8767680 0.1534420 0.0740680 0.150351
уже великъ. Овсы вообще удивительные. Но овесъ на Марьиномъ
0.008475 0.025424 0.042373 0.059322 0.076271 0.093220 0.110169 0.127119 0.144068 0.161017 0.177966 0.194915 0.211864 0.228814 0.245763 0.262712 0.279661 0.296610 0.313559 0.330508 0.347458 0.364407 0.381356 0.398305 0.415254 0.432203 0.449153 0.466102 0.483051 0.500000 0.516949 0.533898 0.550847 0.567797 0.584746 0.601695 0.618644 0.635593 0.652542 0.669492 0.686441 0.703390 0.720339 0.737288 0.754237 0.771186 0.788136 0.805085 0.822034 0.838983 0.855932 0.872881 0.889831 0.906780 0.923729 0.940678 0.957627 0.974576 0.991525 
0 0.0759070 0.1721670 0.8896610 0.1684590 0.8898400 0.1938130 0.0760870 0.197521
лугу превосходенъ. Около поляны верьха необыкновенно хорошо.
0.008333 0.025000 0.041667 0.058333 0.075000 0.091667 0.108333 0.125000 0.141667 0.158333 0.175000 0.191667 0.208333 0.225000 0.241667 0.258333 0.275000 0.291667 0.308333 0.325000 0.341667 0.358333 0.375000 0.391667 0.408333 0.425000 0.441667 0.458333 0.475000 0.491667 0.508333 0.525000 0.541667 0.558333 0.575000 0.591667 0.608333 0.625000 0.641667 0.658333 0.675000 0.691667 0.708333 0.725000 0.741667 0.758333 0.775000 0.791667 0.808333 0.825000 0.841667 0.858333 0.875000 0.891667 0.908333 0.925000 0.941667 0.958333 0.975000 0.991667 
0 0.0779160 0.2096150 0.9292060 0.2083080 0.9292730 0.2366210 0.0779840 0.237928
Густой дубовый лѣсъ съ его черназеленой зеленью листвой обнятъ кругомъ
0.007143 0.021429 0.035714 0.050000 0.064286 0.078571 0.092857 0.107143 0.121429 0.135714 0.150000 0.164286 0.178571 0.192857 0.207143 0.221429 0.235714 0.250000 0.264286 0.278571 0.292857 0.307143 0.321429 0.335714 0.350000 0.364286 0.378571 0.392857 0.407143 0.421429 0.435714 0.450000 0.464286 0.478571 0.492857 0.507143 0.521429 0.535714 0.550000 0.564286 0.578571 0.592857 0.607143 0.621429 0.635714 0.650000 0.664286 0.678571 0.692857 0.707143 0.721429 0.735714 0.750000 0.764286 0.778571 0.792857 0.807143 0.821429 0.835714 0.850000 0.864286 0.878571 0.892857 0.907143 0.921429 0.935714 0.950000 0.964286 0.978571 0.992857 
0 0.0781140 0.2442590 0.9241240 0.2487270 0.9239150 0.2740980 0.0779050 0.269630
роскошными коврами овса и гречи, воздухъ проникнутъ легко мягкимъ
0.007692 0.023077 0.038462 0.053846 0.069231 0.084615 0.100000 0.115385 0.130769 0.146154 0.161538 0.176923 0.192308 0.207692 0.223077 0.238462 0.253846 0.269231 0.284615 0.300000 0.315385 0.330769 0.346154 0.361538 0.376923 0.392308 0.407692 0.423077 0.438462 0.453846 0.469231 0.484615 0.500000 0.515385 0.530769 0.546154 0.561538 0.576923 0.592308 0.607692 0.623077 0.638462 0.653846 0.669231 0.684615 0.700000 0.715385 0.730769 0.746154 0.761538 0.776923 0.792308 0.807692 0.823077 0.838462 0.853846 0.869231 0.884615 0.900000 0.915385 0.930769 0.946154 0.961538 0.976923 0.992308 
0 0.0842520 0.2820910 0.8802100 0.2833170 0.8801580 0.3047440 0.0842010 0.303518
запахомъ Сурепицы, Детали въ лѣсѣ удивительныя. Я ѣхалъ на
0.008621 0.025862 0.043103 0.060345 0.077586 0.094828 0.112069 0.129310 0.146552 0.163793 0.181034 0.198276 0.215517 0.232759 0.250000 0.267241 0.284483 0.301724 0.318966 0.336207 0.353448 0.370690 0.387931 0.405172 0.422414 0.439655 0.456897 0.474138 0.491379 0.508621 0.525862 0.543103 0.560345 0.577586 0.594828 0.612069 0.629310 0.646552 0.663793 0.681034 0.698276 0.715517 0.732759 0.750000 0.767241 0.784483 0.801724 0.818966 0.836207 0.853448 0.870690 0.887931 0.905172 0.922414 0.939655 0.956897 0.974138 0.991379 
0 0.0841180 0.3177020 0.9277170 0.3148530 0.9278470 0.3395900 0.0842480 0.342440
Миссъ Лоло, которая одна изъ лучшихъ лошадей, которыхъ я видалъ —
0.007692 0.023077 0.038462 0.053846 0.069231 0.084615 0.100000 0.115385 0.130769 0.146154 0.161538 0.176923 0.192308 0.207692 0.223077 0.238462 0.253846 0.269231 0.284615 0.300000 0.315385 0.330769 0.346154 0.361538 0.376923 0.392308 0.407692 0.423077 0.438462 0.453846 0.469231 0.484615 0.500000 0.515385 0.530769 0.546154 0.561538 0.576923 0.592308 0.607692 0.623077 0.638462 0.653846 0.669231 0.684615 0.700000 0.715385 0.730769 0.746154 0.761538 0.776923 0.792308 0.807692 0.823077 0.838462 0.853846 0.869231 0.884615 0.900000 0.915385 0.930769 0.946154 0.961538 0.976923 0.992308 
0 0.0822640 0.3499470 0.9022850 0.3491150 0.9023210 0.3719390 0.0823000 0.372771
вкругъ меня рыскалъ Морокъ. Вся степь съ лѣсами и полями и
0.008621 0.025862 0.043103 0.060345 0.077586 0.094828 0.112069 0.129310 0.146552 0.163793 0.181034 0.198276 0.215517 0.232759 0.250000 0.267241 0.284483 0.301724 0.318966 0.336207 0.353448 0.370690 0.387931 0.405172 0.422414 0.439655 0.456897 0.474138 0.491379 0.508621 0.525862 0.543103 0.560345 0.577586 0.594828 0.612069 0.629310 0.646552 0.663793 0.681034 0.698276 0.715517 0.732759 0.750000 0.767241 0.784483 0.801724 0.818966 0.836207 0.853448 0.870690 0.887931 0.905172 0.922414 0.939655 0.956897 0.974138 0.991379 
0 0.0852140 0.3842890 0.8903150 0.3855150 0.8902640 0.4069420 0.0851630 0.405716
далекими деревнями — моя. Растительность странно-пышная —
0.008772 0.026316 0.043860 0.061404 0.078947 0.096491 0.114035 0.131579 0.149123 0.166667 0.184211 0.201754 0.219298 0.236842 0.254386 0.271930 0.289474 0.307018 0.324561 0.342105 0.359649 0.377193 0.394737 0.412281 0.429825 0.447368 0.464912 0.482456 0.500000 0.517544 0.535088 0.552632 0.570175 0.587719 0.605263 0.622807 0.640351 0.657895 0.675439 0.692982 0.710526 0.728070 0.745614 0.763158 0.780702 0.798246 0.815789 0.833333 0.850877 0.868421 0.885965 0.903509 0.921053 0.938596 0.956140 0.973684 0.991228 
0 0.0875340 0.4165620 0.8690570 0.4149690 0.8691330 0.4389250 0.0876100 0.440519
Хорошо быть писателемъ — недурно быть и владѣтелемъ. Я
0.009259 0.027778 0.046296 0.064815 0.083333 0.101852 0.120370 0.138889 0.157407 0.175926 0.194444 0.212963 0.231481 0.250000 0.268519 0.287037 0.305556 0.324074 0.342593 0.361111 0.379630 0.398148 0.416667 0.435185 0.453704 0.472222 0.490741 0.509259 0.527778 0.546296 0.564815 0.583333 0.601852 0.620370 0.638889 0.657407 0.675926 0.694444 0.712963 0.731481 0.750000 0.768519 0.787037 0.805556 0.824074 0.842593 0.861111 0.879630 0.898148 0.916667 0.935185 0.953704 0.972222 0.990741 
0 0.0901370 0.4516700 0.8567330 0.4562690 0.8564970 0.4815340 0.0899010 0.476935
проѣхалъ хуторъ и въѣхалъ въ Осинникъ. Мой березовый запускъ
0.008333 0.025000 0.041667 0.058333 0.075000 0.091667 0.108333 0.125000 0.141667 0.158333 0.175000 0.191667 0.208333 0.225000 0.241667 0.258333 0.275000 0.291667 0.308333 0.325000 0.341667 0.358333 0.375000 0.391667 0.408333 0.425000 0.441667 0.458333 0.475000 0.491667 0.508333 0.525000 0.541667 0.558333 0.575000 0.591667 0.608333 0.625000 0.641667 0.658333 0.675000 0.691667 0.708333 0.725000 0.741667 0.758333 0.775000 0.791667 0.808333 0.825000 0.841667 0.858333 0.875000 0.891667 0.908333 0.925000 0.941667 0.958333 0.975000 0.991667 
0 0.0913290 0.4940630 0.8954450 0.4904510 0.8956200 0.5154840 0.0915040 0.519096
подымается. Между крайней группою дубовъ что къ колошковской
0.008333 0.025000 0.041667 0.058333 0.075000 0.091667 0.108333 0.125000 0.141667 0.158333 0.175000 0.191667 0.208333 0.225000 0.241667 0.258333 0.275000 0.291667 0.308333 0.325000 0.341667 0.358333 0.375000 0.391667 0.408333 0.425000 0.441667 0.458333 0.475000 0.491667 0.508333 0.525000 0.541667 0.558333 0.575000 0.591667 0.608333 0.625000 0.641667 0.658333 0.675000 0.691667 0.708333 0.725000 0.741667 0.758333 0.775000 0.791667 0.808333 0.825000 0.841667 0.858333 0.875000 0.891667 0.908333 0.925000 0.941667 0.958333 0.975000 0.991667 
0 0.0773280 0.5310000 0.8169850 0.5263710 0.8172210 0.5505670 0.0775630 0.555197
дорогѣ березки поднялись въ ростъ человѣка. Вообще въ ны
0.008929 0.026786 0.044643 0.062500 0.080357 0.098214 0.116071 0.133929 0.151786 0.169643 0.187500 0.205357 0.223214 0.241071 0.258929 0.276786 0.294643 0.312500 0.330357 0.348214 0.366071 0.383929 0.401786 0.419643 0.437500 0.455357 0.473214 0.491071 0.508929 0.526786 0.544643 0.562500 0.580357 0.598214 0.616071 0.633929 0.651786 0.669643 0.687500 0.705357 0.723214 0.741071 0.758929 0.776786 0.794643 0.812500 0.830357 0.848214 0.866071 0.883929 0.901786 0.919643 0.937500 0.955357 0.973214 0.991071 
0 0.0885840 0.5642760 0.8989740 0.5653630 0.8989240 0.5890390 0.0885340 0.587951
нѣшнемъ году необыкновенно то, что ростъ березы и дуба сильный
0.008065 0.024194 0.040323 0.056452 0.072581 0.088710 0.104839 0.120968 0.137097 0.153226 0.169355 0.185484 0.201613 0.217742 0.233871 0.250000 0.266129 0.282258 0.298387 0.314516 0.330645 0.346774 0.362903 0.379032 0.395161 0.411290 0.427419 0.443548 0.459677 0.475806 0.491935 0.508065 0.524194 0.540323 0.556452 0.572581 0.588710 0.604839 0.620968 0.637097 0.653226 0.669355 0.685484 0.701613 0.717742 0.733871 0.750000 0.766129 0.782258 0.798387 0.814516 0.830645 0.846774 0.862903 0.879032 0.895161 0.911290 0.927419 0.943548 0.959677 0.975806 0.991935 
0 0.0885570 0.6036470 0.3435980 0.5989700 0.3442520 0.6218870 0.0892120 0.626565
а осина нейдетъ.
0.031250 0.093750 0.156250 0.218750 0.281250 0.343750 0.406250 0.468750 0.531250 0.593750 0.656250 0.718750 0.781250 0.843750 0.906250 0.968750 
0 0.0982080 0.6411350 0.8960900 0.6423610 0.8960390 0.6637880 0.0981570 0.662562
24. Всталъ рано. Нѣсколько работалъ (послѣ долгаго промежутка).
0.007937 0.023810 0.039683 0.055556 0.071429 0.087302 0.103175 0.119048 0.134921 0.150794 0.166667 0.182540 0.198413 0.214286 0.230159 0.246032 0.261905 0.277778 0.293651 0.309524 0.325397 0.341270 0.357143 0.373016 0.388889 0.404762 0.420635 0.436508 0.452381 0.468254 0.484127 0.500000 0.515873 0.531746 0.547619 0.563492 0.579365 0.595238 0.611111 0.626984 0.642857 0.658730 0.674603 0.690476 0.706349 0.722222 0.738095 0.753968 0.769841 0.785714 0.801587 0.817460 0.833333 0.849206 0.865079 0.880952 0.896825 0.912698 0.928571 0.944444 0.960317 0.976190 0.992063 
0 0.0985580 0.6813090 0.8820040 0.6781840 0.8821370 0.6995870 0.0986910 0.702712
Погода установляется. Ѣзда Писалъ всё изложеніе перваго Акта
0.008333 0.025000 0.041667 0.058333 0.075000 0.091667 0.108333 0.125000 0.141667 0.158333 0.175000 0.191667 0.208333 0.225000 0.241667 0.258333 0.275000 0.291667 0.308333 0.325000 0.341667 0.358333 0.375000 0.391667 0.408333 0.425000 0.441667 0.458333 0.475000 0.491667 0.508333 0.525000 0.541667 0.558333 0.575000 0.591667 0.608333 0.625000 0.641667 0.658333 0.675000 0.691667 0.708333 0.725000 0.741667 0.758333 0.775000 0.791667 0.808333 0.825000 0.841667 0.858333 0.875000 0.891667 0.908333 0.925000 0.941667 0.958333 0.975000 0.991667 
0 0.0975240 0.7187240 0.8708630 0.7132840 0.8710970 0.7346750 0.0977580 0.740116
Лидочьки. Въ 12. часовъ поѣхалъ верьхомъ обѣдать къ Афрем.
0.008621 0.025862 0.043103 0.060345 0.077586 0.094828 0.112069 0.129310 0.146552 0.163793 0.181034 0.198276 0.215517 0.232759 0.250000 0.267241 0.284483 0.301724 0.318966 0.336207 0.353448 0.370690 0.387931 0.405172 0.422414 0.439655 0.456897 0.474138 0.491379 0.508621 0.525862 0.543103 0.560345 0.577586 0.594828 0.612069 0.629310 0.646552 0.663793 0.681034 0.698276 0.715517 0.732759 0.750000 0.767241 0.784483 0.801724 0.818966 0.836207 0.853448 0.870690 0.887931 0.905172 0.922414 0.939655 0.956897 0.974138 0.991379 
0 0.0975190 0.7565160 0.8467960 0.7510770 0.8470380 0.7724710 0.0977600 0.777911
Z. была хороша. Вечеромъ игралъ на бильярдѣ въ пирамидку.
0.008772 0.026316 0.043860 0.061404 0.078947 0.096491 0.114035 0.131579 0.149123 0.166667 0.184211 0.201754 0.219298 0.236842 0.254386 0.271930 0.289474 0.307018 0.324561 0.342105 0.359649 0.377193 0.394737 0.412281 0.429825 0.447368 0.464912 0.482456 0.500000 0.517544 0.535088 0.552632 0.570175 0.587719 0.605263 0.622807 0.640351 0.657895 0.675439 0.692982 0.710526 0.728070 0.745614 0.763158 0.780702 0.798246 0.815789 0.833333 0.850877 0.868421 0.885965 0.903509 0.921053 0.938596 0.956140 0.973684 0.991228 
0 0.1037440 0.7916130 0.8756400 0.7850150 0.8759240 0.8064070 0.1040290 0.813005
Воротился домой верьхомъ — тусклая Луна сквозь свѣжій
0.009434 0.028302 0.047170 0.066038 0.084906 0.103774 0.122642 0.141509 0.160377 0.179245 0.198113 0.216981 0.235849 0.254717 0.273585 0.292453 0.311321 0.330189 0.349057 0.367925 0.386792 0.405660 0.424528 0.443396 0.462264 0.481132 0.500000 0.518868 0.537736 0.556604 0.575472 0.594340 0.613208 0.632075 0.650943 0.669811 0.688679 0.707547 0.726415 0.745283 0.764151 0.783019 0.801887 0.820755 0.839623 0.858491 0.877358 0.896226 0.915094 0.933962 0.952830 0.971698 0.990566 
0 0.1014780 0.8283950 0.8849280 0.8264630 0.8850190 0.8501330 0.1015690 0.852065
но мягкій туманъ свѣтила тихо. Въ воздухѣ было влажно
0.009434 0.028302 0.047170 0.066038 0.084906 0.103774 0.122642 0.141509 0.160377 0.179245 0.198113 0.216981 0.235849 0.254717 0.273585 0.292453 0.311321 0.330189 0.349057 0.367925 0.386792 0.405660 0.424528 0.443396 0.462264 0.481132 0.500000 0.518868 0.537736 0.556604 0.575472 0.594340 0.613208 0.632075 0.650943 0.669811 0.688679 0.707547 0.726415 0.745283 0.764151 0.783019 0.801887 0.820755 0.839623 0.858491 0.877358 0.896226 0.915094 0.933962 0.952830 0.971698 0.990566 
0 0.1031940 0.8618700 0.5411150 0.8657940 0.5407880 0.8892060 0.1028680 0.885282
и хорошо. Ѣздилъ на Птичькѣ.—.
0.016667 0.050000 0.083333 0.116667 0.150000 0.183333 0.216667 0.250000 0.283333 0.316667 0.350000 0.383333 0.416667 0.450000 0.483333 0.516667 0.550000 0.583333 0.616667 0.650000 0.683333 0.716667 0.750000 0.783333 0.816667 0.850000 0.883333 0.916667 0.950000 0.983333 
0 0.1027060 0.9014200 0.8385170 0.9074030 0.8382290 0.9301390 0.1024180 0.924156
25. Не работается — еще не знаю за что приняться.
0.010204 0.030612 0.051020 0.071429 0.091837 0.112245 0.132653 0.153061 0.173469 0.193878 0.214286 0.234694 0.255102 0.275510 0.295918 0.316327 0.336735 0.357143 0.377551 0.397959 0.418367 0.438776 0.459184 0.479592 0.500000 0.520408 0.540816 0.561224 0.581633 0.602041 0.622449 0.642857 0.663265 0.683673 0.704082 0.724490 0.744898 0.765306 0.785714 0.806122 0.826531 0.846939 0.867347 0.887755 0.908163 0.928571 0.948980 0.969388 0.989796 
