0 0.1040280 0.0929440 0.9007850 0.0873500 0.9011790 0.1109560 0.1044230 0.116550
#
0.500000 
0 0.1207640 0.1317430 0.2304680 0.1298030 0.2313770 0.1514040 0.1216720 0.153345
#
0.500000 
0 0.1010270 0.1598630 0.6505260 0.1522650 0.6513200 0.1764050 0.1018210 0.184003
#
0.500000 
0 0.1196970 0.1903750 0.8742820 0.1759970 0.8753830 0.2002800 0.1207980 0.214657
15-e. Pf. 90°. Am. отлично.—. Кончилъ пьессу. —
0.010638 0.031915 0.053191 0.074468 0.095745 0.117021 0.138298 0.159574 0.180851 0.202128 0.223404 0.244681 0.265957 0.287234 0.308511 0.329787 0.351064 0.372340 0.393617 0.414894 0.436170 0.457447 0.478723 0.500000 0.521277 0.542553 0.563830 0.585106 0.606383 0.627660 0.648936 0.670213 0.691489 0.712766 0.734043 0.755319 0.776596 0.797872 0.819149 0.840426 0.861702 0.882979 0.904255 0.925532 0.946809 0.968085 0.989362 
0 0.1080590 0.2250400 0.9712680 0.2083040 0.9723990 0.2328190 0.1091890 0.249555
Переводъ шелъ ходко. Вставалъ рано.—. На ходу утромъ легко.—.
0.008197 0.024590 0.040984 0.057377 0.073770 0.090164 0.106557 0.122951 0.139344 0.155738 0.172131 0.188525 0.204918 0.221311 0.237705 0.254098 0.270492 0.286885 0.303279 0.319672 0.336066 0.352459 0.368852 0.385246 0.401639 0.418033 0.434426 0.450820 0.467213 0.483607 0.500000 0.516393 0.532787 0.549180 0.565574 0.581967 0.598361 0.614754 0.631148 0.647541 0.663934 0.680328 0.696721 0.713115 0.729508 0.745902 0.762295 0.778689 0.795082 0.811475 0.827869 0.844262 0.860656 0.877049 0.893443 0.909836 0.926230 0.942623 0.959016 0.975410 0.991803 
0 0.1043980 0.2579530 0.8813030 0.2413540 0.8824990 0.2648890 0.1055940 0.281487
#
0.500000 
0 0.1056590 0.2880590 0.8844020 0.2792260 0.8850540 0.3033750 0.1063110 0.312208
#
0.500000 
0 0.1057840 0.3200230 0.8818610 0.3129400 0.8823300 0.3345340 0.1062530 0.341618
#
0.500000 
0 0.1115120 0.3541250 0.5305380 0.3446630 0.5317970 0.3680950 0.1127710 0.377558
#
0.500000 
0 0.1048820 0.3841360 0.8648080 0.3624790 0.8664880 0.3872700 0.1065620 0.408928
17-е. Изъ Степи привели лошадей.—. Anaïs письмо къ
0.010000 0.030000 0.050000 0.070000 0.090000 0.110000 0.130000 0.150000 0.170000 0.190000 0.210000 0.230000 0.250000 0.270000 0.290000 0.310000 0.330000 0.350000 0.370000 0.390000 0.410000 0.430000 0.450000 0.470000 0.490000 0.510000 0.530000 0.550000 0.570000 0.590000 0.610000 0.630000 0.650000 0.670000 0.690000 0.710000 0.730000 0.750000 0.770000 0.790000 0.810000 0.830000 0.850000 0.870000 0.890000 0.910000 0.930000 0.950000 0.970000 0.990000 
0 0.0966700 0.4156490 0.8689610 0.3915050 0.8709490 0.4182380 0.0986580 0.442381
Сонѣ о полученіи ею медали. Яшвиль пріѣхалъ изъ
0.010638 0.031915 0.053191 0.074468 0.095745 0.117021 0.138298 0.159574 0.180851 0.202128 0.223404 0.244681 0.265957 0.287234 0.308511 0.329787 0.351064 0.372340 0.393617 0.414894 0.436170 0.457447 0.478723 0.500000 0.521277 0.542553 0.563830 0.585106 0.606383 0.627660 0.648936 0.670213 0.691489 0.712766 0.734043 0.755319 0.776596 0.797872 0.819149 0.840426 0.861702 0.882979 0.904255 0.925532 0.946809 0.968085 0.989362 
0 0.1131150 0.4495590 0.9089620 0.4254310 0.9105170 0.4469910 0.1146700 0.471118
Петербурга. Извѣстіе о # Состояніе поло-
0.012500 0.037500 0.062500 0.087500 0.112500 0.137500 0.162500 0.187500 0.212500 0.237500 0.262500 0.287500 0.312500 0.337500 0.362500 0.387500 0.412500 0.437500 0.462500 0.487500 0.512500 0.537500 0.562500 0.587500 0.612500 0.637500 0.662500 0.687500 0.712500 0.737500 0.762500 0.787500 0.812500 0.837500 0.862500 0.887500 0.912500 0.937500 0.962500 0.987500 
0 0.1161420 0.4810090 0.6754860 0.4691810 0.6765710 0.4907540 0.1172270 0.502582
жительное въ теченіе нѣсколькихъ дней.—.
0.012500 0.037500 0.062500 0.087500 0.112500 0.137500 0.162500 0.187500 0.212500 0.237500 0.262500 0.287500 0.312500 0.337500 0.362500 0.387500 0.412500 0.437500 0.462500 0.487500 0.512500 0.537500 0.562500 0.587500 0.612500 0.637500 0.662500 0.687500 0.712500 0.737500 0.762500 0.787500 0.812500 0.837500 0.862500 0.887500 0.912500 0.937500 0.962500 0.987500 
0 0.1016200 0.5207910 0.8759500 0.5055200 0.8771370 0.5308280 0.1028070 0.546098
18-е. Всталъ рано. Полный туалетъ — Свѣжо и крѣпко.
0.009804 0.029412 0.049020 0.068627 0.088235 0.107843 0.127451 0.147059 0.166667 0.186275 0.205882 0.225490 0.245098 0.264706 0.284314 0.303922 0.323529 0.343137 0.362745 0.382353 0.401961 0.421569 0.441176 0.460784 0.480392 0.500000 0.519608 0.539216 0.558824 0.578431 0.598039 0.617647 0.637255 0.656863 0.676471 0.696078 0.715686 0.735294 0.754902 0.774510 0.794118 0.813725 0.833333 0.852941 0.872549 0.892157 0.911765 0.931373 0.950980 0.970588 0.990196 
0 0.1613680 0.5528870 0.8699680 0.5436510 0.8706900 0.5669320 0.1620900 0.576167
Въ Гимнастикѣ движенье хорошо. Pf. 80.—.
0.012500 0.037500 0.062500 0.087500 0.112500 0.137500 0.162500 0.187500 0.212500 0.237500 0.262500 0.287500 0.312500 0.337500 0.362500 0.387500 0.412500 0.437500 0.462500 0.487500 0.512500 0.537500 0.562500 0.587500 0.612500 0.637500 0.662500 0.687500 0.712500 0.737500 0.762500 0.787500 0.812500 0.837500 0.862500 0.887500 0.912500 0.937500 0.962500 0.987500 
0 0.1673860 0.5935540 0.5270890 0.5857950 0.5281960 0.6073640 0.1684930 0.615124
Вечеръ у Потолова.
0.027778 0.083333 0.138889 0.194444 0.250000 0.305556 0.361111 0.416667 0.472222 0.527778 0.583333 0.638889 0.694444 0.750000 0.805556 0.861111 0.916667 0.972222 
0 0.1054360 0.6232610 0.9542270 0.6098980 0.9552610 0.6374850 0.1064690 0.650848
19-е. #
0.071429 0.214286 0.357143 0.500000 0.642857 0.785714 0.928571 
0 0.1336460 0.6605470 0.8737520 0.6534670 0.8742430 0.6750600 0.1341370 0.682140
полный туалетъ. Обѣдалъ съ Ан. Узниковымъ и
0.011628 0.034884 0.058140 0.081395 0.104651 0.127907 0.151163 0.174419 0.197674 0.220930 0.244186 0.267442 0.290698 0.313953 0.337209 0.360465 0.383721 0.406977 0.430233 0.453488 0.476744 0.500000 0.523256 0.546512 0.569767 0.593023 0.616279 0.639535 0.662791 0.686047 0.709302 0.732558 0.755814 0.779070 0.802326 0.825581 0.848837 0.872093 0.895349 0.918605 0.941860 0.965116 0.988372 
0 0.1252810 0.6975420 0.8851350 0.6843670 0.8861720 0.7095230 0.1263180 0.722698
Victor. Вина не пилъ ѣлъ не много — послѣ
0.012195 0.036585 0.060976 0.085366 0.109756 0.134146 0.158537 0.182927 0.207317 0.231707 0.256098 0.280488 0.304878 0.329268 0.353659 0.378049 0.402439 0.426829 0.451220 0.475610 0.500000 0.524390 0.548780 0.573171 0.597561 0.621951 0.646341 0.670732 0.695122 0.719512 0.743902 0.768293 0.792683 0.817073 0.841463 0.865854 0.890244 0.914634 0.939024 0.963415 0.987805 
0 0.1273630 0.7305240 0.5805980 0.7263340 0.5810730 0.7479410 0.1278380 0.752130
обѣда хорошо. Легъ въ 10 ч.
0.018519 0.055556 0.092593 0.129630 0.166667 0.203704 0.240741 0.277778 0.314815 0.351852 0.388889 0.425926 0.462963 0.500000 0.537037 0.574074 0.611111 0.648148 0.685185 0.722222 0.759259 0.796296 0.833333 0.870370 0.907407 0.944444 0.981481 
0 0.1062720 0.7676670 0.8543910 0.7525360 0.8555540 0.7767150 0.1074360 0.791845
20-е. Всталъ въ 5-мъ часу. до заутрени. Полный
0.010870 0.032609 0.054348 0.076087 0.097826 0.119565 0.141304 0.163043 0.184783 0.206522 0.228261 0.250000 0.271739 0.293478 0.315217 0.336957 0.358696 0.380435 0.402174 0.423913 0.445652 0.467391 0.489130 0.510870 0.532609 0.554348 0.576087 0.597826 0.619565 0.641304 0.663043 0.684783 0.706522 0.728261 0.750000 0.771739 0.793478 0.815217 0.836957 0.858696 0.880435 0.902174 0.923913 0.945652 0.967391 0.989130 
0 0.1091980 0.8030800 0.6586070 0.7951570 0.6594300 0.8191710 0.1100220 0.827093
туалетъ. Чувствовалъ себя свѣжо.—.
0.014706 0.044118 0.073529 0.102941 0.132353 0.161765 0.191176 0.220588 0.250000 0.279412 0.308824 0.338235 0.367647 0.397059 0.426471 0.455882 0.485294 0.514706 0.544118 0.573529 0.602941 0.632353 0.661765 0.691176 0.720588 0.750000 0.779412 0.808824 0.838235 0.867647 0.897059 0.926471 0.955882 0.985294 
0 0.1057600 0.8510370 0.8916800 0.8439710 0.8922150 0.8689730 0.1062950 0.876039
21-е. Читалъ пьэссу Садовскому — неудача. —
0.011628 0.034884 0.058140 0.081395 0.104651 0.127907 0.151163 0.174419 0.197674 0.220930 0.244186 0.267442 0.290698 0.313953 0.337209 0.360465 0.383721 0.406977 0.430233 0.453488 0.476744 0.500000 0.523256 0.546512 0.569767 0.593023 0.616279 0.639535 0.662791 0.686047 0.709302 0.732558 0.755814 0.779070 0.802326 0.825581 0.848837 0.872093 0.895349 0.918605 0.941860 0.965116 0.988372 
0 0.1088560 0.8934050 0.8921350 0.8942190 0.8920710 0.9197180 0.1087930 0.918903
До конца мѣсяца состояніе среднее.
0.014706 0.044118 0.073529 0.102941 0.132353 0.161765 0.191176 0.220588 0.250000 0.279412 0.308824 0.338235 0.367647 0.397059 0.426471 0.455882 0.485294 0.514706 0.544118 0.573529 0.602941 0.632353 0.661765 0.691176 0.720588 0.750000 0.779412 0.808824 0.838235 0.867647 0.897059 0.926471 0.955882 0.985294 
0 0.1254630 0.9294710 0.5949170 0.9355040 0.5941650 0.9600820 0.1247110 0.954049
Переводъ шелъ мало —
0.025000 0.075000 0.125000 0.175000 0.225000 0.275000 0.325000 0.375000 0.425000 0.475000 0.525000 0.575000 0.625000 0.675000 0.725000 0.775000 0.825000 0.875000 0.925000 0.975000 
