0 0.1572100 0.1001810 0.9090710 0.0904670 0.9099440 0.1165620 0.1580820 0.126277
Но всё это омрачалось страшнымъ расходомъ дровъ — ибо ихъ
30 ноя 1856
0 0.1571840 0.1361410 0.9830660 0.1244510 0.9839810 0.1494260 0.1580990 0.161115
вышло на 100 берковцевъ почти 7 сажень (рощинской кладки).
30 ноя 1856
0 0.1617770 0.1653410 0.9680960 0.1565180 0.9688760 0.1840720 0.1625580 0.192895
По полученнымъ свѣденіямъ въ Михайловскомъ выходитъ по 500 берковцевъ
30 ноя 1856
0 0.1651230 0.1904240 0.8793050 0.1811230 0.8801720 0.2068510 0.1659900 0.216152
отъ 13 — до 14 саженъ т: е: <s>около</s> на 100 саженъ около 2,7.
30 ноя 1856
0 0.3009850 0.2121500 0.5842140 0.2066890 0.5852730 0.2279150 0.3020440 0.233376
въ Богородскомъ тоже.
30 ноя 1856
0 0.1717400 0.2332610 0.9636570 0.2238320 0.9643120 0.2450640 0.1723950 0.254493
Для возвратныхъ паровъ устроили <s>чанъ,</s> простой деревянный чанъ отъ
30 ноя 1856
0 0.1734400 0.2552140 0.9590120 0.2443500 0.9598830 0.2686970 0.1743120 0.279561
котораго провели пріемную трубу прямо къ насосу у большой
30 ноя 1856
0 0.1693070 0.2771810 0.9747820 0.2602730 0.9761570 0.2855740 0.1706820 0.302482
паровой. Сверхъ того увеличили еще конденсаторъ и вмѣсто спры-
30 ноя 1856
0 0.1719500 0.2995870 0.9147150 0.2828380 0.9161350 0.3071700 0.1733700 0.323919
скной трубы поставили сито для дождя какъ въ купальнѣ.—.
30 ноя 1856
0 0.1783480 0.3229640 0.9697250 0.3071650 0.9710710 0.3332150 0.1796940 0.349015
6-го числа въ Николинъ день заводъ былъ опять пущенъ. Но послѣ
06 дек 1856
0 0.1838660 0.3458820 0.9677990 0.3328700 0.9689130 0.3588150 0.1849800 0.371827
6 часоваго дѣйствія — въ чану ретурно<u>мъ вытерло дно</u> — <u>заводъ</u>
06 дек 1856
0 0.1793510 0.3716430 0.9535120 0.3580830 0.9545780 0.3816010 0.1804170 0.395161
<u>Опять остановили</u>. Работали всю ночь и 7-го пустили опять.
06 дек 1856
0 0.1850120 0.3962070 0.9569230 0.3825170 0.9579910 0.4057950 0.1860810 0.419485
<s>у</s> Оказалось что выходъ паровъ въ часъ столь силенъ, что
06 дек 1856
0 0.1838580 0.4204310 0.9614860 0.4077840 0.9625520 0.4331030 0.1849230 0.445749
воду стало кидать изъ чана и насосъ не могъ уже при-
06 дек 1856
0 0.1892570 0.4426790 0.9608200 0.4314830 0.9617460 0.4561460 0.1901830 0.467343
нимать всё количество воды — воду надо было расхоло-
06 дек 1856
0 0.1809160 0.4676470 0.9093800 0.4617540 0.9098690 0.4851070 0.1814050 0.491000
живать. Однако относительно топлива результатъ
06 дек 1856
0 0.1776630 0.4945570 0.3898930 0.4893170 0.3912490 0.5105350 0.1790180 0.515775
сдѣлался такой
06 дек 1856
0 0.2745790 0.5172930 0.9154390 0.5116270 0.9159250 0.5328630 0.2750650 0.538528
7-го истерто 101. берк. вышло дровъ 4.¼ Сажени.
07 дек 1856
0 0.2707360 0.5463040 0.3122770 0.5462670 0.3123250 0.5674660 0.2707840 0.567503
8-го
08 дек 1856
0 0.4113390 0.5461880 0.4838430 0.5449430 0.4847870 0.5661770 0.4122830 0.567422
116.
08 дек 1856
0 0.7694820 0.5438140 0.8170640 0.5450040 0.8156910 0.5662260 0.7681090 0.565036
4.¾.
08 дек 1856
0 0.2703570 0.5737690 0.3115210 0.5737320 0.3115700 0.5949310 0.2704070 0.594968
9-го
09 дек 1856
0 0.4074770 0.5657510 0.4845170 0.5657510 0.4845170 0.5867510 0.4074770 0.586751
122.
09 дек 1856
0 0.7651050 0.5691710 0.8134440 0.5701040 0.8123830 0.5913320 0.7640440 0.590398
4¾.
09 дек 1856
0 0.2684550 0.5912290 0.2982860 0.5909030 0.2988870 0.6121310 0.2690550 0.612457
10.
10 дек 1856
0 0.4067880 0.5900820 0.4770270 0.5888420 0.4779970 0.6100760 0.4077590 0.611317
101.
10 дек 1856
0 0.7672100 0.5919730 0.8106140 0.5951550 0.8066140 0.6162380 0.7632090 0.613056
4¼.
10 дек 1856
0 0.2715260 0.6117610 0.2990940 0.6117610 0.2990940 0.6327610 0.2715260 0.632761
11.
11 дек 1856
0 0.4064190 0.6117040 0.4702350 0.6099720 0.4717250 0.6311820 0.4079100 0.632915
103
11 дек 1856
0 0.7620810 0.6116750 0.8179710 0.6111300 0.8185070 0.6323810 0.7626180 0.632927
5. —
11 дек 1856
0 0.2636190 0.6367990 0.3123360 0.6358860 0.3133660 0.6571150 0.2646490 0.658028
12.
12 дек 1856
0 0.4129910 0.6336810 0.4620860 0.6330190 0.4628280 0.6542700 0.4137330 0.654931
117.
12 дек 1856
0 0.7656770 0.6366400 0.8075950 0.6380490 0.8057430 0.6593250 0.7638250 0.657916
6¼.
12 дек 1856
0 0.2685670 0.6578710 0.3082130 0.6587000 0.3070660 0.6799260 0.2674200 0.679098
<s>13</s>
13 дек 1856
0 0.4014680 0.6572260 0.4686850 0.6559810 0.4697030 0.6772120 0.4024860 0.678457
660.
13 дек 1856
0 0.7420170 0.6611420 0.8050770 0.6628800 0.8035640 0.6840920 0.7405040 0.682354
29.¼.
13 дек 1856
0 0.2207980 0.6830690 0.8544610 0.6866910 0.8541180 0.7098570 0.2204550 0.706234
Итого на <s>б</s> 110 берковцевъ по 4,5. сажени. —
13 дек 1856
0 0.1688430 0.7092940 0.9014720 0.7098060 0.9014240 0.7360890 0.1687960 0.735577
13-го Опять сломался водяной насосъ. — <u>14-го заводъ</u>
14 дек 1856
0 0.1619570 0.7360330 0.9852350 0.7282100 0.9858140 0.7517730 0.1625360 0.759596
<u>вновь пущенъ въ настоящій ходъ</u> — стали увеличивать тёрку — а именно:
14 дек 1856
0 0.3194430 0.7587730 0.3783560 0.7587080 0.3784160 0.7799210 0.3195040 0.779986
15-го
15 дек 1856
0 0.3991450 0.7588470 0.5547350 0.7572470 0.5553000 0.7784840 0.3997100 0.780083
121. берков.
15 дек 1856
0 0.7549760 0.7593820 0.9135890 0.7611950 0.9129600 0.7824270 0.7543480 0.780614
4½. сажени.
15 дек 1856
0 0.3170870 0.7783780 0.3718450 0.7781900 0.3720340 0.7993390 0.3172750 0.799527
16-го
16 дек 1856
0 0.3987060 0.7787710 0.5399420 0.7798240 0.5395320 0.8010630 0.3982960 0.800010
143 берков.
16 дек 1856
0 0.7534320 0.7814370 0.7749580 0.7816640 0.7743780 0.8028920 0.7528520 0.802665
5.
16 дек 1856
0 0.3138290 0.7990920 0.3682050 0.7980440 0.3692700 0.8194040 0.3148950 0.820451
17-го
17 дек 1856
0 0.3942380 0.7998660 0.4554140 0.8004210 0.4549150 0.8216690 0.3937390 0.821114
141.
17 дек 1856
0 0.7575830 0.8043600 0.7791090 0.8045840 0.7785390 0.8257330 0.7570130 0.825509
5.
17 дек 1856
0 0.3111240 0.8251010 0.3420870 0.8247580 0.3426970 0.8459850 0.3117340 0.846329
18
18 дек 1856
0 0.3817400 0.8245290 0.4618010 0.8251820 0.4613530 0.8464230 0.3812910 0.845770
145.
18 дек 1856
0 0.7569770 0.8276310 0.7936040 0.8288620 0.7917600 0.8500650 0.7551330 0.848834
6.
18 дек 1856
0 0.3054990 0.8473230 0.3307960 0.8485340 0.3281730 0.8697060 0.3028750 0.868495
19.
18 дек 1856
0 0.3957700 0.8519010 0.4641240 0.8519010 0.4641240 0.8729010 0.3957700 0.872901
140
19 дек 1856
0 0.7642430 0.8525250 0.7910390 0.8542670 0.7874870 0.8753920 0.7606900 0.873650
6.
19 дек 1856
0 0.2981690 0.8726490 0.3363070 0.8732190 0.3354860 0.8944500 0.2973480 0.893880
20
20 дек 1856
0 0.3989900 0.8740870 0.4646990 0.8750550 0.4638890 0.8962970 0.3981800 0.895329
144.
20 дек 1856
0 0.7637710 0.8748030 0.8106010 0.8754660 0.8098210 0.8967160 0.7629920 0.896053
6½
20 дек 1856
0 0.2963440 0.8945420 0.3529910 0.8943880 0.3531400 0.9155810 0.2964930 0.915735
21-го
21 дек 1856
0 0.3969490 0.8949340 0.4532180 0.8944580 0.4536830 0.9157150 0.3974140 0.916190
143
21 дек 1856
0 0.7607300 0.8964020 0.8090700 0.8970620 0.8083190 0.9183090 0.7599790 0.917649
5¾.
21 дек 1856
0 0.3849880 0.9210470 0.5696550 0.9200630 0.5699480 0.9413150 0.3852810 0.942299
977 берков. —
21 дек 1856
0 0.7454680 0.9239670 0.8157100 0.9239670 0.8157100 0.9449670 0.7454680 0.944967
38¾.
21 дек 1856
0 0.2483060 0.9437780 0.4930180 0.9449890 0.4927460 0.9662390 0.2480340 0.965028
Итого на 100 бер.
21 дек 1856
0 0.5619540 0.9422830 0.9757210 0.9517640 0.9742120 0.9772140 0.5604450 0.967733
3,8 сажени. <s>(</s>рощинской кладки). —
21 дек 1856
