0 0.1275880 0.0807080 0.8600370 0.0874330 0.8595120 0.1127340 0.1270620 0.106009
Поле въ Воскресенскомъ и урожай за
0.014706 0.044118 0.073529 0.102941 0.132353 0.161765 0.191176 0.220588 0.250000 0.279412 0.308824 0.338235 0.367647 0.397059 0.426471 0.455882 0.485294 0.514706 0.544118 0.573529 0.602941 0.632353 0.661765 0.691176 0.720588 0.750000 0.779412 0.808824 0.838235 0.867647 0.897059 0.926471 0.955882 0.985294 
0 0.1179900 0.1280750 0.4013190 0.1317070 0.4006930 0.1533050 0.1173630 0.149674
сей 1854. годъ.
0.033333 0.100000 0.166667 0.233333 0.300000 0.366667 0.433333 0.500000 0.566667 0.633333 0.700000 0.766667 0.833333 0.900000 0.966667 
0 0.1160190 0.1630670 0.5730350 0.1660830 0.5727120 0.1877000 0.1156960 0.184684
Ржи въ Воскрес. 12½ десятинъ
0.017857 0.053571 0.089286 0.125000 0.160714 0.196429 0.232143 0.267857 0.303571 0.339286 0.375000 0.410714 0.446429 0.482143 0.517857 0.553571 0.589286 0.625000 0.660714 0.696429 0.732143 0.767857 0.803571 0.839286 0.875000 0.910714 0.946429 0.982143 
0 0.6235560 0.1654420 0.9586440 0.1642890 0.9588200 0.1869820 0.6237330 0.188135
530 коп. по 3 мѣр до 200 четв
0.017241 0.051724 0.086207 0.120690 0.155172 0.189655 0.224138 0.258621 0.293103 0.327586 0.362069 0.396552 0.431034 0.465517 0.500000 0.534483 0.568966 0.603448 0.637931 0.672414 0.706897 0.741379 0.775862 0.810345 0.844828 0.879310 0.913793 0.948276 0.982759 
0 0.2362700 0.1990320 0.3520510 0.2000340 0.3516280 0.2216080 0.2358470 0.220605
въ Пуч.
0.071429 0.214286 0.357143 0.500000 0.642857 0.785714 0.928571 
0 0.3934450 0.2007760 0.5478230 0.2028060 0.5471800 0.2243980 0.3928030 0.222367
8 десятинъ
0.050000 0.150000 0.250000 0.350000 0.450000 0.550000 0.650000 0.750000 0.850000 0.950000 
0 0.6155340 0.2074320 0.9646630 0.2136930 0.9637250 0.2367980 0.6145960 0.230537
169 по ½ мѣр 32 четв
0.025000 0.075000 0.125000 0.175000 0.225000 0.275000 0.325000 0.375000 0.425000 0.475000 0.525000 0.575000 0.625000 0.675000 0.725000 0.775000 0.825000 0.875000 0.925000 0.975000 
0 0.1181640 0.2472490 0.2339490 0.2463810 0.2343150 0.2679560 0.1185300 0.268824
овса
0.125000 0.375000 0.625000 0.875000 
0 0.3631580 0.2473910 0.4675440 0.2473910 0.4675440 0.2683910 0.3631580 0.268391
22½
0.166667 0.500000 0.833333 
0 0.6032910 0.2500070 0.9594330 0.2477710 0.9597430 0.2695670 0.6036010 0.271803
310 по 1 чет 3 гар 390. —
0.020000 0.060000 0.100000 0.140000 0.180000 0.220000 0.260000 0.300000 0.340000 0.380000 0.420000 0.460000 0.500000 0.540000 0.580000 0.620000 0.660000 0.700000 0.740000 0.780000 0.820000 0.860000 0.900000 0.940000 0.980000 
0 0.1187310 0.2903220 0.2353910 0.2884000 0.2361970 0.3100100 0.1195370 0.311932
сѣна
0.125000 0.375000 0.625000 0.875000 
0 0.8260510 0.2886650 0.9514820 0.2844800 0.9531190 0.3061590 0.8276880 0.310344
8288 пуд.
0.055556 0.166667 0.277778 0.388889 0.500000 0.611111 0.722222 0.833333 0.944444 
0 0.1217700 0.3345870 0.2998380 0.3337650 0.3000630 0.3553440 0.1219960 0.356166
картофелю
0.055556 0.166667 0.277778 0.388889 0.500000 0.611111 0.722222 0.833333 0.944444 
0 0.8312380 0.3347240 0.9514130 0.3335270 0.9518990 0.3550900 0.8317240 0.356287
1904 четв
0.055556 0.166667 0.277778 0.388889 0.500000 0.611111 0.722222 0.833333 0.944444 
0 0.2436440 0.3690250 0.4585540 0.3676830 0.4588600 0.3893230 0.2439500 0.390664
муки вышло
0.050000 0.150000 0.250000 0.350000 0.450000 0.550000 0.650000 0.750000 0.850000 0.950000 
0 0.1452590 0.4276600 0.7040470 0.4225810 0.7045280 0.4459620 0.1457400 0.451041
Отъ 16-го Октября Бодиско пишетъ
0.015625 0.046875 0.078125 0.109375 0.140625 0.171875 0.203125 0.234375 0.265625 0.296875 0.328125 0.359375 0.390625 0.421875 0.453125 0.484375 0.515625 0.546875 0.578125 0.609375 0.640625 0.671875 0.703125 0.734375 0.765625 0.796875 0.828125 0.859375 0.890625 0.921875 0.953125 0.984375 
0 0.1540880 0.4664390 0.8952970 0.4606870 0.8957190 0.4847170 0.1545100 0.490468
поставилъ мнѣ картоф .. 1688 четвер по 60 к сер.
0.010417 0.031250 0.052083 0.072917 0.093750 0.114583 0.135417 0.156250 0.177083 0.197917 0.218750 0.239583 0.260417 0.281250 0.302083 0.322917 0.343750 0.364583 0.385417 0.406250 0.427083 0.447917 0.468750 0.489583 0.510417 0.531250 0.552083 0.572917 0.593750 0.614583 0.635417 0.656250 0.677083 0.697917 0.718750 0.739583 0.760417 0.781250 0.802083 0.822917 0.843750 0.864583 0.885417 0.906250 0.927083 0.947917 0.968750 0.989583 
0 0.2958820 0.5089780 0.8967530 0.4983440 0.8976180 0.5199260 0.2967460 0.530560
на сумму 1013 р. 32 к. сереб. —
0.016129 0.048387 0.080645 0.112903 0.145161 0.177419 0.209677 0.241935 0.274194 0.306452 0.338710 0.370968 0.403226 0.435484 0.467742 0.500000 0.532258 0.564516 0.596774 0.629032 0.661290 0.693548 0.725806 0.758065 0.790323 0.822581 0.854839 0.887097 0.919355 0.951613 0.983871 
0 0.1238330 0.5725380 0.9325710 0.5560650 0.9337960 0.5826200 0.1250570 0.599094
14. 15. 16. 17. 18. Нѣсколько дней сряду большое
0.010417 0.031250 0.052083 0.072917 0.093750 0.114583 0.135417 0.156250 0.177083 0.197917 0.218750 0.239583 0.260417 0.281250 0.302083 0.322917 0.343750 0.364583 0.385417 0.406250 0.427083 0.447917 0.468750 0.489583 0.510417 0.531250 0.552083 0.572917 0.593750 0.614583 0.635417 0.656250 0.677083 0.697917 0.718750 0.739583 0.760417 0.781250 0.802083 0.822917 0.843750 0.864583 0.885417 0.906250 0.927083 0.947917 0.968750 0.989583 
0 0.1359260 0.6108820 0.9174460 0.5917360 0.9187530 0.6153250 0.1372340 0.634472
разстройство, головная боль, слабость, тяжесть.
0.010638 0.031915 0.053191 0.074468 0.095745 0.117021 0.138298 0.159574 0.180851 0.202128 0.223404 0.244681 0.265957 0.287234 0.308511 0.329787 0.351064 0.372340 0.393617 0.414894 0.436170 0.457447 0.478723 0.500000 0.521277 0.542553 0.563830 0.585106 0.606383 0.627660 0.648936 0.670213 0.691489 0.712766 0.734043 0.755319 0.776596 0.797872 0.819149 0.840426 0.861702 0.882979 0.904255 0.925532 0.946809 0.968085 0.989362 
0 0.1390200 0.6552240 0.9275870 0.6320380 0.9293460 0.6584720 0.1407790 0.681658
Полагаю отъ сильной тревоги вслѣдствіе пропа-
0.011111 0.033333 0.055556 0.077778 0.100000 0.122222 0.144444 0.166667 0.188889 0.211111 0.233333 0.255556 0.277778 0.300000 0.322222 0.344444 0.366667 0.388889 0.411111 0.433333 0.455556 0.477778 0.500000 0.522222 0.544444 0.566667 0.588889 0.611111 0.633333 0.655556 0.677778 0.700000 0.722222 0.744444 0.766667 0.788889 0.811111 0.833333 0.855556 0.877778 0.900000 0.922222 0.944444 0.966667 0.988889 
0 0.1321820 0.6965550 0.9312650 0.6743500 0.9328330 0.6992890 0.1337500 0.721494
жи самыхъ завѣтныхъ вещей моей Луизы.
0.013514 0.040541 0.067568 0.094595 0.121622 0.148649 0.175676 0.202703 0.229730 0.256757 0.283784 0.310811 0.337838 0.364865 0.391892 0.418919 0.445946 0.472973 0.500000 0.527027 0.554054 0.581081 0.608108 0.635135 0.662162 0.689189 0.716216 0.743243 0.770270 0.797297 0.824324 0.851351 0.878378 0.905405 0.932432 0.959459 0.986486 
0 0.1346520 0.7465660 0.9092840 0.7243240 0.9110010 0.7507420 0.1363690 0.772985
Къ концу Ноября начало здоровье справляться.
0.011364 0.034091 0.056818 0.079545 0.102273 0.125000 0.147727 0.170455 0.193182 0.215909 0.238636 0.261364 0.284091 0.306818 0.329545 0.352273 0.375000 0.397727 0.420455 0.443182 0.465909 0.488636 0.511364 0.534091 0.556818 0.579545 0.602273 0.625000 0.647727 0.670455 0.693182 0.715909 0.738636 0.761364 0.784091 0.806818 0.829545 0.852273 0.875000 0.897727 0.920455 0.943182 0.965909 0.988636 
0 0.1285130 0.7892150 0.9162190 0.7651180 0.9179660 0.7903550 0.1302600 0.814451
Въ началѣ Декабря опять сталъ вставать
0.013158 0.039474 0.065789 0.092105 0.118421 0.144737 0.171053 0.197368 0.223684 0.250000 0.276316 0.302632 0.328947 0.355263 0.381579 0.407895 0.434211 0.460526 0.486842 0.513158 0.539474 0.565789 0.592105 0.618421 0.644737 0.671053 0.697368 0.723684 0.750000 0.776316 0.802632 0.828947 0.855263 0.881579 0.907895 0.934211 0.960526 0.986842 
0 0.1267010 0.8265180 0.9335380 0.8022760 0.9354950 0.8310670 0.1286590 0.855309
рано, занялся переводомъ постоянно утромъ.
0.011905 0.035714 0.059524 0.083333 0.107143 0.130952 0.154762 0.178571 0.202381 0.226190 0.250000 0.273810 0.297619 0.321429 0.345238 0.369048 0.392857 0.416667 0.440476 0.464286 0.488095 0.511905 0.535714 0.559524 0.583333 0.607143 0.630952 0.654762 0.678571 0.702381 0.726190 0.750000 0.773810 0.797619 0.821429 0.845238 0.869048 0.892857 0.916667 0.940476 0.964286 0.988095 
0 0.1270730 0.8657770 0.9050680 0.8441650 0.9065170 0.8672190 0.1285230 0.888832
4-е Декабря купилъ машину купальную и
0.013514 0.040541 0.067568 0.094595 0.121622 0.148649 0.175676 0.202703 0.229730 0.256757 0.283784 0.310811 0.337838 0.364865 0.391892 0.418919 0.445946 0.472973 0.500000 0.527027 0.554054 0.581081 0.608108 0.635135 0.662162 0.689189 0.716216 0.743243 0.770270 0.797297 0.824324 0.851351 0.878378 0.905405 0.932432 0.959459 0.986486 
0 0.1262200 0.9023970 0.6991170 0.8889360 0.7004190 0.9134210 0.1275220 0.926881
жизнь стала еще правильнѣе.
0.018519 0.055556 0.092593 0.129630 0.166667 0.203704 0.240741 0.277778 0.314815 0.351852 0.388889 0.425926 0.462963 0.500000 0.537037 0.574074 0.611111 0.648148 0.685185 0.722222 0.759259 0.796296 0.833333 0.870370 0.907407 0.944444 0.981481 
