0 0.0697120 0.0375880 0.2543670 0.0382770 0.2541820 0.0597430 0.0695260 0.059053
1855. Іюнь.
0.045455 0.136364 0.227273 0.318182 0.409091 0.500000 0.590909 0.681818 0.772727 0.863636 0.954545 
0 0.1174800 0.0846500 0.8918210 0.0798810 0.8921800 0.1050090 0.1178390 0.109778
23. Такъ же туманъ — и еще сильнѣе — мгла
0.012195 0.036585 0.060976 0.085366 0.109756 0.134146 0.158537 0.182927 0.207317 0.231707 0.256098 0.280488 0.304878 0.329268 0.353659 0.378049 0.402439 0.426829 0.451220 0.475610 0.500000 0.524390 0.548780 0.573171 0.597561 0.621951 0.646341 0.670732 0.695122 0.719512 0.743902 0.768293 0.792683 0.817073 0.841463 0.865854 0.890244 0.914634 0.939024 0.963415 0.987805 
0 0.1307890 0.1248080 0.8872810 0.1184200 0.8877440 0.1420870 0.1312530 0.148475
совершенная. Съ Самсономъ ходили вездѣ — ѣздили
0.010638 0.031915 0.053191 0.074468 0.095745 0.117021 0.138298 0.159574 0.180851 0.202128 0.223404 0.244681 0.265957 0.287234 0.308511 0.329787 0.351064 0.372340 0.393617 0.414894 0.436170 0.457447 0.478723 0.500000 0.521277 0.542553 0.563830 0.585106 0.606383 0.627660 0.648936 0.670213 0.691489 0.712766 0.734043 0.755319 0.776596 0.797872 0.819149 0.840426 0.861702 0.882979 0.904255 0.925532 0.946809 0.968085 0.989362 
0 0.1397200 0.1606900 0.9167360 0.1548630 0.9171780 0.1802820 0.1401620 0.186108
въ лѣсъ. Послѣ обѣда въ 7. часовъ онъ уѣхалъ. —
0.010638 0.031915 0.053191 0.074468 0.095745 0.117021 0.138298 0.159574 0.180851 0.202128 0.223404 0.244681 0.265957 0.287234 0.308511 0.329787 0.351064 0.372340 0.393617 0.414894 0.436170 0.457447 0.478723 0.500000 0.521277 0.542553 0.563830 0.585106 0.606383 0.627660 0.648936 0.670213 0.691489 0.712766 0.734043 0.755319 0.776596 0.797872 0.819149 0.840426 0.861702 0.882979 0.904255 0.925532 0.946809 0.968085 0.989362 
0 0.1460150 0.2003270 0.8882070 0.1943830 0.8886090 0.2159810 0.1464160 0.221926
Разговоръ о военныхъ дѣйствіяхъ въ Крыму:
0.012195 0.036585 0.060976 0.085366 0.109756 0.134146 0.158537 0.182927 0.207317 0.231707 0.256098 0.280488 0.304878 0.329268 0.353659 0.378049 0.402439 0.426829 0.451220 0.475610 0.500000 0.524390 0.548780 0.573171 0.597561 0.621951 0.646341 0.670732 0.695122 0.719512 0.743902 0.768293 0.792683 0.817073 0.841463 0.865854 0.890244 0.914634 0.939024 0.963415 0.987805 
0 0.1416170 0.2374580 0.9382540 0.2332340 0.9385490 0.2572330 0.1419120 0.261457
для союзныхъ войскъ будущее тёмно и
0.014286 0.042857 0.071429 0.100000 0.128571 0.157143 0.185714 0.214286 0.242857 0.271429 0.300000 0.328571 0.357143 0.385714 0.414286 0.442857 0.471429 0.500000 0.528571 0.557143 0.585714 0.614286 0.642857 0.671429 0.700000 0.728571 0.757143 0.785714 0.814286 0.842857 0.871429 0.900000 0.928571 0.957143 0.985714 
0 0.1519990 0.2740940 0.9458550 0.2619370 0.9467130 0.2860960 0.1528570 0.298253
неблагопріятно.—. Вишня и малина поспѣли
0.012500 0.037500 0.062500 0.087500 0.112500 0.137500 0.162500 0.187500 0.212500 0.237500 0.262500 0.287500 0.312500 0.337500 0.362500 0.387500 0.412500 0.437500 0.462500 0.487500 0.512500 0.537500 0.562500 0.587500 0.612500 0.637500 0.662500 0.687500 0.712500 0.737500 0.762500 0.787500 0.812500 0.837500 0.862500 0.887500 0.912500 0.937500 0.962500 0.987500 
0 0.1611470 0.3110590 0.9452900 0.3053550 0.9457100 0.3302240 0.1615660 0.335928
Клеверъ въ полномъ цвѣту и даже нѣсколько
0.012195 0.036585 0.060976 0.085366 0.109756 0.134146 0.158537 0.182927 0.207317 0.231707 0.256098 0.280488 0.304878 0.329268 0.353659 0.378049 0.402439 0.426829 0.451220 0.475610 0.500000 0.524390 0.548780 0.573171 0.597561 0.621951 0.646341 0.670732 0.695122 0.719512 0.743902 0.768293 0.792683 0.817073 0.841463 0.865854 0.890244 0.914634 0.939024 0.963415 0.987805 
0 0.1690390 0.3473960 0.4089980 0.3443180 0.4096410 0.3659250 0.1696810 0.369004
отцвѣтаетъ.
0.045455 0.136364 0.227273 0.318182 0.409091 0.500000 0.590909 0.681818 0.772727 0.863636 0.954545 
0 0.1802000 0.3782740 0.8936480 0.3611830 0.8950700 0.3867810 0.1816220 0.403872
#
0.500000 
0 0.1740890 0.4147910 0.7565970 0.4023230 0.7576680 0.4239000 0.1751600 0.436368
#
0.500000 
0 0.2615320 0.4511270 0.3560810 0.4491580 0.3571230 0.4707500 0.2625750 0.472719
#
0.500000 
0 0.2672270 0.4833170 0.3903270 0.4819540 0.3908820 0.5035830 0.2677830 0.504947
#
0.500000 
0 0.2696740 0.5131930 0.4784100 0.5095230 0.4792900 0.5311200 0.2705540 0.534790
#
0.500000 
0 0.1994030 0.5438780 0.8951400 0.5354970 0.8958100 0.5594850 0.2000730 0.567866
#
0.500000 
0 0.1987780 0.5752420 0.9017210 0.5722280 0.9019360 0.5938530 0.1989930 0.596867
#
0.500000 
0 0.2049580 0.6097150 0.9079070 0.6060170 0.9081970 0.6298410 0.2052490 0.633538
#
0.500000 
0 0.2067910 0.6514280 0.4895720 0.6500870 0.4898100 0.6717340 0.2070290 0.673075
#
0.500000 
0 0.1989700 0.6908280 0.9134900 0.6757710 0.9146560 0.6996330 0.2001360 0.714690
24. Работалъ утромъ — окапывалъ лиственницы
0.011628 0.034884 0.058140 0.081395 0.104651 0.127907 0.151163 0.174419 0.197674 0.220930 0.244186 0.267442 0.290698 0.313953 0.337209 0.360465 0.383721 0.406977 0.430233 0.453488 0.476744 0.500000 0.523256 0.546512 0.569767 0.593023 0.616279 0.639535 0.662791 0.686047 0.709302 0.732558 0.755814 0.779070 0.802326 0.825581 0.848837 0.872093 0.895349 0.918605 0.941860 0.965116 0.988372 
0 0.2130390 0.7319100 0.9363010 0.7108060 0.9379610 0.7353440 0.2146990 0.756447
передъ домомъ. День ясный, но холодно. Вечеръ
0.011111 0.033333 0.055556 0.077778 0.100000 0.122222 0.144444 0.166667 0.188889 0.211111 0.233333 0.255556 0.277778 0.300000 0.322222 0.344444 0.366667 0.388889 0.411111 0.433333 0.455556 0.477778 0.500000 0.522222 0.544444 0.566667 0.588889 0.611111 0.633333 0.655556 0.677778 0.700000 0.722222 0.744444 0.766667 0.788889 0.811111 0.833333 0.855556 0.877778 0.900000 0.922222 0.944444 0.966667 0.988889 
0 0.2230400 0.7676180 0.9089990 0.7528550 0.9102010 0.7769400 0.2242420 0.791703
свѣжій — гуляли съ Anaïs. Переводилъ не много
0.011111 0.033333 0.055556 0.077778 0.100000 0.122222 0.144444 0.166667 0.188889 0.211111 0.233333 0.255556 0.277778 0.300000 0.322222 0.344444 0.366667 0.388889 0.411111 0.433333 0.455556 0.477778 0.500000 0.522222 0.544444 0.566667 0.588889 0.611111 0.633333 0.655556 0.677778 0.700000 0.722222 0.744444 0.766667 0.788889 0.811111 0.833333 0.855556 0.877778 0.900000 0.922222 0.944444 0.966667 0.988889 
0 0.2221970 0.8043270 0.9133340 0.7904500 0.9146410 0.8185340 0.2235040 0.832411
25. Работалъ тоже. Переводъ побольше. Гроза
0.011628 0.034884 0.058140 0.081395 0.104651 0.127907 0.151163 0.174419 0.197674 0.220930 0.244186 0.267442 0.290698 0.313953 0.337209 0.360465 0.383721 0.406977 0.430233 0.453488 0.476744 0.500000 0.523256 0.546512 0.569767 0.593023 0.616279 0.639535 0.662791 0.686047 0.709302 0.732558 0.755814 0.779070 0.802326 0.825581 0.848837 0.872093 0.895349 0.918605 0.941860 0.965116 0.988372 
0 0.5156220 0.8133650 0.8045980 0.8060400 0.8059310 0.8287180 0.5169550 0.836043
при сѣверномъ вѣтрѣ
0.026316 0.078947 0.131579 0.184211 0.236842 0.289474 0.342105 0.394737 0.447368 0.500000 0.552632 0.605263 0.657895 0.710526 0.763158 0.815789 0.868421 0.921053 0.973684 
0 0.2191710 0.8461510 0.8773430 0.8240640 0.8792270 0.8482730 0.2210550 0.870360
и проливной дождь съ вихремъ. Послѣ
0.014286 0.042857 0.071429 0.100000 0.128571 0.157143 0.185714 0.214286 0.242857 0.271429 0.300000 0.328571 0.357143 0.385714 0.414286 0.442857 0.471429 0.500000 0.528571 0.557143 0.585714 0.614286 0.642857 0.671429 0.700000 0.728571 0.757143 0.785714 0.814286 0.842857 0.871429 0.900000 0.928571 0.957143 0.985714 
0 0.2200140 0.8813370 0.9497850 0.8576050 0.9518090 0.8844500 0.2220380 0.908182
грозы купался — вода свѣжа.—. Anaïs тоже купалась
0.010204 0.030612 0.051020 0.071429 0.091837 0.112245 0.132653 0.153061 0.173469 0.193878 0.214286 0.234694 0.255102 0.275510 0.295918 0.316327 0.336735 0.357143 0.377551 0.397959 0.418367 0.438776 0.459184 0.479592 0.500000 0.520408 0.540816 0.561224 0.581633 0.602041 0.622449 0.642857 0.663265 0.683673 0.704082 0.724490 0.744898 0.765306 0.785714 0.806122 0.826531 0.846939 0.867347 0.887755 0.908163 0.928571 0.948980 0.969388 0.989796 
