0 0.0324440 0.0606990 0.1818030 0.0593770 0.1822900 0.0809950 0.0329310 0.082317
1853. Годъ.
0.045455 0.136364 0.227273 0.318182 0.409091 0.500000 0.590909 0.681818 0.772727 0.863636 0.954545 
0 0.0647720 0.0970870 0.9181410 0.0994620 0.9179880 0.1210820 0.0646190 0.118707
#
0.500000 
0 0.0765890 0.1313210 0.9035460 0.1331420 0.9034250 0.1547720 0.0764680 0.152951
#
0.500000 
0 0.0789230 0.1691130 0.8703600 0.1627510 0.8708020 0.1843300 0.0793650 0.190693
#
0.500000 
0 0.0771820 0.1976450 0.7602410 0.1935670 0.7605690 0.2151650 0.0775100 0.219242
#
0.500000 
0 0.0755770 0.2261500 0.9398780 0.2258640 0.9399000 0.2513600 0.0755990 0.251646
#
0.500000 
0 0.0760170 0.2676300 0.9157200 0.2583120 0.9163820 0.2817310 0.0766790 0.291049
#
0.500000 
0 0.0820570 0.3046500 0.9162320 0.2904860 0.9173810 0.3170710 0.0832070 0.331235
#
0.500000 
0 0.0792600 0.3430810 0.9416580 0.3271190 0.9429060 0.3536000 0.0805080 0.369562
#
0.500000 
0 0.0813540 0.3742670 0.9392260 0.3614750 0.9401180 0.3849940 0.0822470 0.397785
#
0.500000 
0 0.0842790 0.3993860 0.9576820 0.3924130 0.9582280 0.4192560 0.0848240 0.426229
#
0.500000 
0 0.0830990 0.4336050 0.8863850 0.4218160 0.8873070 0.4464910 0.0840210 0.458280
#
0.500000 
0 0.0838680 0.4663450 0.9573200 0.4520480 0.9584090 0.4781810 0.0849570 0.492478
#
0.500000 
0 0.1022940 0.4830870 0.2206830 0.4811880 0.2215650 0.5027790 0.1031750 0.504678
#
0.500000 
0 0.0831840 0.4988100 0.9174170 0.4876450 0.9182370 0.5117060 0.0840040 0.522872
#
0.500000 
0 0.0821330 0.5300250 0.9473950 0.5171300 0.9483740 0.5429370 0.0831120 0.555832
#
0.500000 
0 0.0856350 0.5681450 0.9153150 0.5491350 0.9165730 0.5706920 0.0868920 0.589702
#
0.500000 
0 0.0792130 0.5962890 0.9289710 0.5803860 0.9302000 0.6061840 0.0804420 0.622086
#
0.500000 
0 0.0829250 0.6270310 0.9371670 0.6113740 0.9383490 0.6367050 0.0841070 0.652363
#
0.500000 
0 0.0837950 0.6572130 0.9280820 0.6405730 0.9293000 0.6648360 0.0850130 0.681476
#
0.500000 
0 0.0875800 0.6855370 0.9191100 0.6722920 0.9201250 0.6973090 0.0885940 0.710553
#
0.500000 
0 0.0821320 0.7174600 0.8944990 0.7044320 0.8955090 0.7291720 0.0831420 0.742200
#
0.500000 
0 0.0801950 0.7502370 0.5792500 0.7398900 0.5804620 0.7628460 0.0814070 0.773194
#
0.500000 
0 0.0748010 0.7810880 0.9089930 0.7651720 0.9101270 0.7885310 0.0759360 0.804447
30-е Мая. Утро. Тихо т.р. 9°. Полдень Ветеръ S.
0.010638 0.031915 0.053191 0.074468 0.095745 0.117021 0.138298 0.159574 0.180851 0.202128 0.223404 0.244681 0.265957 0.287234 0.308511 0.329787 0.351064 0.372340 0.393617 0.414894 0.436170 0.457447 0.478723 0.500000 0.521277 0.542553 0.563830 0.585106 0.606383 0.627660 0.648936 0.670213 0.691489 0.712766 0.734043 0.755319 0.776596 0.797872 0.819149 0.840426 0.861702 0.882979 0.904255 0.925532 0.946809 0.968085 0.989362 
0 0.0785280 0.8119240 0.8789990 0.7987250 0.8800330 0.8233500 0.0795620 0.836549
и довольно скорый. Вечеръ 8 ч. т.р. +12°.—.
0.011628 0.034884 0.058140 0.081395 0.104651 0.127907 0.151163 0.174419 0.197674 0.220930 0.244186 0.267442 0.290698 0.313953 0.337209 0.360465 0.383721 0.406977 0.430233 0.453488 0.476744 0.500000 0.523256 0.546512 0.569767 0.593023 0.616279 0.639535 0.662791 0.686047 0.709302 0.732558 0.755814 0.779070 0.802326 0.825581 0.848837 0.872093 0.895349 0.918605 0.941860 0.965116 0.988372 
0 0.0828330 0.8435410 0.8933650 0.8269410 0.8946660 0.8518870 0.0841340 0.868488
Въ 4. часа по полудни громъ и малый дождь. —
0.011364 0.034091 0.056818 0.079545 0.102273 0.125000 0.147727 0.170455 0.193182 0.215909 0.238636 0.261364 0.284091 0.306818 0.329545 0.352273 0.375000 0.397727 0.420455 0.443182 0.465909 0.488636 0.511364 0.534091 0.556818 0.579545 0.602273 0.625000 0.647727 0.670455 0.693182 0.715909 0.738636 0.761364 0.784091 0.806818 0.829545 0.852273 0.875000 0.897727 0.920455 0.943182 0.965909 0.988636 
0 0.0885220 0.8730200 0.9372690 0.8598630 0.9383060 0.8861350 0.0895590 0.899292
NB. Сдѣланъ вводъ меня во владѣніе по треть купчимъ
0.009804 0.029412 0.049020 0.068627 0.088235 0.107843 0.127451 0.147059 0.166667 0.186275 0.205882 0.225490 0.245098 0.264706 0.284314 0.303922 0.323529 0.343137 0.362745 0.382353 0.401961 0.421569 0.441176 0.460784 0.480392 0.500000 0.519608 0.539216 0.558824 0.578431 0.598039 0.617647 0.637255 0.656863 0.676471 0.696078 0.715686 0.735294 0.754902 0.774510 0.794118 0.813725 0.833333 0.852941 0.872549 0.892157 0.911765 0.931373 0.950980 0.970588 0.990196 
0 0.0866610 0.9017080 0.9518450 0.8890350 0.9528650 0.9163860 0.0876810 0.929059
крѣпостямъ на Воейковское имѣніе, на Карцевскую 7-ю часть
0.008772 0.026316 0.043860 0.061404 0.078947 0.096491 0.114035 0.131579 0.149123 0.166667 0.184211 0.201754 0.219298 0.236842 0.254386 0.271930 0.289474 0.307018 0.324561 0.342105 0.359649 0.377193 0.394737 0.412281 0.429825 0.447368 0.464912 0.482456 0.500000 0.517544 0.535088 0.552632 0.570175 0.587719 0.605263 0.622807 0.640351 0.657895 0.675439 0.692982 0.710526 0.728070 0.745614 0.763158 0.780702 0.798246 0.815789 0.833333 0.850877 0.868421 0.885965 0.903509 0.921053 0.938596 0.956140 0.973684 0.991228 
0 0.0904830 0.9351210 0.6970360 0.9258660 0.6978740 0.9474350 0.0913210 0.956689
и на землю купленную у Штолскаго.
0.015152 0.045455 0.075758 0.106061 0.136364 0.166667 0.196970 0.227273 0.257576 0.287879 0.318182 0.348485 0.378788 0.409091 0.439394 0.469697 0.500000 0.530303 0.560606 0.590909 0.621212 0.651515 0.681818 0.712121 0.742424 0.772727 0.803030 0.833333 0.863636 0.893939 0.924242 0.954545 0.984848 
