0 0.1421410 0.1108740 0.9598630 0.1264340 0.9591500 0.1507730 0.1414280 0.135214
тройкой къ Голиковымъ. Жарко. У Голиковыхъ. Чулковы — Зыбина
0.008333 0.025000 0.041667 0.058333 0.075000 0.091667 0.108333 0.125000 0.141667 0.158333 0.175000 0.191667 0.208333 0.225000 0.241667 0.258333 0.275000 0.291667 0.308333 0.325000 0.341667 0.358333 0.375000 0.391667 0.408333 0.425000 0.441667 0.458333 0.475000 0.491667 0.508333 0.525000 0.541667 0.558333 0.575000 0.591667 0.608333 0.625000 0.641667 0.658333 0.675000 0.691667 0.708333 0.725000 0.741667 0.758333 0.775000 0.791667 0.808333 0.825000 0.841667 0.858333 0.875000 0.891667 0.908333 0.925000 0.941667 0.958333 0.975000 0.991667 
0 0.1432390 0.1497460 0.9680340 0.1701210 0.9671360 0.1937320 0.1423420 0.173358
Карцовъ и я. Ночевалъ у Голиковыхъ. Спалъ отлично. Pf. Const. 100°
0.007576 0.022727 0.037879 0.053030 0.068182 0.083333 0.098485 0.113636 0.128788 0.143939 0.159091 0.174242 0.189394 0.204545 0.219697 0.234848 0.250000 0.265152 0.280303 0.295455 0.310606 0.325758 0.340909 0.356061 0.371212 0.386364 0.401515 0.416667 0.431818 0.446970 0.462121 0.477273 0.492424 0.507576 0.522727 0.537879 0.553030 0.568182 0.583333 0.598485 0.613636 0.628788 0.643939 0.659091 0.674242 0.689394 0.704545 0.719697 0.734848 0.750000 0.765152 0.780303 0.795455 0.810606 0.825758 0.840909 0.856061 0.871212 0.886364 0.901515 0.916667 0.931818 0.946970 0.962121 0.977273 0.992424 
0 0.1493170 0.1883930 0.9646250 0.2062210 0.9639050 0.2276010 0.1485970 0.209773
26. Всталъ не рано. Читалъ Тургенева: Чужой хлѣбъ. Плохо
0.008929 0.026786 0.044643 0.062500 0.080357 0.098214 0.116071 0.133929 0.151786 0.169643 0.187500 0.205357 0.223214 0.241071 0.258929 0.276786 0.294643 0.312500 0.330357 0.348214 0.366071 0.383929 0.401786 0.419643 0.437500 0.455357 0.473214 0.491071 0.508929 0.526786 0.544643 0.562500 0.580357 0.598214 0.616071 0.633929 0.651786 0.669643 0.687500 0.705357 0.723214 0.741071 0.758929 0.776786 0.794643 0.812500 0.830357 0.848214 0.866071 0.883929 0.901786 0.919643 0.937500 0.955357 0.973214 0.991071 
0 0.1541270 0.2305240 0.9670910 0.2493030 0.9661570 0.2755730 0.1531930 0.256793
пошло, вяло, безъ ума, безъ вкуса и безъ такта. Претензія на
0.008333 0.025000 0.041667 0.058333 0.075000 0.091667 0.108333 0.125000 0.141667 0.158333 0.175000 0.191667 0.208333 0.225000 0.241667 0.258333 0.275000 0.291667 0.308333 0.325000 0.341667 0.358333 0.375000 0.391667 0.408333 0.425000 0.441667 0.458333 0.475000 0.491667 0.508333 0.525000 0.541667 0.558333 0.575000 0.591667 0.608333 0.625000 0.641667 0.658333 0.675000 0.691667 0.708333 0.725000 0.741667 0.758333 0.775000 0.791667 0.808333 0.825000 0.841667 0.858333 0.875000 0.891667 0.908333 0.925000 0.941667 0.958333 0.975000 0.991667 
0 0.1542300 0.2675610 0.9455530 0.2873600 0.9445440 0.3135780 0.1532210 0.293780
чувство, а сердца нѣтъ. Разговоры за чаемъ о воспитаніи.
0.008929 0.026786 0.044643 0.062500 0.080357 0.098214 0.116071 0.133929 0.151786 0.169643 0.187500 0.205357 0.223214 0.241071 0.258929 0.276786 0.294643 0.312500 0.330357 0.348214 0.366071 0.383929 0.401786 0.419643 0.437500 0.455357 0.473214 0.491071 0.508929 0.526786 0.544643 0.562500 0.580357 0.598214 0.616071 0.633929 0.651786 0.669643 0.687500 0.705357 0.723214 0.741071 0.758929 0.776786 0.794643 0.812500 0.830357 0.848214 0.866071 0.883929 0.901786 0.919643 0.937500 0.955357 0.973214 0.991071 
0 0.1575520 0.3073010 0.9474570 0.3266960 0.9465630 0.3503490 0.1566580 0.330954
Пріѣхалъ домой въ 2 часа. Получилъ 2/т Сереб изъ денегъ
0.009091 0.027273 0.045455 0.063636 0.081818 0.100000 0.118182 0.136364 0.154545 0.172727 0.190909 0.209091 0.227273 0.245455 0.263636 0.281818 0.300000 0.318182 0.336364 0.354545 0.372727 0.390909 0.409091 0.427273 0.445455 0.463636 0.481818 0.500000 0.518182 0.536364 0.554545 0.572727 0.590909 0.609091 0.627273 0.645455 0.663636 0.681818 0.700000 0.718182 0.736364 0.754545 0.772727 0.790909 0.809091 0.827273 0.845455 0.863636 0.881818 0.900000 0.918182 0.936364 0.954545 0.972727 0.990909 
0 0.1634720 0.3512990 0.9456840 0.3590850 0.9452790 0.3855560 0.1630660 0.377770
за Воскресенское. Вечеромъ разговоры съ Афремовымъ и Семенъ
0.008475 0.025424 0.042373 0.059322 0.076271 0.093220 0.110169 0.127119 0.144068 0.161017 0.177966 0.194915 0.211864 0.228814 0.245763 0.262712 0.279661 0.296610 0.313559 0.330508 0.347458 0.364407 0.381356 0.398305 0.415254 0.432203 0.449153 0.466102 0.483051 0.500000 0.516949 0.533898 0.550847 0.567797 0.584746 0.601695 0.618644 0.635593 0.652542 0.669492 0.686441 0.703390 0.720339 0.737288 0.754237 0.771186 0.788136 0.805085 0.822034 0.838983 0.855932 0.872881 0.889831 0.906780 0.923729 0.940678 0.957627 0.974576 0.991525 
0 0.1590860 0.3870180 0.9729610 0.3951640 0.9726310 0.4165550 0.1587570 0.408409
Иванычемъ о свеклѣ. Мы насчитываемъ въ семъ году до 20/т берков-
0.007813 0.023438 0.039063 0.054688 0.070313 0.085938 0.101563 0.117188 0.132813 0.148438 0.164063 0.179688 0.195313 0.210938 0.226563 0.242188 0.257813 0.273438 0.289063 0.304688 0.320313 0.335938 0.351563 0.367188 0.382813 0.398438 0.414063 0.429688 0.445313 0.460938 0.476563 0.492188 0.507813 0.523438 0.539063 0.554688 0.570313 0.585938 0.601563 0.617188 0.632813 0.648438 0.664063 0.679688 0.695313 0.710938 0.726563 0.742188 0.757813 0.773438 0.789063 0.804688 0.820313 0.835938 0.851563 0.867188 0.882813 0.898438 0.914063 0.929688 0.945313 0.960938 0.976563 0.992188 
0 0.1636080 0.4239190 0.9563700 0.4367750 0.9557700 0.4608140 0.1630080 0.447958
цевъ — въ будущемъ надо добиться до 40/т берковцевъ. Расчетъ такой
0.007576 0.022727 0.037879 0.053030 0.068182 0.083333 0.098485 0.113636 0.128788 0.143939 0.159091 0.174242 0.189394 0.204545 0.219697 0.234848 0.250000 0.265152 0.280303 0.295455 0.310606 0.325758 0.340909 0.356061 0.371212 0.386364 0.401515 0.416667 0.431818 0.446970 0.462121 0.477273 0.492424 0.507576 0.522727 0.537879 0.553030 0.568182 0.583333 0.598485 0.613636 0.628788 0.643939 0.659091 0.674242 0.689394 0.704545 0.719697 0.734848 0.750000 0.765152 0.780303 0.795455 0.810606 0.825758 0.840909 0.856061 0.871212 0.886364 0.901515 0.916667 0.931818 0.946970 0.962121 0.977273 0.992424 
0 0.1648760 0.4635260 0.9232140 0.4708730 0.9228420 0.4958000 0.1645040 0.488452
Самъ буду садить 250 десятинъ. Александровичъ 100. Афремовы
0.008475 0.025424 0.042373 0.059322 0.076271 0.093220 0.110169 0.127119 0.144068 0.161017 0.177966 0.194915 0.211864 0.228814 0.245763 0.262712 0.279661 0.296610 0.313559 0.330508 0.347458 0.364407 0.381356 0.398305 0.415254 0.432203 0.449153 0.466102 0.483051 0.500000 0.516949 0.533898 0.550847 0.567797 0.584746 0.601695 0.618644 0.635593 0.652542 0.669492 0.686441 0.703390 0.720339 0.737288 0.754237 0.771186 0.788136 0.805085 0.822034 0.838983 0.855932 0.872881 0.889831 0.906780 0.923729 0.940678 0.957627 0.974576 0.991525 
0 0.1649940 0.4979290 0.9505790 0.5094920 0.9499980 0.5351330 0.1644130 0.523570
80. Мининъ 40, въ Скородномъ 40. Мелкинъ до 100 — всего болѣе 600
0.007692 0.023077 0.038462 0.053846 0.069231 0.084615 0.100000 0.115385 0.130769 0.146154 0.161538 0.176923 0.192308 0.207692 0.223077 0.238462 0.253846 0.269231 0.284615 0.300000 0.315385 0.330769 0.346154 0.361538 0.376923 0.392308 0.407692 0.423077 0.438462 0.453846 0.469231 0.484615 0.500000 0.515385 0.530769 0.546154 0.561538 0.576923 0.592308 0.607692 0.623077 0.638462 0.653846 0.669231 0.684615 0.700000 0.715385 0.730769 0.746154 0.761538 0.776923 0.792308 0.807692 0.823077 0.838462 0.853846 0.869231 0.884615 0.900000 0.915385 0.930769 0.946154 0.961538 0.976923 0.992308 
0 0.1629510 0.5378070 0.9328060 0.5467300 0.9324250 0.5681190 0.1625690 0.559196
десятинъ. Вотъ до чего надо достигнуть въ 1. годъ. Тогда
0.008929 0.026786 0.044643 0.062500 0.080357 0.098214 0.116071 0.133929 0.151786 0.169643 0.187500 0.205357 0.223214 0.241071 0.258929 0.276786 0.294643 0.312500 0.330357 0.348214 0.366071 0.383929 0.401786 0.419643 0.437500 0.455357 0.473214 0.491071 0.508929 0.526786 0.544643 0.562500 0.580357 0.598214 0.616071 0.633929 0.651786 0.669643 0.687500 0.705357 0.723214 0.741071 0.758929 0.776786 0.794643 0.812500 0.830357 0.848214 0.866071 0.883929 0.901786 0.919643 0.937500 0.955357 0.973214 0.991071 
0 0.1681370 0.5740770 0.9628530 0.5800640 0.9625740 0.6041950 0.1678570 0.598208
будетъ хорошо. О дровахъ получилъ хорошіе свѣдѣнія изъ Засѣки отъ
0.007692 0.023077 0.038462 0.053846 0.069231 0.084615 0.100000 0.115385 0.130769 0.146154 0.161538 0.176923 0.192308 0.207692 0.223077 0.238462 0.253846 0.269231 0.284615 0.300000 0.315385 0.330769 0.346154 0.361538 0.376923 0.392308 0.407692 0.423077 0.438462 0.453846 0.469231 0.484615 0.500000 0.515385 0.530769 0.546154 0.561538 0.576923 0.592308 0.607692 0.623077 0.638462 0.653846 0.669231 0.684615 0.700000 0.715385 0.730769 0.746154 0.761538 0.776923 0.792308 0.807692 0.823077 0.838462 0.853846 0.869231 0.884615 0.900000 0.915385 0.930769 0.946154 0.961538 0.976923 0.992308 
0 0.1677860 0.6095850 0.4653930 0.6075940 0.4656140 0.6290050 0.1680070 0.630996
Игната подвальнаго:
0.026316 0.078947 0.131579 0.184211 0.236842 0.289474 0.342105 0.394737 0.447368 0.500000 0.552632 0.605263 0.657895 0.710526 0.763158 0.815789 0.868421 0.921053 0.973684 
0 0.2212000 0.6351420 0.9283820 0.6396500 0.9281340 0.6649860 0.2209520 0.660479
#
0.500000 
0 0.2223480 0.6678250 0.3381390 0.6671320 0.3383360 0.6885410 0.2225460 0.689234
#
0.500000 
0 0.6057420 0.6691500 0.6392340 0.6691500 0.6392340 0.6901500 0.6057420 0.690150
#
0.500000 
0 0.8942580 0.6693420 0.9215310 0.6693420 0.9215310 0.6905350 0.8942580 0.690535
#
0.500000 
0 0.2256240 0.7009970 0.3624650 0.6997470 0.3627660 0.7211640 0.2259250 0.722415
#
0.500000 
0 0.6044060 0.7005230 0.6718660 0.7021850 0.6710550 0.7235700 0.6035950 0.721908
#
0.500000 
0 0.8783270 0.7048900 0.9553550 0.7028360 0.9562320 0.7242170 0.8792040 0.726271
#
0.500000 
0 0.3430180 0.7345370 0.6707760 0.7400700 0.6701770 0.7631180 0.3424190 0.757584
#
0.500000 
0 0.7091980 0.7424170 0.9618240 0.7383550 0.9623540 0.7597370 0.7097270 0.763800
#
0.500000 
0 0.2137150 0.7754280 0.7629940 0.7829200 0.7624420 0.8092050 0.2131640 0.801713
#
0.500000 
0 0.2064420 0.8097600 0.5088210 0.8178190 0.5078740 0.8408970 0.2054960 0.832838
#
0.500000 
0 0.2132460 0.8420670 0.9160890 0.8511800 0.9156000 0.8756530 0.2127580 0.866540
#
0.500000 
0 0.1989680 0.8776920 0.3774360 0.8771150 0.3775420 0.8984990 0.1990740 0.899076
#
0.500000 
