0 0.0850590 0.0283570 0.2723310 0.0280480 0.2724250 0.0520910 0.0851520 0.052400
1854. Декабрь
0.038462 0.115385 0.192308 0.269231 0.346154 0.423077 0.500000 0.576923 0.653846 0.730769 0.807692 0.884615 0.961538 
0 0.1898050 0.1134850 0.9183030 0.1103130 0.9185400 0.1333400 0.1900420 0.136512
en verve. Большой разговоръ съ Алмазо-
0.013158 0.039474 0.065789 0.092105 0.118421 0.144737 0.171053 0.197368 0.223684 0.250000 0.276316 0.302632 0.328947 0.355263 0.381579 0.407895 0.434211 0.460526 0.486842 0.513158 0.539474 0.565789 0.592105 0.618421 0.644737 0.671053 0.697368 0.723684 0.750000 0.776316 0.802632 0.828947 0.855263 0.881579 0.907895 0.934211 0.960526 0.986842 
0 0.1693080 0.1540500 0.8395580 0.1531760 0.8396250 0.1747580 0.1693750 0.175632
вымъ о цивилизаціи.—. 27. Обѣдъ у
0.015152 0.045455 0.075758 0.106061 0.136364 0.166667 0.196970 0.227273 0.257576 0.287879 0.318182 0.348485 0.378788 0.409091 0.439394 0.469697 0.500000 0.530303 0.560606 0.590909 0.621212 0.651515 0.681818 0.712121 0.742424 0.772727 0.803030 0.833333 0.863636 0.893939 0.924242 0.954545 0.984848 
0 0.1735260 0.1974670 0.9289040 0.1917270 0.9293240 0.2151450 0.1739460 0.220886
Сестры — en verve — Кудрявцевъ, Леонь-
0.013158 0.039474 0.065789 0.092105 0.118421 0.144737 0.171053 0.197368 0.223684 0.250000 0.276316 0.302632 0.328947 0.355263 0.381579 0.407895 0.434211 0.460526 0.486842 0.513158 0.539474 0.565789 0.592105 0.618421 0.644737 0.671053 0.697368 0.723684 0.750000 0.776316 0.802632 0.828947 0.855263 0.881579 0.907895 0.934211 0.960526 0.986842 
0 0.1742880 0.2395510 0.2836020 0.2409140 0.2829660 0.2625360 0.1736520 0.261173
тьевъ.
0.083333 0.250000 0.416667 0.583333 0.750000 0.916667 
0 0.1830760 0.2788240 0.9384470 0.2658700 0.9393200 0.2874410 0.1839480 0.300395
#
0.500000 
0 0.1729640 0.3170870 0.9202890 0.2992440 0.9216700 0.3237500 0.1743440 0.341593
#
0.500000 
0 0.1731610 0.3640420 0.9634210 0.3497300 0.9644140 0.3729760 0.1741540 0.387288
#
0.500000 
0 0.1815500 0.4195430 0.9431680 0.3929240 0.9451710 0.4172110 0.1835520 0.443830
31-е. Перешелъ половину переводи-
0.015152 0.045455 0.075758 0.106061 0.136364 0.166667 0.196970 0.227273 0.257576 0.287879 0.318182 0.348485 0.378788 0.409091 0.439394 0.469697 0.500000 0.530303 0.560606 0.590909 0.621212 0.651515 0.681818 0.712121 0.742424 0.772727 0.803030 0.833333 0.863636 0.893939 0.924242 0.954545 0.984848 
0 0.1834780 0.4593690 0.8929770 0.4386770 0.8946780 0.4634040 0.1851790 0.484095
мой мною книги Чел. Філ Исторіи.
0.015625 0.046875 0.078125 0.109375 0.140625 0.171875 0.203125 0.234375 0.265625 0.296875 0.328125 0.359375 0.390625 0.421875 0.453125 0.484375 0.515625 0.546875 0.578125 0.609375 0.640625 0.671875 0.703125 0.734375 0.765625 0.796875 0.828125 0.859375 0.890625 0.921875 0.953125 0.984375 
0 0.1817390 0.4955450 0.8985870 0.4763250 0.9001280 0.5006930 0.1832800 0.519913
У Билы вѣшался на вѣсахъ — я
0.017857 0.053571 0.089286 0.125000 0.160714 0.196429 0.232143 0.267857 0.303571 0.339286 0.375000 0.410714 0.446429 0.482143 0.517857 0.553571 0.589286 0.625000 0.660714 0.696429 0.732143 0.767857 0.803571 0.839286 0.875000 0.910714 0.946429 0.982143 
0 0.1787060 0.5372690 0.8965910 0.5121620 0.8985490 0.5358980 0.1806640 0.561006
вѣшу 4 п. 27 ф. въ теченіе лѣта я
0.015152 0.045455 0.075758 0.106061 0.136364 0.166667 0.196970 0.227273 0.257576 0.287879 0.318182 0.348485 0.378788 0.409091 0.439394 0.469697 0.500000 0.530303 0.560606 0.590909 0.621212 0.651515 0.681818 0.712121 0.742424 0.772727 0.803030 0.833333 0.863636 0.893939 0.924242 0.954545 0.984848 
0 0.1685520 0.5764000 0.6192600 0.5663130 0.6203990 0.5878840 0.1696910 0.597971
пріобрѣлъ три фунта.
0.025000 0.075000 0.125000 0.175000 0.225000 0.275000 0.325000 0.375000 0.425000 0.475000 0.525000 0.575000 0.625000 0.675000 0.725000 0.775000 0.825000 0.875000 0.925000 0.975000 
0 0.3744560 0.6300180 0.7570690 0.6194650 0.7585260 0.6418590 0.3759120 0.652412
1855-й Годъ. —
0.035714 0.107143 0.178571 0.250000 0.321429 0.392857 0.464286 0.535714 0.607143 0.678571 0.750000 0.821429 0.892857 0.964286 
0 0.0390050 0.6867280 0.9315990 0.6636050 0.9332930 0.6913430 0.0407000 0.714465
1-е. Генв. Вечеръ 31-го провелъ съ Самсономъ читалъ ста-
0.008929 0.026786 0.044643 0.062500 0.080357 0.098214 0.116071 0.133929 0.151786 0.169643 0.187500 0.205357 0.223214 0.241071 0.258929 0.276786 0.294643 0.312500 0.330357 0.348214 0.366071 0.383929 0.401786 0.419643 0.437500 0.455357 0.473214 0.491071 0.508929 0.526786 0.544643 0.562500 0.580357 0.598214 0.616071 0.633929 0.651786 0.669643 0.687500 0.705357 0.723214 0.741071 0.758929 0.776786 0.794643 0.812500 0.830357 0.848214 0.866071 0.883929 0.901786 0.919643 0.937500 0.955357 0.973214 0.991071 
0 0.1594350 0.7283040 0.9156260 0.7077770 0.9172800 0.7336170 0.1610890 0.754143
тью Finances de la Guerre. Спалъ хорошо —
0.012195 0.036585 0.060976 0.085366 0.109756 0.134146 0.158537 0.182927 0.207317 0.231707 0.256098 0.280488 0.304878 0.329268 0.353659 0.378049 0.402439 0.426829 0.451220 0.475610 0.500000 0.524390 0.548780 0.573171 0.597561 0.621951 0.646341 0.670732 0.695122 0.719512 0.743902 0.768293 0.792683 0.817073 0.841463 0.865854 0.890244 0.914634 0.939024 0.963415 0.987805 
0 0.1586020 0.7724630 0.9121740 0.7535870 0.9134470 0.7751360 0.1598750 0.794013
Всталъ не рано и пишу сіи строки.
0.015152 0.045455 0.075758 0.106061 0.136364 0.166667 0.196970 0.227273 0.257576 0.287879 0.318182 0.348485 0.378788 0.409091 0.439394 0.469697 0.500000 0.530303 0.560606 0.590909 0.621212 0.651515 0.681818 0.712121 0.742424 0.772727 0.803030 0.833333 0.863636 0.893939 0.924242 0.954545 0.984848 
0 0.0629980 0.8027910 0.8767020 0.7905460 0.8775980 0.8158030 0.0638950 0.828047
2-е. 3-е. 4-е. Приготовленія къ отъѣзду на охоту
0.010417 0.031250 0.052083 0.072917 0.093750 0.114583 0.135417 0.156250 0.177083 0.197917 0.218750 0.239583 0.260417 0.281250 0.302083 0.322917 0.343750 0.364583 0.385417 0.406250 0.427083 0.447917 0.468750 0.489583 0.510417 0.531250 0.552083 0.572917 0.593750 0.614583 0.635417 0.656250 0.677083 0.697917 0.718750 0.739583 0.760417 0.781250 0.802083 0.822917 0.843750 0.864583 0.885417 0.906250 0.927083 0.947917 0.968750 0.989583 
0 0.1363030 0.8412770 0.6183730 0.8306050 0.6195000 0.8521780 0.1374300 0.862850
за лосями къ Потолову.
0.022727 0.068182 0.113636 0.159091 0.204545 0.250000 0.295455 0.340909 0.386364 0.431818 0.477273 0.522727 0.568182 0.613636 0.659091 0.704545 0.750000 0.795455 0.840909 0.886364 0.931818 0.977273 
0 0.1659160 0.8707940 0.6219400 0.8617330 0.6230410 0.8852270 0.1670170 0.894288
5-го Выѣхалъ къ Потолову.
0.020000 0.060000 0.100000 0.140000 0.180000 0.220000 0.260000 0.300000 0.340000 0.380000 0.420000 0.460000 0.500000 0.540000 0.580000 0.620000 0.660000 0.700000 0.740000 0.780000 0.820000 0.860000 0.900000 0.940000 0.980000 
0 0.1705500 0.9050750 0.8891700 0.8929490 0.8901630 0.9178890 0.1715430 0.930015
7-го Пріѣздъ къ нему въ село Дмитровское.
0.012195 0.036585 0.060976 0.085366 0.109756 0.134146 0.158537 0.182927 0.207317 0.231707 0.256098 0.280488 0.304878 0.329268 0.353659 0.378049 0.402439 0.426829 0.451220 0.475610 0.500000 0.524390 0.548780 0.573171 0.597561 0.621951 0.646341 0.670732 0.695122 0.719512 0.743902 0.768293 0.792683 0.817073 0.841463 0.865854 0.890244 0.914634 0.939024 0.963415 0.987805 
0 0.1776180 0.9392810 0.3362130 0.9362000 0.3372020 0.9577900 0.1786080 0.960871
Усталъ.
0.071429 0.214286 0.357143 0.500000 0.642857 0.785714 0.928571 
