0 0.1395180 0.1156640 0.9096980 0.0933410 0.9117030 0.1200780 0.1415240 0.142401
#
0.500000 
0 0.1531060 0.1390110 0.8902100 0.1187410 0.8920430 0.1444920 0.1549390 0.164762
#
0.500000 
0 0.1539400 0.1628850 0.3797630 0.1555150 0.3815540 0.1767190 0.1557310 0.184090
#
0.500000 
0 0.4272020 0.1544010 0.5816550 0.1517570 0.5825960 0.1729870 0.4281430 0.175631
#
0.500000 
0 0.6138600 0.1511290 0.8011660 0.1465950 0.8024950 0.1678130 0.6151890 0.172347
#
0.500000 
0 0.4319910 0.1750430 0.5924880 0.1733560 0.5930660 0.1945960 0.4325690 0.196284
#
0.500000 
0 0.4458610 0.1912670 0.5723670 0.1883770 0.5736220 0.2095980 0.4471160 0.212489
#
0.500000 
0 0.4447550 0.2100710 0.6392340 0.2038710 0.6409830 0.2250720 0.4465050 0.231272
#
0.500000 
0 0.6543960 0.2271770 0.8934410 0.2221830 0.8945890 0.2434050 0.6555440 0.248400
#
0.500000 
0 0.4215040 0.2351780 0.5264830 0.2322710 0.5280030 0.2534840 0.4230240 0.256390
#
0.500000 
0 0.1777700 0.2633290 0.9409840 0.2465960 0.9421880 0.2678170 0.1789740 0.284551
#
0.500000 
0 0.1782900 0.2905750 0.9702030 0.2684230 0.9717380 0.2896360 0.1798260 0.311788
#
0.500000 
0 0.1765840 0.3141880 0.6233830 0.3052250 0.6246070 0.3288080 0.1778080 0.337770
#
0.500000 
0 0.1660590 0.3385250 0.9541960 0.3210680 0.9555850 0.3452920 0.1674470 0.362750
#
0.500000 
0 0.1664770 0.3650310 0.9405690 0.3444200 0.9422560 0.3689050 0.1681640 0.389516
#
0.500000 
0 0.1638550 0.3904550 0.9862740 0.3676240 0.9879710 0.3912410 0.1655520 0.414071
#
0.500000 
0 0.1666930 0.4136580 0.9721940 0.3962870 0.9735230 0.4201040 0.1680230 0.437475
#
0.500000 
0 0.1678860 0.4411120 0.9695950 0.4234720 0.9708870 0.4461720 0.1691790 0.463813
#
0.500000 
0 0.1709610 0.4649520 0.9243590 0.4555230 0.9250460 0.4767540 0.1716490 0.486183
#
0.500000 
0 0.1731570 0.4917380 0.3423370 0.4876750 0.3436560 0.5088930 0.1744760 0.512956
#
0.500000 
0 0.3392030 0.5050870 0.5593680 0.5034030 0.5597880 0.5246460 0.3396230 0.526330
#
0.500000 
0 0.3466770 0.5267840 0.5071750 0.5267840 0.5071750 0.5477840 0.3466770 0.547784
#
0.500000 
0 0.3482270 0.5473420 0.7598580 0.5437860 0.7603330 0.5650210 0.3487020 0.568577
#
0.500000 
0 0.1762180 0.5779610 0.9609470 0.5674600 0.9617770 0.5914350 0.1770480 0.601936
#
0.500000 
0 0.1746300 0.5999180 0.4744790 0.5982410 0.4747860 0.6194860 0.1749380 0.621163
#
0.500000 
0 0.1750750 0.6216590 0.9741590 0.6119630 0.9748860 0.6351070 0.1758020 0.644802
20-е. Встаю не рано. Разладился. Всё это время меня очень занимала
0.007576 0.022727 0.037879 0.053030 0.068182 0.083333 0.098485 0.113636 0.128788 0.143939 0.159091 0.174242 0.189394 0.204545 0.219697 0.234848 0.250000 0.265152 0.280303 0.295455 0.310606 0.325758 0.340909 0.356061 0.371212 0.386364 0.401515 0.416667 0.431818 0.446970 0.462121 0.477273 0.492424 0.507576 0.522727 0.537879 0.553030 0.568182 0.583333 0.598485 0.613636 0.628788 0.643939 0.659091 0.674242 0.689394 0.704545 0.719697 0.734848 0.750000 0.765152 0.780303 0.795455 0.810606 0.825758 0.840909 0.856061 0.871212 0.886364 0.901515 0.916667 0.931818 0.946970 0.962121 0.977273 0.992424 
0 0.1747970 0.6453970 0.9829510 0.6443710 0.9830260 0.6672680 0.1748720 0.668294
или лучше развлекала внешность. — Я поручилъ Зеруну кончить Лавку
0.007692 0.023077 0.038462 0.053846 0.069231 0.084615 0.100000 0.115385 0.130769 0.146154 0.161538 0.176923 0.192308 0.207692 0.223077 0.238462 0.253846 0.269231 0.284615 0.300000 0.315385 0.330769 0.346154 0.361538 0.376923 0.392308 0.407692 0.423077 0.438462 0.453846 0.469231 0.484615 0.500000 0.515385 0.530769 0.546154 0.561538 0.576923 0.592308 0.607692 0.623077 0.638462 0.653846 0.669231 0.684615 0.700000 0.715385 0.730769 0.746154 0.761538 0.776923 0.792308 0.807692 0.823077 0.838462 0.853846 0.869231 0.884615 0.900000 0.915385 0.930769 0.946154 0.961538 0.976923 0.992308 
0 0.1778670 0.6625980 0.9304980 0.6685980 0.9300000 0.6927510 0.1773690 0.686751
и хлопотать объ отдачѣ Паточнаго Завода въ аренду. Катерину
0.008475 0.025424 0.042373 0.059322 0.076271 0.093220 0.110169 0.127119 0.144068 0.161017 0.177966 0.194915 0.211864 0.228814 0.245763 0.262712 0.279661 0.296610 0.313559 0.330508 0.347458 0.364407 0.381356 0.398305 0.415254 0.432203 0.449153 0.466102 0.483051 0.500000 0.516949 0.533898 0.550847 0.567797 0.584746 0.601695 0.618644 0.635593 0.652542 0.669492 0.686441 0.703390 0.720339 0.737288 0.754237 0.771186 0.788136 0.805085 0.822034 0.838983 0.855932 0.872881 0.889831 0.906780 0.923729 0.940678 0.957627 0.974576 0.991525 
0 0.1796760 0.6872160 0.9296760 0.6928780 0.9292610 0.7141130 0.1792610 0.708452
отправляю въ Москву сдать домъ. Мнѣ принесли первыя
0.009804 0.029412 0.049020 0.068627 0.088235 0.107843 0.127451 0.147059 0.166667 0.186275 0.205882 0.225490 0.245098 0.264706 0.284314 0.303922 0.323529 0.343137 0.362745 0.382353 0.401961 0.421569 0.441176 0.460784 0.480392 0.500000 0.519608 0.539216 0.558824 0.578431 0.598039 0.617647 0.637255 0.656863 0.676471 0.696078 0.715686 0.735294 0.754902 0.774510 0.794118 0.813725 0.833333 0.852941 0.872549 0.892157 0.911765 0.931373 0.950980 0.970588 0.990196 
0 0.1788220 0.7116310 0.9779150 0.7156440 0.9776390 0.7368820 0.1785460 0.732870
пробы сахару, изъ которыхъ послалъ въ Москву дядѣ Ал. Алек.
0.008475 0.025424 0.042373 0.059322 0.076271 0.093220 0.110169 0.127119 0.144068 0.161017 0.177966 0.194915 0.211864 0.228814 0.245763 0.262712 0.279661 0.296610 0.313559 0.330508 0.347458 0.364407 0.381356 0.398305 0.415254 0.432203 0.449153 0.466102 0.483051 0.500000 0.516949 0.533898 0.550847 0.567797 0.584746 0.601695 0.618644 0.635593 0.652542 0.669492 0.686441 0.703390 0.720339 0.737288 0.754237 0.771186 0.788136 0.805085 0.822034 0.838983 0.855932 0.872881 0.889831 0.906780 0.923729 0.940678 0.957627 0.974576 0.991525 
0 0.1742790 0.7367480 0.9741270 0.7405240 0.9738680 0.7617640 0.1740190 0.757988
Спиридонову и Матвею Ларивонову для оказанія торговцамъ. —
0.008621 0.025862 0.043103 0.060345 0.077586 0.094828 0.112069 0.129310 0.146552 0.163793 0.181034 0.198276 0.215517 0.232759 0.250000 0.267241 0.284483 0.301724 0.318966 0.336207 0.353448 0.370690 0.387931 0.405172 0.422414 0.439655 0.456897 0.474138 0.491379 0.508621 0.525862 0.543103 0.560345 0.577586 0.594828 0.612069 0.629310 0.646552 0.663793 0.681034 0.698276 0.715517 0.732759 0.750000 0.767241 0.784483 0.801724 0.818966 0.836207 0.853448 0.870690 0.887931 0.905172 0.922414 0.939655 0.956897 0.974138 0.991379 
0 0.1815900 0.7593620 0.9742510 0.7650210 0.9738180 0.7884200 0.1811580 0.782760
#
0.500000 
0 0.1863040 0.7830070 0.9789840 0.7917230 0.9783010 0.8157060 0.1856220 0.806990
#
0.500000 
0 0.1895420 0.8078430 0.9591680 0.8135900 0.9587100 0.8373330 0.1890830 0.831586
#
0.500000 
0 0.1920350 0.8316470 0.9257980 0.8347680 0.9255380 0.8583950 0.1917750 0.855275
#
0.500000 
0 0.1949750 0.8519390 0.9377930 0.8599300 0.9371370 0.8834740 0.1943190 0.875483
#
0.500000 
0 0.1945760 0.8777120 0.6360460 0.8786550 0.6359180 0.9017890 0.1944480 0.900846
#
0.500000 
0 0.1858730 0.8986840 0.9589060 0.8999510 0.9588080 0.9229940 0.1857750 0.921728
#
0.500000 
0 0.1909970 0.9233900 0.5131260 0.9226420 0.5132540 0.9439010 0.1911250 0.944649
#
0.500000 
