0 0.1039150 0.1247820 0.8961620 0.1259780 0.8961090 0.1490990 0.1038610 0.147903
паточный и Пучьково. — Со всѣхъ сторонъ въ письмахъ полу-
0.008772 0.026316 0.043860 0.061404 0.078947 0.096491 0.114035 0.131579 0.149123 0.166667 0.184211 0.201754 0.219298 0.236842 0.254386 0.271930 0.289474 0.307018 0.324561 0.342105 0.359649 0.377193 0.394737 0.412281 0.429825 0.447368 0.464912 0.482456 0.500000 0.517544 0.535088 0.552632 0.570175 0.587719 0.605263 0.622807 0.640351 0.657895 0.675439 0.692982 0.710526 0.728070 0.745614 0.763158 0.780702 0.798246 0.815789 0.833333 0.850877 0.868421 0.885965 0.903509 0.921053 0.938596 0.956140 0.973684 0.991228 
0 0.1024820 0.1591580 0.8870640 0.1603240 0.8870090 0.1841810 0.1024280 0.183015
чаемыхъ мною — есть что-то особое; какое особенное вни-
0.009091 0.027273 0.045455 0.063636 0.081818 0.100000 0.118182 0.136364 0.154545 0.172727 0.190909 0.209091 0.227273 0.245455 0.263636 0.281818 0.300000 0.318182 0.336364 0.354545 0.372727 0.390909 0.409091 0.427273 0.445455 0.463636 0.481818 0.500000 0.518182 0.536364 0.554545 0.572727 0.590909 0.609091 0.627273 0.645455 0.663636 0.681818 0.700000 0.718182 0.736364 0.754545 0.772727 0.790909 0.809091 0.827273 0.845455 0.863636 0.881818 0.900000 0.918182 0.936364 0.954545 0.972727 0.990909 
0 0.1031680 0.1921890 0.8801000 0.1983580 0.8797720 0.2251270 0.1028410 0.218959
маніе и уваженіе ко мнѣ: отъ отца, отъ матери, отъ Дяди, отъ
0.008333 0.025000 0.041667 0.058333 0.075000 0.091667 0.108333 0.125000 0.141667 0.158333 0.175000 0.191667 0.208333 0.225000 0.241667 0.258333 0.275000 0.291667 0.308333 0.325000 0.341667 0.358333 0.375000 0.391667 0.408333 0.425000 0.441667 0.458333 0.475000 0.491667 0.508333 0.525000 0.541667 0.558333 0.575000 0.591667 0.608333 0.625000 0.641667 0.658333 0.675000 0.691667 0.708333 0.725000 0.741667 0.758333 0.775000 0.791667 0.808333 0.825000 0.841667 0.858333 0.875000 0.891667 0.908333 0.925000 0.941667 0.958333 0.975000 0.991667 
0 0.1073370 0.2334040 0.8732480 0.2365170 0.8731020 0.2598640 0.1071900 0.256751
Миши, отъ Дяди Алек: Алекс: —. Nоябрь, Nоябрь! Странный ты
0.008621 0.025862 0.043103 0.060345 0.077586 0.094828 0.112069 0.129310 0.146552 0.163793 0.181034 0.198276 0.215517 0.232759 0.250000 0.267241 0.284483 0.301724 0.318966 0.336207 0.353448 0.370690 0.387931 0.405172 0.422414 0.439655 0.456897 0.474138 0.491379 0.508621 0.525862 0.543103 0.560345 0.577586 0.594828 0.612069 0.629310 0.646552 0.663793 0.681034 0.698276 0.715517 0.732759 0.750000 0.767241 0.784483 0.801724 0.818966 0.836207 0.853448 0.870690 0.887931 0.905172 0.922414 0.939655 0.956897 0.974138 0.991379 
0 0.1151320 0.2729150 0.3903820 0.2701520 0.3907130 0.2915530 0.1154630 0.294316
для меня мѣсяцъ. —
0.027778 0.083333 0.138889 0.194444 0.250000 0.305556 0.361111 0.416667 0.472222 0.527778 0.583333 0.638889 0.694444 0.750000 0.805556 0.861111 0.916667 0.972222 
0 0.1145730 0.3079090 0.8790130 0.2981690 0.8794860 0.3222350 0.1150450 0.331975
5-е. Всталъ рано. На ночь и утромъ Гимнастика — меня связало —
0.008065 0.024194 0.040323 0.056452 0.072581 0.088710 0.104839 0.120968 0.137097 0.153226 0.169355 0.185484 0.201613 0.217742 0.233871 0.250000 0.266129 0.282258 0.298387 0.314516 0.330645 0.346774 0.362903 0.379032 0.395161 0.411290 0.427419 0.443548 0.459677 0.475806 0.491935 0.508065 0.524194 0.540323 0.556452 0.572581 0.588710 0.604839 0.620968 0.637097 0.653226 0.669355 0.685484 0.701613 0.717742 0.733871 0.750000 0.766129 0.782258 0.798387 0.814516 0.830645 0.846774 0.862903 0.879032 0.895161 0.911290 0.927419 0.943548 0.959677 0.975806 0.991935 
0 0.1212940 0.3398700 0.7818920 0.3337520 0.7822780 0.3608010 0.1216800 0.366919
занимался Логикой. У Афремовыхъ обѣдалъ и ночевалъ.
0.009804 0.029412 0.049020 0.068627 0.088235 0.107843 0.127451 0.147059 0.166667 0.186275 0.205882 0.225490 0.245098 0.264706 0.284314 0.303922 0.323529 0.343137 0.362745 0.382353 0.401961 0.421569 0.441176 0.460784 0.480392 0.500000 0.519608 0.539216 0.558824 0.578431 0.598039 0.617647 0.637255 0.656863 0.676471 0.696078 0.715686 0.735294 0.754902 0.774510 0.794118 0.813725 0.833333 0.852941 0.872549 0.892157 0.911765 0.931373 0.950980 0.970588 0.990196 
0 0.1193680 0.3725940 0.8991620 0.3638200 0.8995770 0.3877970 0.1197840 0.396570
6-е Пріѣхалъ домой верхомъ въ 12 часовъ. — Страданіе. На Заводѣ. Разстроенъ.
0.006579 0.019737 0.032895 0.046053 0.059211 0.072368 0.085526 0.098684 0.111842 0.125000 0.138158 0.151316 0.164474 0.177632 0.190789 0.203947 0.217105 0.230263 0.243421 0.256579 0.269737 0.282895 0.296053 0.309211 0.322368 0.335526 0.348684 0.361842 0.375000 0.388158 0.401316 0.414474 0.427632 0.440789 0.453947 0.467105 0.480263 0.493421 0.506579 0.519737 0.532895 0.546053 0.559211 0.572368 0.585526 0.598684 0.611842 0.625000 0.638158 0.651316 0.664474 0.677632 0.690789 0.703947 0.717105 0.730263 0.743421 0.756579 0.769737 0.782895 0.796053 0.809211 0.822368 0.835526 0.848684 0.861842 0.875000 0.888158 0.901316 0.914474 0.927632 0.940789 0.953947 0.967105 0.980263 0.993421 
0 0.1208110 0.4085390 0.8852850 0.4004480 0.8856890 0.4252050 0.1212150 0.433296
7-е. Всталъ рано. Гулялъ. На Заводѣ. Заводъ остановилъ по причинѣ
0.007692 0.023077 0.038462 0.053846 0.069231 0.084615 0.100000 0.115385 0.130769 0.146154 0.161538 0.176923 0.192308 0.207692 0.223077 0.238462 0.253846 0.269231 0.284615 0.300000 0.315385 0.330769 0.346154 0.361538 0.376923 0.392308 0.407692 0.423077 0.438462 0.453846 0.469231 0.484615 0.500000 0.515385 0.530769 0.546154 0.561538 0.576923 0.592308 0.607692 0.623077 0.638462 0.653846 0.669231 0.684615 0.700000 0.715385 0.730769 0.746154 0.761538 0.776923 0.792308 0.807692 0.823077 0.838462 0.853846 0.869231 0.884615 0.900000 0.915385 0.930769 0.946154 0.961538 0.976923 0.992308 
0 0.1193650 0.4407870 0.8824180 0.4336940 0.8828160 0.4614830 0.1197630 0.468576
переправокъ. Въ Два часа дня получилъ Естафету, что Дядя
0.008929 0.026786 0.044643 0.062500 0.080357 0.098214 0.116071 0.133929 0.151786 0.169643 0.187500 0.205357 0.223214 0.241071 0.258929 0.276786 0.294643 0.312500 0.330357 0.348214 0.366071 0.383929 0.401786 0.419643 0.437500 0.455357 0.473214 0.491071 0.508929 0.526786 0.544643 0.562500 0.580357 0.598214 0.616071 0.633929 0.651786 0.669643 0.687500 0.705357 0.723214 0.741071 0.758929 0.776786 0.794643 0.812500 0.830357 0.848214 0.866071 0.883929 0.901786 0.919643 0.937500 0.955357 0.973214 0.991071 
0 0.1173320 0.4803590 0.9243700 0.4672920 0.9249940 0.4923080 0.1179560 0.505375
Алекс. Алекс. тяжело боленъ. Надо ѣхать. Вечеромъ пріѣхалъ Афремовъ —
0.007246 0.021739 0.036232 0.050725 0.065217 0.079710 0.094203 0.108696 0.123188 0.137681 0.152174 0.166667 0.181159 0.195652 0.210145 0.224638 0.239130 0.253623 0.268116 0.282609 0.297101 0.311594 0.326087 0.340580 0.355072 0.369565 0.384058 0.398551 0.413043 0.427536 0.442029 0.456522 0.471014 0.485507 0.500000 0.514493 0.528986 0.543478 0.557971 0.572464 0.586957 0.601449 0.615942 0.630435 0.644928 0.659420 0.673913 0.688406 0.702899 0.717391 0.731884 0.746377 0.760870 0.775362 0.789855 0.804348 0.818841 0.833333 0.847826 0.862319 0.876812 0.891304 0.905797 0.920290 0.934783 0.949275 0.963768 0.978261 0.992754 
0 0.1203190 0.5107300 0.9226680 0.5023900 0.9230790 0.5280230 0.1207290 0.536363
8-е. Съ ночи Гимнастика. Поутру всталъ совершенно свѣжо. Pf. +103°. —
0.007246 0.021739 0.036232 0.050725 0.065217 0.079710 0.094203 0.108696 0.123188 0.137681 0.152174 0.166667 0.181159 0.195652 0.210145 0.224638 0.239130 0.253623 0.268116 0.282609 0.297101 0.311594 0.326087 0.340580 0.355072 0.369565 0.384058 0.398551 0.413043 0.427536 0.442029 0.456522 0.471014 0.485507 0.500000 0.514493 0.528986 0.543478 0.557971 0.572464 0.586957 0.601449 0.615942 0.630435 0.644928 0.659420 0.673913 0.688406 0.702899 0.717391 0.731884 0.746377 0.760870 0.775362 0.789855 0.804348 0.818841 0.833333 0.847826 0.862319 0.876812 0.891304 0.905797 0.920290 0.934783 0.949275 0.963768 0.978261 0.992754 
0 0.1189360 0.5459840 0.9380020 0.5393880 0.9383370 0.5663880 0.1192710 0.572984
и уже нѣсколько дней сряду — Сбираюсь въ дорогу. Семенъ Иванычъ
0.007937 0.023810 0.039683 0.055556 0.071429 0.087302 0.103175 0.119048 0.134921 0.150794 0.166667 0.182540 0.198413 0.214286 0.230159 0.246032 0.261905 0.277778 0.293651 0.309524 0.325397 0.341270 0.357143 0.373016 0.388889 0.404762 0.420635 0.436508 0.452381 0.468254 0.484127 0.500000 0.515873 0.531746 0.547619 0.563492 0.579365 0.595238 0.611111 0.626984 0.642857 0.658730 0.674603 0.690476 0.706349 0.722222 0.738095 0.753968 0.769841 0.785714 0.801587 0.817460 0.833333 0.849206 0.865079 0.880952 0.896825 0.912698 0.928571 0.944444 0.960317 0.976190 0.992063 
0 0.1203580 0.5849110 0.8824440 0.5759870 0.8828300 0.5973750 0.1207440 0.606299
принесъ образчикъ Сахара — удивительный. Nоябрь, Nоябрь,
0.008929 0.026786 0.044643 0.062500 0.080357 0.098214 0.116071 0.133929 0.151786 0.169643 0.187500 0.205357 0.223214 0.241071 0.258929 0.276786 0.294643 0.312500 0.330357 0.348214 0.366071 0.383929 0.401786 0.419643 0.437500 0.455357 0.473214 0.491071 0.508929 0.526786 0.544643 0.562500 0.580357 0.598214 0.616071 0.633929 0.651786 0.669643 0.687500 0.705357 0.723214 0.741071 0.758929 0.776786 0.794643 0.812500 0.830357 0.848214 0.866071 0.883929 0.901786 0.919643 0.937500 0.955357 0.973214 0.991071 
0 0.1157640 0.6217900 0.9237550 0.6054930 0.9245520 0.6311430 0.1165610 0.647439
странный ты для меня мѣсяцъ. — Въ 12 часовъ выѣхалъ въ Москву
0.008197 0.024590 0.040984 0.057377 0.073770 0.090164 0.106557 0.122951 0.139344 0.155738 0.172131 0.188525 0.204918 0.221311 0.237705 0.254098 0.270492 0.286885 0.303279 0.319672 0.336066 0.352459 0.368852 0.385246 0.401639 0.418033 0.434426 0.450820 0.467213 0.483607 0.500000 0.516393 0.532787 0.549180 0.565574 0.581967 0.598361 0.614754 0.631148 0.647541 0.663934 0.680328 0.696721 0.713115 0.729508 0.745902 0.762295 0.778689 0.795082 0.811475 0.827869 0.844262 0.860656 0.877049 0.893443 0.909836 0.926230 0.942623 0.959016 0.975410 0.991803 
0 0.1205920 0.6589670 0.9281460 0.6577700 0.9282090 0.6851360 0.1206540 0.686334
9-е. Вечеромъ въ 7-мь часовъ пріѣхалъ въ Москву. Отправился
0.008475 0.025424 0.042373 0.059322 0.076271 0.093220 0.110169 0.127119 0.144068 0.161017 0.177966 0.194915 0.211864 0.228814 0.245763 0.262712 0.279661 0.296610 0.313559 0.330508 0.347458 0.364407 0.381356 0.398305 0.415254 0.432203 0.449153 0.466102 0.483051 0.500000 0.516949 0.533898 0.550847 0.567797 0.584746 0.601695 0.618644 0.635593 0.652542 0.669492 0.686441 0.703390 0.720339 0.737288 0.754237 0.771186 0.788136 0.805085 0.822034 0.838983 0.855932 0.872881 0.889831 0.906780 0.923729 0.940678 0.957627 0.974576 0.991525 
0 0.1260400 0.7003880 0.9364180 0.6923390 0.9369040 0.7240870 0.1265260 0.732136
обѣдать къ Шевалье. Отъ M-me Chevalier узналъ слѣдую-
0.009434 0.028302 0.047170 0.066038 0.084906 0.103774 0.122642 0.141509 0.160377 0.179245 0.198113 0.216981 0.235849 0.254717 0.273585 0.292453 0.311321 0.330189 0.349057 0.367925 0.386792 0.405660 0.424528 0.443396 0.462264 0.481132 0.500000 0.518868 0.537736 0.556604 0.575472 0.594340 0.613208 0.632075 0.650943 0.669811 0.688679 0.707547 0.726415 0.745283 0.764151 0.783019 0.801887 0.820755 0.839623 0.858491 0.877358 0.896226 0.915094 0.933962 0.952830 0.971698 0.990566 
0 0.1209970 0.7383890 0.9400330 0.7354040 0.9401960 0.7645810 0.1211610 0.767566
щее замѣчательное обстоятельство: во время 1-го предста-
0.008929 0.026786 0.044643 0.062500 0.080357 0.098214 0.116071 0.133929 0.151786 0.169643 0.187500 0.205357 0.223214 0.241071 0.258929 0.276786 0.294643 0.312500 0.330357 0.348214 0.366071 0.383929 0.401786 0.419643 0.437500 0.455357 0.473214 0.491071 0.508929 0.526786 0.544643 0.562500 0.580357 0.598214 0.616071 0.633929 0.651786 0.669643 0.687500 0.705357 0.723214 0.741071 0.758929 0.776786 0.794643 0.812500 0.830357 0.848214 0.866071 0.883929 0.901786 0.919643 0.937500 0.955357 0.973214 0.991071 
0 0.1268610 0.7779430 0.9348910 0.7662080 0.9355100 0.7938890 0.1274800 0.805624
вленія Кречинскаго въ ложе у Дамы N.N. сидѣлъ Свиньинъ
0.009259 0.027778 0.046296 0.064815 0.083333 0.101852 0.120370 0.138889 0.157407 0.175926 0.194444 0.212963 0.231481 0.250000 0.268519 0.287037 0.305556 0.324074 0.342593 0.361111 0.379630 0.398148 0.416667 0.435185 0.453704 0.472222 0.490741 0.509259 0.527778 0.546296 0.564815 0.583333 0.601852 0.620370 0.638889 0.657407 0.675926 0.694444 0.712963 0.731481 0.750000 0.768519 0.787037 0.805556 0.824074 0.842593 0.861111 0.879630 0.898148 0.916667 0.935185 0.953704 0.972222 0.990741 
0 0.1317530 0.8118910 0.9044030 0.8028250 0.9048800 0.8292580 0.1322310 0.838324
и въ этой ложе было рѣшено, что піэсса ровно никакого
0.009434 0.028302 0.047170 0.066038 0.084906 0.103774 0.122642 0.141509 0.160377 0.179245 0.198113 0.216981 0.235849 0.254717 0.273585 0.292453 0.311321 0.330189 0.349057 0.367925 0.386792 0.405660 0.424528 0.443396 0.462264 0.481132 0.500000 0.518868 0.537736 0.556604 0.575472 0.594340 0.613208 0.632075 0.650943 0.669811 0.688679 0.707547 0.726415 0.745283 0.764151 0.783019 0.801887 0.820755 0.839623 0.858491 0.877358 0.896226 0.915094 0.933962 0.952830 0.971698 0.990566 
0 0.1259010 0.8453010 0.8870160 0.8346360 0.8876360 0.8633070 0.1265200 0.873973
смысла не имѣетъ.—. Дядю нашелъ въ самомъ тяжкомъ
0.010204 0.030612 0.051020 0.071429 0.091837 0.112245 0.132653 0.153061 0.173469 0.193878 0.214286 0.234694 0.255102 0.275510 0.295918 0.316327 0.336735 0.357143 0.377551 0.397959 0.418367 0.438776 0.459184 0.479592 0.500000 0.520408 0.540816 0.561224 0.581633 0.602041 0.622449 0.642857 0.663265 0.683673 0.704082 0.724490 0.744898 0.765306 0.785714 0.806122 0.826531 0.846939 0.867347 0.887755 0.908163 0.928571 0.948980 0.969388 0.989796 
0 0.1289170 0.8856290 0.8804800 0.8771760 0.8809170 0.9024030 0.1293540 0.910856
положеніи. Тетенька — Е.П. кажется не знаетъ, куда
0.010000 0.030000 0.050000 0.070000 0.090000 0.110000 0.130000 0.150000 0.170000 0.190000 0.210000 0.230000 0.250000 0.270000 0.290000 0.310000 0.330000 0.350000 0.370000 0.390000 0.410000 0.430000 0.450000 0.470000 0.490000 0.510000 0.530000 0.550000 0.570000 0.590000 0.610000 0.630000 0.650000 0.670000 0.690000 0.710000 0.730000 0.750000 0.770000 0.790000 0.810000 0.830000 0.850000 0.870000 0.890000 0.910000 0.930000 0.950000 0.970000 0.990000 
0 0.1298570 0.9204420 0.4189890 0.9161230 0.4194810 0.9375090 0.1303490 0.941828
меня и посадить. —
0.027778 0.083333 0.138889 0.194444 0.250000 0.305556 0.361111 0.416667 0.472222 0.527778 0.583333 0.638889 0.694444 0.750000 0.805556 0.861111 0.916667 0.972222 
