0 0.0633560 0.0955760 0.8244890 0.1010640 0.8242280 0.1245860 0.0630950 0.119098
Въ прекрасную Лунную ночь возвращались мы пѣшкомъ съ
0.009615 0.028846 0.048077 0.067308 0.086538 0.105769 0.125000 0.144231 0.163462 0.182692 0.201923 0.221154 0.240385 0.259615 0.278846 0.298077 0.317308 0.336538 0.355769 0.375000 0.394231 0.413462 0.432692 0.451923 0.471154 0.490385 0.509615 0.528846 0.548077 0.567308 0.586538 0.605769 0.625000 0.644231 0.663462 0.682692 0.701923 0.721154 0.740385 0.759615 0.778846 0.798077 0.817308 0.836538 0.855769 0.875000 0.894231 0.913462 0.932692 0.951923 0.971154 0.990385 
0 0.0567060 0.1325400 0.9437150 0.1394690 0.9434230 0.1637190 0.0564140 0.156790
Алекс. Афремовымъ отъ Чулковыхъ въ Кобылинку. У меня ночевали Кар-
0.007576 0.022727 0.037879 0.053030 0.068182 0.083333 0.098485 0.113636 0.128788 0.143939 0.159091 0.174242 0.189394 0.204545 0.219697 0.234848 0.250000 0.265152 0.280303 0.295455 0.310606 0.325758 0.340909 0.356061 0.371212 0.386364 0.401515 0.416667 0.431818 0.446970 0.462121 0.477273 0.492424 0.507576 0.522727 0.537879 0.553030 0.568182 0.583333 0.598485 0.613636 0.628788 0.643939 0.659091 0.674242 0.689394 0.704545 0.719697 0.734848 0.750000 0.765152 0.780303 0.795455 0.810606 0.825758 0.840909 0.856061 0.871212 0.886364 0.901515 0.916667 0.931818 0.946970 0.962121 0.977273 0.992424 
0 0.0691910 0.1737980 0.4018850 0.1706580 0.4021960 0.1920580 0.0695020 0.195198
цевъ и двое Афремовыхъ.
0.021739 0.065217 0.108696 0.152174 0.195652 0.239130 0.282609 0.326087 0.369565 0.413043 0.456522 0.500000 0.543478 0.586957 0.630435 0.673913 0.717391 0.760870 0.804348 0.847826 0.891304 0.934783 0.978261 
0 0.0790340 0.2082460 0.8822900 0.2097600 0.8822230 0.2328200 0.0789670 0.231306
#
0.500000 
0 0.0636590 0.2371930 0.9185480 0.2513150 0.9179250 0.2758100 0.0630350 0.261687
#
0.500000 
0 0.0742020 0.2737390 0.9267020 0.2867520 0.9260780 0.3132660 0.0735780 0.300253
#
0.500000 
0 0.0756900 0.3169680 0.8578800 0.3182930 0.8578090 0.3455430 0.0756190 0.344218
#
0.500000 
0 0.0770280 0.3582110 0.8826800 0.3569830 0.8827370 0.3811890 0.0770850 0.382417
#
0.500000 
0 0.0738380 0.3964890 0.8976890 0.4003250 0.8975150 0.4244810 0.0736650 0.420645
#
0.500000 
0 0.0747860 0.4346350 0.9091610 0.4375710 0.9090150 0.4645640 0.0746390 0.461629
#
0.500000 
0 0.0805720 0.4808620 0.5908530 0.4748770 0.5913000 0.4996360 0.0810190 0.505621
#
0.500000 
0 0.0674900 0.5205050 0.9181370 0.5202820 0.9181460 0.5439240 0.0675000 0.544147
#
0.500000 
0 0.0723890 0.5550680 0.9201500 0.5584510 0.9200030 0.5823390 0.0722430 0.578956
#
0.500000 
0 0.0680570 0.5909970 0.4203790 0.5922300 0.4202630 0.6136550 0.0679420 0.612422
#
0.500000 
0 0.0737360 0.6211780 0.8923080 0.6217140 0.8922820 0.6479160 0.0737100 0.647380
#
0.500000 
0 0.0765840 0.6541460 0.8927580 0.6682820 0.8920550 0.6946120 0.0758820 0.680476
#
0.500000 
0 0.0728770 0.6951560 0.8670370 0.6990490 0.8668750 0.7204480 0.0727150 0.716555
#
0.500000 
0 0.0680580 0.7306990 0.3002250 0.7267650 0.3007830 0.7481550 0.0686170 0.752089
#
0.500000 
0 0.0768360 0.7628890 0.8786850 0.7558300 0.8790050 0.7794730 0.0771570 0.786532
#
0.500000 
0 0.0644050 0.8014300 0.9040260 0.7934530 0.9043750 0.8173010 0.0647540 0.825278
#
0.500000 
0 0.0722790 0.8357880 0.9042560 0.8356350 0.9042620 0.8589170 0.0722850 0.859069
#
0.500000 
0 0.0790590 0.8761580 0.9493430 0.8789160 0.9492150 0.9051100 0.0789310 0.902351
#
0.500000 
0 0.0820700 0.9111240 0.8953770 0.9184950 0.8950780 0.9398850 0.0817710 0.932513
#
0.500000 
