0 0.0979590 0.0997160 0.8735170 0.0989250 0.8735790 0.1237490 0.0980210 0.124540
о причисленіи недоимки къ капитальному
0.013158 0.039474 0.065789 0.092105 0.118421 0.144737 0.171053 0.197368 0.223684 0.250000 0.276316 0.302632 0.328947 0.355263 0.381579 0.407895 0.434211 0.460526 0.486842 0.513158 0.539474 0.565789 0.592105 0.618421 0.644737 0.671053 0.697368 0.723684 0.750000 0.776316 0.802632 0.828947 0.855263 0.881579 0.907895 0.934211 0.960526 0.986842 
0 0.0700670 0.1360750 0.8988650 0.1340240 0.8990100 0.1579370 0.0702120 0.159988
займу. Если это всё такъ сбудется, то можно
0.011628 0.034884 0.058140 0.081395 0.104651 0.127907 0.151163 0.174419 0.197674 0.220930 0.244186 0.267442 0.290698 0.313953 0.337209 0.360465 0.383721 0.406977 0.430233 0.453488 0.476744 0.500000 0.523256 0.546512 0.569767 0.593023 0.616279 0.639535 0.662791 0.686047 0.709302 0.732558 0.755814 0.779070 0.802326 0.825581 0.848837 0.872093 0.895349 0.918605 0.941860 0.965116 0.988372 
0 0.0764920 0.1715920 0.8036690 0.1666240 0.8041070 0.1928580 0.0769310 0.197826
надѣяться найти наконецъ спокойствіе —.
0.012821 0.038462 0.064103 0.089744 0.115385 0.141026 0.166667 0.192308 0.217949 0.243590 0.269231 0.294872 0.320513 0.346154 0.371795 0.397436 0.423077 0.448718 0.474359 0.500000 0.525641 0.551282 0.576923 0.602564 0.628205 0.653846 0.679487 0.705128 0.730769 0.756410 0.782051 0.807692 0.833333 0.858974 0.884615 0.910256 0.935897 0.961538 0.987179 
0 0.0737290 0.2088280 0.8759170 0.2074440 0.8760180 0.2314160 0.0738310 0.232799
23-е. Утро окончилъ съ Топорковымъ — далъ ему
0.011111 0.033333 0.055556 0.077778 0.100000 0.122222 0.144444 0.166667 0.188889 0.211111 0.233333 0.255556 0.277778 0.300000 0.322222 0.344444 0.366667 0.388889 0.411111 0.433333 0.455556 0.477778 0.500000 0.522222 0.544444 0.566667 0.588889 0.611111 0.633333 0.655556 0.677778 0.700000 0.722222 0.744444 0.766667 0.788889 0.811111 0.833333 0.855556 0.877778 0.900000 0.922222 0.944444 0.966667 0.988889 
0 0.0731750 0.2440350 0.8771690 0.2436330 0.8772020 0.2703010 0.0732080 0.270703
письмо съ изложеніемъ кондицій и 150 р. сереб.
0.010870 0.032609 0.054348 0.076087 0.097826 0.119565 0.141304 0.163043 0.184783 0.206522 0.228261 0.250000 0.271739 0.293478 0.315217 0.336957 0.358696 0.380435 0.402174 0.423913 0.445652 0.467391 0.489130 0.510870 0.532609 0.554348 0.576087 0.597826 0.619565 0.641304 0.663043 0.684783 0.706522 0.728261 0.750000 0.771739 0.793478 0.815217 0.836957 0.858696 0.880435 0.902174 0.923913 0.945652 0.967391 0.989130 
0 0.0767120 0.2822280 0.9327310 0.2799090 0.9328910 0.3039970 0.0768710 0.306317
на покупку свекловичныхъ сѣмянъ — на-
0.013514 0.040541 0.067568 0.094595 0.121622 0.148649 0.175676 0.202703 0.229730 0.256757 0.283784 0.310811 0.337838 0.364865 0.391892 0.418919 0.445946 0.472973 0.500000 0.527027 0.554054 0.581081 0.608108 0.635135 0.662162 0.689189 0.716216 0.743243 0.770270 0.797297 0.824324 0.851351 0.878378 0.905405 0.932432 0.959459 0.986486 
0 0.0750480 0.3185980 0.8990020 0.3191210 0.8989600 0.3464300 0.0750060 0.345907
чало завода Сахарнаго. Вечеромъ былъ дома.
0.011905 0.035714 0.059524 0.083333 0.107143 0.130952 0.154762 0.178571 0.202381 0.226190 0.250000 0.273810 0.297619 0.321429 0.345238 0.369048 0.392857 0.416667 0.440476 0.464286 0.488095 0.511905 0.535714 0.559524 0.583333 0.607143 0.630952 0.654762 0.678571 0.702381 0.726190 0.750000 0.773810 0.797619 0.821429 0.845238 0.869048 0.892857 0.916667 0.940476 0.964286 0.988095 
0 0.0834160 0.3652210 0.9328680 0.3545260 0.9337290 0.3824650 0.0842770 0.393159
24-е. Писалъ письма. Былъ въ Гимнастикѣ — работа
0.010417 0.031250 0.052083 0.072917 0.093750 0.114583 0.135417 0.156250 0.177083 0.197917 0.218750 0.239583 0.260417 0.281250 0.302083 0.322917 0.343750 0.364583 0.385417 0.406250 0.427083 0.447917 0.468750 0.489583 0.510417 0.531250 0.552083 0.572917 0.593750 0.614583 0.635417 0.656250 0.677083 0.697917 0.718750 0.739583 0.760417 0.781250 0.802083 0.822917 0.843750 0.864583 0.885417 0.906250 0.927083 0.947917 0.968750 0.989583 
0 0.0834590 0.4047580 0.9073650 0.3928940 0.9082570 0.4182180 0.0843510 0.430082
идетъ плохо. Охоты нѣтъ — морозецъ, уныніе — ве-
0.010417 0.031250 0.052083 0.072917 0.093750 0.114583 0.135417 0.156250 0.177083 0.197917 0.218750 0.239583 0.260417 0.281250 0.302083 0.322917 0.343750 0.364583 0.385417 0.406250 0.427083 0.447917 0.468750 0.489583 0.510417 0.531250 0.552083 0.572917 0.593750 0.614583 0.635417 0.656250 0.677083 0.697917 0.718750 0.739583 0.760417 0.781250 0.802083 0.822917 0.843750 0.864583 0.885417 0.906250 0.927083 0.947917 0.968750 0.989583 
0 0.0901780 0.4491810 0.9183520 0.4376480 0.9191420 0.4608210 0.0909680 0.472354
черомъ былъ у Четвертинскаго и заказалъ Ар-
0.011628 0.034884 0.058140 0.081395 0.104651 0.127907 0.151163 0.174419 0.197674 0.220930 0.244186 0.267442 0.290698 0.313953 0.337209 0.360465 0.383721 0.406977 0.430233 0.453488 0.476744 0.500000 0.523256 0.546512 0.569767 0.593023 0.616279 0.639535 0.662791 0.686047 0.709302 0.732558 0.755814 0.779070 0.802326 0.825581 0.848837 0.872093 0.895349 0.918605 0.941860 0.965116 0.988372 
0 0.0943730 0.4828270 0.9322370 0.4716260 0.9330460 0.4963310 0.0951810 0.507532
хитектору Табо планъ домика въ Кобылинку.
0.012195 0.036585 0.060976 0.085366 0.109756 0.134146 0.158537 0.182927 0.207317 0.231707 0.256098 0.280488 0.304878 0.329268 0.353659 0.378049 0.402439 0.426829 0.451220 0.475610 0.500000 0.524390 0.548780 0.573171 0.597561 0.621951 0.646341 0.670732 0.695122 0.719512 0.743902 0.768293 0.792683 0.817073 0.841463 0.865854 0.890244 0.914634 0.939024 0.963415 0.987805 
0 0.0903220 0.5219280 0.8858660 0.5147270 0.8864280 0.5401140 0.0908840 0.547314
25-е. Утромъ Anaïs уѣхала въ Петербургъ. День
0.011111 0.033333 0.055556 0.077778 0.100000 0.122222 0.144444 0.166667 0.188889 0.211111 0.233333 0.255556 0.277778 0.300000 0.322222 0.344444 0.366667 0.388889 0.411111 0.433333 0.455556 0.477778 0.500000 0.522222 0.544444 0.566667 0.588889 0.611111 0.633333 0.655556 0.677778 0.700000 0.722222 0.744444 0.766667 0.788889 0.811111 0.833333 0.855556 0.877778 0.900000 0.922222 0.944444 0.966667 0.988889 
0 0.0818570 0.5593680 0.9088570 0.5521320 0.9094100 0.5779750 0.0824100 0.585211
дома. У меня былъ Ѳеоктистовъ и Коршъ — Ясно
0.011364 0.034091 0.056818 0.079545 0.102273 0.125000 0.147727 0.170455 0.193182 0.215909 0.238636 0.261364 0.284091 0.306818 0.329545 0.352273 0.375000 0.397727 0.420455 0.443182 0.465909 0.488636 0.511364 0.534091 0.556818 0.579545 0.602273 0.625000 0.647727 0.670455 0.693182 0.715909 0.738636 0.761364 0.784091 0.806818 0.829545 0.852273 0.875000 0.897727 0.920455 0.943182 0.965909 0.988636 
0 0.0880310 0.5988060 0.9204320 0.5837530 0.9216210 0.6105990 0.0892190 0.625653
что они приходили объясниться — объ нашихъ отно-
0.010417 0.031250 0.052083 0.072917 0.093750 0.114583 0.135417 0.156250 0.177083 0.197917 0.218750 0.239583 0.260417 0.281250 0.302083 0.322917 0.343750 0.364583 0.385417 0.406250 0.427083 0.447917 0.468750 0.489583 0.510417 0.531250 0.552083 0.572917 0.593750 0.614583 0.635417 0.656250 0.677083 0.697917 0.718750 0.739583 0.760417 0.781250 0.802083 0.822917 0.843750 0.864583 0.885417 0.906250 0.927083 0.947917 0.968750 0.989583 
0 0.0925830 0.6307950 0.8705510 0.6205820 0.8713360 0.6450170 0.0933680 0.655229
шеніяхъ. Вечеромъ поправлялъ и уделывалъ піэссу.
0.010417 0.031250 0.052083 0.072917 0.093750 0.114583 0.135417 0.156250 0.177083 0.197917 0.218750 0.239583 0.260417 0.281250 0.302083 0.322917 0.343750 0.364583 0.385417 0.406250 0.427083 0.447917 0.468750 0.489583 0.510417 0.531250 0.552083 0.572917 0.593750 0.614583 0.635417 0.656250 0.677083 0.697917 0.718750 0.739583 0.760417 0.781250 0.802083 0.822917 0.843750 0.864583 0.885417 0.906250 0.927083 0.947917 0.968750 0.989583 
0 0.1073460 0.6708430 0.8423680 0.6642430 0.8428470 0.6860570 0.1078250 0.692657
26. Рождество — всталъ рано. Работалъ. Обѣдалъ у
0.010417 0.031250 0.052083 0.072917 0.093750 0.114583 0.135417 0.156250 0.177083 0.197917 0.218750 0.239583 0.260417 0.281250 0.302083 0.322917 0.343750 0.364583 0.385417 0.406250 0.427083 0.447917 0.468750 0.489583 0.510417 0.531250 0.552083 0.572917 0.593750 0.614583 0.635417 0.656250 0.677083 0.697917 0.718750 0.739583 0.760417 0.781250 0.802083 0.822917 0.843750 0.864583 0.885417 0.906250 0.927083 0.947917 0.968750 0.989583 
0 0.1155850 0.7105100 0.9002090 0.6986390 0.9010180 0.7204910 0.1163940 0.732361
Дяди. Вечеромъ былъ у Корша. Большой разговоръ съ Ѳеок-
0.009091 0.027273 0.045455 0.063636 0.081818 0.100000 0.118182 0.136364 0.154545 0.172727 0.190909 0.209091 0.227273 0.245455 0.263636 0.281818 0.300000 0.318182 0.336364 0.354545 0.372727 0.390909 0.409091 0.427273 0.445455 0.463636 0.481818 0.500000 0.518182 0.536364 0.554545 0.572727 0.590909 0.609091 0.627273 0.645455 0.663636 0.681818 0.700000 0.718182 0.736364 0.754545 0.772727 0.790909 0.809091 0.827273 0.845455 0.863636 0.881818 0.900000 0.918182 0.936364 0.954545 0.972727 0.990909 
0 0.1175650 0.7443670 0.4520880 0.7353650 0.4535230 0.7571500 0.1189990 0.766152
тистовымъ о піэссѣ.
0.026316 0.078947 0.131579 0.184211 0.236842 0.289474 0.342105 0.394737 0.447368 0.500000 0.552632 0.605263 0.657895 0.710526 0.763158 0.815789 0.868421 0.921053 0.973684 
0 0.1230080 0.7745220 0.8991840 0.7590840 0.9004940 0.7859950 0.1243180 0.801433
27-е. Всталъ рано работалъ. Здоровье лучше. Отправилъ
0.009434 0.028302 0.047170 0.066038 0.084906 0.103774 0.122642 0.141509 0.160377 0.179245 0.198113 0.216981 0.235849 0.254717 0.273585 0.292453 0.311321 0.330189 0.349057 0.367925 0.386792 0.405660 0.424528 0.443396 0.462264 0.481132 0.500000 0.518868 0.537736 0.556604 0.575472 0.594340 0.613208 0.632075 0.650943 0.669811 0.688679 0.707547 0.726415 0.745283 0.764151 0.783019 0.801887 0.820755 0.839623 0.858491 0.877358 0.896226 0.915094 0.933962 0.952830 0.971698 0.990566 
0 0.1210310 0.8121950 0.8959410 0.8015760 0.8967530 0.8257980 0.1218430 0.836416
Ивана съ возкомъ въ Расву и къ нему прикомандировалъ
0.009615 0.028846 0.048077 0.067308 0.086538 0.105769 0.125000 0.144231 0.163462 0.182692 0.201923 0.221154 0.240385 0.259615 0.278846 0.298077 0.317308 0.336538 0.355769 0.375000 0.394231 0.413462 0.432692 0.451923 0.471154 0.490385 0.509615 0.528846 0.548077 0.567308 0.586538 0.605769 0.625000 0.644231 0.663462 0.682692 0.701923 0.721154 0.740385 0.759615 0.778846 0.798077 0.817308 0.836538 0.855769 0.875000 0.894231 0.913462 0.932692 0.951923 0.971154 0.990385 
0 0.1284340 0.8457460 0.9142800 0.8369410 0.9148770 0.8587120 0.1290310 0.867517
четырехъ человѣкъ, — чтобы ознакомились съ сахаръ-
0.010000 0.030000 0.050000 0.070000 0.090000 0.110000 0.130000 0.150000 0.170000 0.190000 0.210000 0.230000 0.250000 0.270000 0.290000 0.310000 0.330000 0.350000 0.370000 0.390000 0.410000 0.430000 0.450000 0.470000 0.490000 0.510000 0.530000 0.550000 0.570000 0.590000 0.610000 0.630000 0.650000 0.670000 0.690000 0.710000 0.730000 0.750000 0.770000 0.790000 0.810000 0.830000 0.850000 0.870000 0.890000 0.910000 0.930000 0.950000 0.970000 0.990000 
0 0.1339120 0.8772550 0.6989430 0.8713580 0.6994990 0.8931350 0.1344680 0.899031
нымъ дѣломъ. Сбираюсь на Выксу.—.
0.015152 0.045455 0.075758 0.106061 0.136364 0.166667 0.196970 0.227273 0.257576 0.287879 0.318182 0.348485 0.378788 0.409091 0.439394 0.469697 0.500000 0.530303 0.560606 0.590909 0.621212 0.651515 0.681818 0.712121 0.742424 0.772727 0.803030 0.833333 0.863636 0.893939 0.924242 0.954545 0.984848 
0 0.1401960 0.9148690 0.5721460 0.9132450 0.5723570 0.9361920 0.1404070 0.937816
28-е Выѣхалъ на Выксу —
0.021739 0.065217 0.108696 0.152174 0.195652 0.239130 0.282609 0.326087 0.369565 0.413043 0.456522 0.500000 0.543478 0.586957 0.630435 0.673913 0.717391 0.760870 0.804348 0.847826 0.891304 0.934783 0.978261 
0 0.1553350 0.9507140 0.6580540 0.9488340 0.6582550 0.9706800 0.1555350 0.972561
29 Ночевалъ въ Муромѣ.
0.022727 0.068182 0.113636 0.159091 0.204545 0.250000 0.295455 0.340909 0.386364 0.431818 0.477273 0.522727 0.568182 0.613636 0.659091 0.704545 0.750000 0.795455 0.840909 0.886364 0.931818 0.977273 
