0 0.0556840 0.0482270 0.9127000 0.0500210 0.9125890 0.0716420 0.0555720 0.069848
Странная Судьба — въ то время какъ съ одной стороны
0.009804 0.029412 0.049020 0.068627 0.088235 0.107843 0.127451 0.147059 0.166667 0.186275 0.205882 0.225490 0.245098 0.264706 0.284314 0.303922 0.323529 0.343137 0.362745 0.382353 0.401961 0.421569 0.441176 0.460784 0.480392 0.500000 0.519608 0.539216 0.558824 0.578431 0.598039 0.617647 0.637255 0.656863 0.676471 0.696078 0.715686 0.735294 0.754902 0.774510 0.794118 0.813725 0.833333 0.852941 0.872549 0.892157 0.911765 0.931373 0.950980 0.970588 0.990196 
0 0.0699660 0.0799990 0.9287570 0.0849750 0.9284210 0.1085530 0.0696300 0.103577
пьесса моя становится мало по малу въ рядъ
0.011905 0.035714 0.059524 0.083333 0.107143 0.130952 0.154762 0.178571 0.202381 0.226190 0.250000 0.273810 0.297619 0.321429 0.345238 0.369048 0.392857 0.416667 0.440476 0.464286 0.488095 0.511905 0.535714 0.559524 0.583333 0.607143 0.630952 0.654762 0.678571 0.702381 0.726190 0.750000 0.773810 0.797619 0.821429 0.845238 0.869048 0.892857 0.916667 0.940476 0.964286 0.988095 
0 0.0683650 0.1163890 0.9580330 0.1239900 0.9575030 0.1492220 0.0678350 0.141621
замѣчательныхъ произведеній Литтературы, возбуждаетъ
0.009615 0.028846 0.048077 0.067308 0.086538 0.105769 0.125000 0.144231 0.163462 0.182692 0.201923 0.221154 0.240385 0.259615 0.278846 0.298077 0.317308 0.336538 0.355769 0.375000 0.394231 0.413462 0.432692 0.451923 0.471154 0.490385 0.509615 0.528846 0.548077 0.567308 0.586538 0.605769 0.625000 0.644231 0.663462 0.682692 0.701923 0.721154 0.740385 0.759615 0.778846 0.798077 0.817308 0.836538 0.855769 0.875000 0.894231 0.913462 0.932692 0.951923 0.971154 0.990385 
0 0.0748690 0.1584830 0.9548250 0.1556610 0.9550340 0.1821390 0.0750780 0.184961
всеобщее вниманіе, подлѣйшая чернь нашей стороны,
0.010204 0.030612 0.051020 0.071429 0.091837 0.112245 0.132653 0.153061 0.173469 0.193878 0.214286 0.234694 0.255102 0.275510 0.295918 0.316327 0.336735 0.357143 0.377551 0.397959 0.418367 0.438776 0.459184 0.479592 0.500000 0.520408 0.540816 0.561224 0.581633 0.602041 0.622449 0.642857 0.663265 0.683673 0.704082 0.724490 0.744898 0.765306 0.785714 0.806122 0.826531 0.846939 0.867347 0.887755 0.908163 0.928571 0.948980 0.969388 0.989796 
0 0.0857760 0.1943500 0.9569050 0.1975760 0.9566880 0.2213810 0.0855590 0.218155
безсмы безсовѣстные писаки судебнаго хлама соби-
0.010417 0.031250 0.052083 0.072917 0.093750 0.114583 0.135417 0.156250 0.177083 0.197917 0.218750 0.239583 0.260417 0.281250 0.302083 0.322917 0.343750 0.364583 0.385417 0.406250 0.427083 0.447917 0.468750 0.489583 0.510417 0.531250 0.552083 0.572917 0.593750 0.614583 0.635417 0.656250 0.677083 0.697917 0.718750 0.739583 0.760417 0.781250 0.802083 0.822917 0.843750 0.864583 0.885417 0.906250 0.927083 0.947917 0.968750 0.989583 
0 0.0981920 0.2310760 0.9313640 0.2350720 0.9310710 0.2598550 0.0978990 0.255859
раются ордою клеймить мое имя закономъ
0.013158 0.039474 0.065789 0.092105 0.118421 0.144737 0.171053 0.197368 0.223684 0.250000 0.276316 0.302632 0.328947 0.355263 0.381579 0.407895 0.434211 0.460526 0.486842 0.513158 0.539474 0.565789 0.592105 0.618421 0.644737 0.671053 0.697368 0.723684 0.750000 0.776316 0.802632 0.828947 0.855263 0.881579 0.907895 0.934211 0.960526 0.986842 
0 0.0937600 0.2671700 0.9428320 0.2717430 0.9425460 0.2933290 0.0934740 0.288757
охраняемое клеветою. Богомъ правдою и совѣстію
0.010870 0.032609 0.054348 0.076087 0.097826 0.119565 0.141304 0.163043 0.184783 0.206522 0.228261 0.250000 0.271739 0.293478 0.315217 0.336957 0.358696 0.380435 0.402174 0.423913 0.445652 0.467391 0.489130 0.510870 0.532609 0.554348 0.576087 0.597826 0.619565 0.641304 0.663043 0.684783 0.706522 0.728261 0.750000 0.771739 0.793478 0.815217 0.836957 0.858696 0.880435 0.902174 0.923913 0.945652 0.967391 0.989130 
0 0.0984910 0.2990360 0.9713870 0.3094300 0.9706900 0.3332190 0.0977940 0.322825
оставленная Россія — куда идешь ты — въ сопут-
0.010870 0.032609 0.054348 0.076087 0.097826 0.119565 0.141304 0.163043 0.184783 0.206522 0.228261 0.250000 0.271739 0.293478 0.315217 0.336957 0.358696 0.380435 0.402174 0.423913 0.445652 0.467391 0.489130 0.510870 0.532609 0.554348 0.576087 0.597826 0.619565 0.641304 0.663043 0.684783 0.706522 0.728261 0.750000 0.771739 0.793478 0.815217 0.836957 0.858696 0.880435 0.902174 0.923913 0.945652 0.967391 0.989130 
0 0.1010250 0.3401520 0.9606670 0.3484360 0.9601170 0.3716270 0.1004760 0.363343
ствіи твоихъ воровъ, грабителей, негодяевъ, скотовъ
0.009804 0.029412 0.049020 0.068627 0.088235 0.107843 0.127451 0.147059 0.166667 0.186275 0.205882 0.225490 0.245098 0.264706 0.284314 0.303922 0.323529 0.343137 0.362745 0.382353 0.401961 0.421569 0.441176 0.460784 0.480392 0.500000 0.519608 0.539216 0.558824 0.578431 0.598039 0.617647 0.637255 0.656863 0.676471 0.696078 0.715686 0.735294 0.754902 0.774510 0.794118 0.813725 0.833333 0.852941 0.872549 0.892157 0.911765 0.931373 0.950980 0.970588 0.990196 
0 0.0997350 0.3800480 0.3865840 0.3800480 0.3865840 0.4010480 0.0997350 0.401048
и бездѣльниковъ.
0.031250 0.093750 0.156250 0.218750 0.281250 0.343750 0.406250 0.468750 0.531250 0.593750 0.656250 0.718750 0.781250 0.843750 0.906250 0.968750 
0 0.0902540 0.4130100 0.9260760 0.4172840 0.9257740 0.4413380 0.0899510 0.437063
19-е. Обѣдъ у Дяди. Я въ Духѣ. Обѣдалъ съ двумя
0.010638 0.031915 0.053191 0.074468 0.095745 0.117021 0.138298 0.159574 0.180851 0.202128 0.223404 0.244681 0.265957 0.287234 0.308511 0.329787 0.351064 0.372340 0.393617 0.414894 0.436170 0.457447 0.478723 0.500000 0.521277 0.542553 0.563830 0.585106 0.606383 0.627660 0.648936 0.670213 0.691489 0.712766 0.734043 0.755319 0.776596 0.797872 0.819149 0.840426 0.861702 0.882979 0.904255 0.925532 0.946809 0.968085 0.989362 
0 0.1034550 0.4522990 0.6806830 0.4552000 0.6804160 0.4767990 0.1031880 0.473899
Ѳеоктистовыми, вечеръ у Самсона.
0.015625 0.046875 0.078125 0.109375 0.140625 0.171875 0.203125 0.234375 0.265625 0.296875 0.328125 0.359375 0.390625 0.421875 0.453125 0.484375 0.515625 0.546875 0.578125 0.609375 0.640625 0.671875 0.703125 0.734375 0.765625 0.796875 0.828125 0.859375 0.890625 0.921875 0.953125 0.984375 
0 0.0790620 0.4823440 0.9527860 0.4910620 0.9521300 0.5178120 0.0784050 0.509094
20-е. Визиты весь день. Обѣдалъ у Palmyre, вечеръ
0.010204 0.030612 0.051020 0.071429 0.091837 0.112245 0.132653 0.153061 0.173469 0.193878 0.214286 0.234694 0.255102 0.275510 0.295918 0.316327 0.336735 0.357143 0.377551 0.397959 0.418367 0.438776 0.459184 0.479592 0.500000 0.520408 0.540816 0.561224 0.581633 0.602041 0.622449 0.642857 0.663265 0.683673 0.704082 0.724490 0.744898 0.765306 0.785714 0.806122 0.826531 0.846939 0.867347 0.887755 0.908163 0.928571 0.948980 0.969388 0.989796 
0 0.0850110 0.5209640 0.7019560 0.5255520 0.7015610 0.5471320 0.0846170 0.542544
у сестры Сальясъ — я en verve
0.017241 0.051724 0.086207 0.120690 0.155172 0.189655 0.224138 0.258621 0.293103 0.327586 0.362069 0.396552 0.431034 0.465517 0.500000 0.534483 0.568966 0.603448 0.637931 0.672414 0.706897 0.741379 0.775862 0.810345 0.844828 0.879310 0.913793 0.948276 0.982759 
0 0.0881670 0.5591910 0.9531290 0.5572550 0.9532570 0.5804050 0.0882950 0.582341
21-е. Всталъ рано. Морозъ въ 25 градусовъ — Чувствую
0.009615 0.028846 0.048077 0.067308 0.086538 0.105769 0.125000 0.144231 0.163462 0.182692 0.201923 0.221154 0.240385 0.259615 0.278846 0.298077 0.317308 0.336538 0.355769 0.375000 0.394231 0.413462 0.432692 0.451923 0.471154 0.490385 0.509615 0.528846 0.548077 0.567308 0.586538 0.605769 0.625000 0.644231 0.663462 0.682692 0.701923 0.721154 0.740385 0.759615 0.778846 0.798077 0.817308 0.836538 0.855769 0.875000 0.894231 0.913462 0.932692 0.951923 0.971154 0.990385 
0 0.0909660 0.5963160 0.9391560 0.5975900 0.9390760 0.6192190 0.0908860 0.617946
себя крѣпче. Ходилъ къ Спиридонову пѣшкомъ. У меня
0.010000 0.030000 0.050000 0.070000 0.090000 0.110000 0.130000 0.150000 0.170000 0.190000 0.210000 0.230000 0.250000 0.270000 0.290000 0.310000 0.330000 0.350000 0.370000 0.390000 0.410000 0.430000 0.450000 0.470000 0.490000 0.510000 0.530000 0.550000 0.570000 0.590000 0.610000 0.630000 0.650000 0.670000 0.690000 0.710000 0.730000 0.750000 0.770000 0.790000 0.810000 0.830000 0.850000 0.870000 0.890000 0.910000 0.930000 0.950000 0.970000 0.990000 
0 0.0955080 0.6317200 0.9304420 0.6355350 0.9301630 0.6603540 0.0952290 0.656539
обѣдали двое Ѳеоктистовыхъ Шумскій Щепкинъ,
0.011628 0.034884 0.058140 0.081395 0.104651 0.127907 0.151163 0.174419 0.197674 0.220930 0.244186 0.267442 0.290698 0.313953 0.337209 0.360465 0.383721 0.406977 0.430233 0.453488 0.476744 0.500000 0.523256 0.546512 0.569767 0.593023 0.616279 0.639535 0.662791 0.686047 0.709302 0.732558 0.755814 0.779070 0.802326 0.825581 0.848837 0.872093 0.895349 0.918605 0.941860 0.965116 0.988372 
0 0.0980750 0.6728350 0.9294890 0.6746780 0.9293510 0.7000210 0.0979370 0.698178
Лохвицкій Коршъ. Нынѣ была первая репетиція
0.011628 0.034884 0.058140 0.081395 0.104651 0.127907 0.151163 0.174419 0.197674 0.220930 0.244186 0.267442 0.290698 0.313953 0.337209 0.360465 0.383721 0.406977 0.430233 0.453488 0.476744 0.500000 0.523256 0.546512 0.569767 0.593023 0.616279 0.639535 0.662791 0.686047 0.709302 0.732558 0.755814 0.779070 0.802326 0.825581 0.848837 0.872093 0.895349 0.918605 0.941860 0.965116 0.988372 
0 0.1035420 0.7111270 0.9420350 0.7166500 0.9416480 0.7405170 0.1031550 0.734994
піэссы. Достоинство ея начинаетъ изъ цѣнности удачи
0.009804 0.029412 0.049020 0.068627 0.088235 0.107843 0.127451 0.147059 0.166667 0.186275 0.205882 0.225490 0.245098 0.264706 0.284314 0.303922 0.323529 0.343137 0.362745 0.382353 0.401961 0.421569 0.441176 0.460784 0.480392 0.500000 0.519608 0.539216 0.558824 0.578431 0.598039 0.617647 0.637255 0.656863 0.676471 0.696078 0.715686 0.735294 0.754902 0.774510 0.794118 0.813725 0.833333 0.852941 0.872549 0.892157 0.911765 0.931373 0.950980 0.970588 0.990196 
0 0.1092190 0.7430130 0.8928730 0.7544090 0.8919940 0.7789820 0.1083400 0.767586
быть возводимо къ цѣнности Литтературной.
0.012195 0.036585 0.060976 0.085366 0.109756 0.134146 0.158537 0.182927 0.207317 0.231707 0.256098 0.280488 0.304878 0.329268 0.353659 0.378049 0.402439 0.426829 0.451220 0.475610 0.500000 0.524390 0.548780 0.573171 0.597561 0.621951 0.646341 0.670732 0.695122 0.719512 0.743902 0.768293 0.792683 0.817073 0.841463 0.865854 0.890244 0.914634 0.939024 0.963415 0.987805 
0 0.1062530 0.7805400 0.9429760 0.7881510 0.9424440 0.8119100 0.1057220 0.804299
Сказывали, что Садовскій въ роли Расплюева уморилъ
0.010000 0.030000 0.050000 0.070000 0.090000 0.110000 0.130000 0.150000 0.170000 0.190000 0.210000 0.230000 0.250000 0.270000 0.290000 0.310000 0.330000 0.350000 0.370000 0.390000 0.410000 0.430000 0.450000 0.470000 0.490000 0.510000 0.530000 0.550000 0.570000 0.590000 0.610000 0.630000 0.650000 0.670000 0.690000 0.710000 0.730000 0.750000 0.770000 0.790000 0.810000 0.830000 0.850000 0.870000 0.890000 0.910000 0.930000 0.950000 0.970000 0.990000 
0 0.1124760 0.8141580 0.9500730 0.8226900 0.9495320 0.8442600 0.1119350 0.835728
всѣхъ со смѣху — даже суфлеръ кисъ со смѣху надъ
0.010417 0.031250 0.052083 0.072917 0.093750 0.114583 0.135417 0.156250 0.177083 0.197917 0.218750 0.239583 0.260417 0.281250 0.302083 0.322917 0.343750 0.364583 0.385417 0.406250 0.427083 0.447917 0.468750 0.489583 0.510417 0.531250 0.552083 0.572917 0.593750 0.614583 0.635417 0.656250 0.677083 0.697917 0.718750 0.739583 0.760417 0.781250 0.802083 0.822917 0.843750 0.864583 0.885417 0.906250 0.927083 0.947917 0.968750 0.989583 
0 0.1185620 0.8507380 0.9287990 0.8570090 0.9283880 0.8785850 0.1181510 0.872314
своимъ манускриптомъ. Вообще нынѣшній день надо
0.010638 0.031915 0.053191 0.074468 0.095745 0.117021 0.138298 0.159574 0.180851 0.202128 0.223404 0.244681 0.265957 0.287234 0.308511 0.329787 0.351064 0.372340 0.393617 0.414894 0.436170 0.457447 0.478723 0.500000 0.521277 0.542553 0.563830 0.585106 0.606383 0.627660 0.648936 0.670213 0.691489 0.712766 0.734043 0.755319 0.776596 0.797872 0.819149 0.840426 0.861702 0.882979 0.904255 0.925532 0.946809 0.968085 0.989362 
0 0.1214140 0.8822440 0.9431230 0.8930430 0.9424250 0.9146100 0.1207160 0.903811
замѣтить какъ переходный пунктъ отъ просто театральной
0.009259 0.027778 0.046296 0.064815 0.083333 0.101852 0.120370 0.138889 0.157407 0.175926 0.194444 0.212963 0.231481 0.250000 0.268519 0.287037 0.305556 0.324074 0.342593 0.361111 0.379630 0.398148 0.416667 0.435185 0.453704 0.472222 0.490741 0.509259 0.527778 0.546296 0.564815 0.583333 0.601852 0.620370 0.638889 0.657407 0.675926 0.694444 0.712963 0.731481 0.750000 0.768519 0.787037 0.805556 0.824074 0.842593 0.861111 0.879630 0.898148 0.916667 0.935185 0.953704 0.972222 0.990741 
0 0.1253100 0.9149460 0.9682570 0.9342770 0.9668550 0.9591300 0.1239080 0.939799
піэссы къ Литтературному произведенію. Евг. Ѳеоктистовъ
0.009091 0.027273 0.045455 0.063636 0.081818 0.100000 0.118182 0.136364 0.154545 0.172727 0.190909 0.209091 0.227273 0.245455 0.263636 0.281818 0.300000 0.318182 0.336364 0.354545 0.372727 0.390909 0.409091 0.427273 0.445455 0.463636 0.481818 0.500000 0.518182 0.536364 0.554545 0.572727 0.590909 0.609091 0.627273 0.645455 0.663636 0.681818 0.700000 0.718182 0.736364 0.754545 0.772727 0.790909 0.809091 0.827273 0.845455 0.863636 0.881818 0.900000 0.918182 0.936364 0.954545 0.972727 0.990909 
