0 0.1189440 0.0783780 0.2130760 0.0783780 0.2130760 0.0993780 0.1189440 0.099378
Свеклы
14 окт 1856
0 0.2818660 0.0762630 0.6578770 0.0684130 0.6592630 0.0927040 0.2832520 0.100554
Своей .... 4474 бер.
14 окт 1856
0 0.2350930 0.1028370 0.4879450 0.0977650 0.4891090 0.1189930 0.2362570 0.124064
отъ постав. принято
14 окт 1856
0 0.5124070 0.0974380 0.5998240 0.0932400 0.6026030 0.1144100 0.5151860 0.118608
1500.
14 окт 1856
0 0.1964650 0.1316600 0.4402580 0.1265900 0.4414640 0.1478160 0.1976710 0.152886
Еще полагаю поступитъ
14 окт 1856
0 0.1902780 0.1571240 0.3931130 0.1554130 0.3936030 0.1766590 0.1907680 0.178370
отъ Афремовыхъ
14 окт 1856
0 0.4195960 0.1538350 0.4889080 0.1520790 0.4903770 0.1732960 0.4210650 0.175051
400.
14 окт 1856
0 0.1945800 0.1837970 0.4907560 0.1782540 0.4918450 0.1995360 0.1956680 0.205079
отъ Тов. изъ Волов ... 400.
14 окт 1856
0 0.1965280 0.2113060 0.4733900 0.2059460 0.4746250 0.2292740 0.1977630 0.234633
отъ Черкас. ...... 100
14 окт 1856
0 0.2076930 0.2401470 0.5001370 0.2298300 0.5024180 0.2534770 0.2099740 0.263794
Григорьева .... 100.
14 окт 1856
0 0.1975980 0.2645640 0.3937370 0.2621320 0.3944560 0.2833700 0.1983180 0.285801
изъ Вол. добравы
14 окт 1856
0 0.4202890 0.2613250 0.4742280 0.2587930 0.4769450 0.2799640 0.4230060 0.282496
200.
14 окт 1856
0 0.2027130 0.2889610 0.4768720 0.2831460 0.4781730 0.3055890 0.2040140 0.311403
Исъ Скород ..... 100.
14 окт 1856
0 0.2122870 0.3188720 0.2965690 0.3180640 0.2971260 0.3393060 0.2128430 0.340114
Бодиско
14 окт 1856
0 0.4207500 0.3146510 0.4707590 0.3128700 0.4728220 0.3340590 0.4228130 0.335840
200
14 окт 1856
0 0.5457320 0.2255760 0.6110970 0.2228240 0.6135350 0.2440090 0.5481700 0.246761
1500
14 окт 1856
0 0.5281790 0.2787700 0.7065630 0.2711040 0.7092500 0.2939790 0.5308660 0.301644
Итого 7474. —
14 окт 1856
0 0.2533930 0.3484690 0.5141230 0.3443820 0.5151150 0.3675270 0.2543850 0.371615
Сахару до 3500 п.
14 окт 1856
0 0.3497620 0.3823310 0.3777080 0.3810010 0.3804610 0.4021700 0.3525160 0.403500
по
14 окт 1856
0 0.4831250 0.3738860 0.5032130 0.3734360 0.5045100 0.3946420 0.4844220 0.395092
9.
14 окт 1856
0 0.4039710 0.4041410 0.5425450 0.3932080 0.5479550 0.4182890 0.4093810 0.429223
31.500. —
14 окт 1856
0 0.7762840 0.3917810 0.9283090 0.3888560 0.9294260 0.4100850 0.7774010 0.413011
31.500. —
14 окт 1856
0 0.1171500 0.4423730 0.3542240 0.4392290 0.3550820 0.4628830 0.1180080 0.466027
Расходу: и уплатъ.
14 окт 1856
0 0.1395850 0.4568050 0.2530130 0.4550780 0.2538970 0.4763160 0.1404690 0.478043
Зыбину
14 окт 1856
0 0.4656190 0.4427600 0.5258760 0.4417280 0.5268700 0.4629650 0.4666140 0.463997
900
14 окт 1856
0 0.1005930 0.4741410 0.5716120 0.4626950 0.5730920 0.4849680 0.1020730 0.496414
По ходъ завода до ... <s>3000.</s> —
14 окт 1856
0 0.1030090 0.5000300 0.5656030 0.4846380 0.5678260 0.5090710 0.1052320 0.524463
Сахаровару ..... 1500. —
14 окт 1856
0 0.1137260 0.5267210 0.5320790 0.5096050 0.5348610 0.5344800 0.1165080 0.551596
въ Елецъ ..... 500.
14 окт 1856
0 0.1111690 0.5545830 0.5273590 0.5395950 0.5299470 0.5658870 0.1137570 0.580875
за Стар. лѣсъ ..... 500
14 окт 1856
0 0.1176710 0.5834000 0.5315120 0.5705350 0.5338420 0.5979430 0.1200010 0.610808
Сазонову за дрова ... 1.200
14 окт 1856
0 0.1193400 0.6134250 0.5309270 0.5975990 0.5335300 0.6223600 0.1219430 0.638185
за рощу ..... 1.500.
14 окт 1856
0 0.1174940 0.6446250 0.5312620 0.6299620 0.5335060 0.6531250 0.1197380 0.667789
за уголь ..... 1.000.
14 окт 1856
0 0.1149490 0.6711850 0.2291660 0.6699380 0.2298000 0.6911830 0.1155830 0.692431
за свеклу
14 окт 1856
0 0.4483310 0.6616700 0.5267050 0.6604060 0.5276410 0.6816430 0.4492670 0.682908
1.500.
14 окт 1856
0 0.1043000 0.6989200 0.5606400 0.6893500 0.5620180 0.7133780 0.1056780 0.722949
Спиридонову ... 3.000. —
14 окт 1856
0 0.1155040 0.7247510 0.5314120 0.7179830 0.5323690 0.7395070 0.1164620 0.746275
въ Опек. совѣтъ ... 2.000. —
14 окт 1856
0 0.6209310 0.5840250 0.9080470 0.5772800 0.9094100 0.5985010 0.6222930 0.605246
16.900 — 16.600
14 окт 1856
0 0.6169010 0.6194820 0.9489210 0.6173050 0.9493020 0.6385500 0.6172820 0.640727
Остатокъ .. 14.900. —
14 окт 1856
0 0.1055130 0.7581320 0.9015670 0.7452160 0.9026650 0.7699560 0.1066110 0.782873
Обѣдалъ у Афремовыхъ — вечеръ у нихъ — ѣздилъ туда и воротился
14 окт 1856
0 0.1092970 0.7880250 0.5800330 0.7722010 0.5823310 0.7972080 0.1115950 0.813031
въ Саняхъ — такъ ворочаться было дурно.
14 окт 1856
0 0.1095370 0.8069570 0.9217300 0.7879080 0.9232580 0.8117440 0.1110660 0.830794
15-е. Морозъ 9-го пошелъ сильный снѣгъ. Послѣ полудня страшная
15 окт 1856
0 0.1088480 0.8360630 0.8969480 0.8162020 0.8984090 0.8374120 0.1103100 0.857274
мятель и снѣгъ. Ветеръ повернулъ Ю.З. потеплело. Къ вечеру
15 окт 1856
0 0.1091510 0.8573270 0.8869630 0.8433800 0.8881190 0.8669630 0.1103070 0.880910
+2° снѣгъ мокнетъ. Дѣлалъ перемѣну въ комнатахъ —
15 окт 1856
0 0.1156200 0.8843820 0.8808810 0.8738610 0.8816790 0.8950910 0.1164180 0.905612
перешёлъ спать въ каминную — Макару и Катеринѣ дѣлаю
15 окт 1856
0 0.1224640 0.9089110 0.9003280 0.9010150 0.9009180 0.9222520 0.1230530 0.930149
помещеніе. Пріѣхалъ Ѳедоръ — Я его послалъ скупать свекловицу
15 окт 1856
0 0.1249980 0.9319720 0.9470050 0.9216540 0.9478560 0.9464410 0.1258480 0.956759
въ Волово — Къ 4-мъ часамъ вечера сдѣлалась страшная мятель
15 окт 1856
