0 0.1297880 0.0743890 0.9602930 0.0637390 0.9609350 0.0853300 0.1304300 0.095979
27. По утру уѣхали въ Москву. — День средственный. —
0.009615 0.028846 0.048077 0.067308 0.086538 0.105769 0.125000 0.144231 0.163462 0.182692 0.201923 0.221154 0.240385 0.259615 0.278846 0.298077 0.317308 0.336538 0.355769 0.375000 0.394231 0.413462 0.432692 0.451923 0.471154 0.490385 0.509615 0.528846 0.548077 0.567308 0.586538 0.605769 0.625000 0.644231 0.663462 0.682692 0.701923 0.721154 0.740385 0.759615 0.778846 0.798077 0.817308 0.836538 0.855769 0.875000 0.894231 0.913462 0.932692 0.951923 0.971154 0.990385 
0 0.1473290 0.1131310 0.7609910 0.1009350 0.7620960 0.1249190 0.1484350 0.137115
Am. довольно хорошо.—. Гроза и дождь
0.013889 0.041667 0.069444 0.097222 0.125000 0.152778 0.180556 0.208333 0.236111 0.263889 0.291667 0.319444 0.347222 0.375000 0.402778 0.430556 0.458333 0.486111 0.513889 0.541667 0.569444 0.597222 0.625000 0.652778 0.680556 0.708333 0.736111 0.763889 0.791667 0.819444 0.847222 0.875000 0.902778 0.930556 0.958333 0.986111 
0 0.1351330 0.1476210 0.9522570 0.1369660 0.9529090 0.1585550 0.1357850 0.169209
28. Покупалъ бумагу для дома Воскресенскаго у Дабо.
0.009804 0.029412 0.049020 0.068627 0.088235 0.107843 0.127451 0.147059 0.166667 0.186275 0.205882 0.225490 0.245098 0.264706 0.284314 0.303922 0.323529 0.343137 0.362745 0.382353 0.401961 0.421569 0.441176 0.460784 0.480392 0.500000 0.519608 0.539216 0.558824 0.578431 0.598039 0.617647 0.637255 0.656863 0.676471 0.696078 0.715686 0.735294 0.754902 0.774510 0.794118 0.813725 0.833333 0.852941 0.872549 0.892157 0.911765 0.931373 0.950980 0.970588 0.990196 
0 0.1517590 0.1895320 0.8974980 0.1749420 0.8985780 0.1987430 0.1528390 0.213332
29. Петровъ день. Утромъ пріѣхали въ Воскресенское
0.010000 0.030000 0.050000 0.070000 0.090000 0.110000 0.130000 0.150000 0.170000 0.190000 0.210000 0.230000 0.250000 0.270000 0.290000 0.310000 0.330000 0.350000 0.370000 0.390000 0.410000 0.430000 0.450000 0.470000 0.490000 0.510000 0.530000 0.550000 0.570000 0.590000 0.610000 0.630000 0.650000 0.670000 0.690000 0.710000 0.730000 0.750000 0.770000 0.790000 0.810000 0.830000 0.850000 0.870000 0.890000 0.910000 0.930000 0.950000 0.970000 0.990000 
0 0.1355540 0.2347680 0.9303550 0.2161450 0.9316370 0.2397400 0.1368360 0.258362
Нуждаемся въ патокѣ — ибо заводъ пущенный только
0.010417 0.031250 0.052083 0.072917 0.093750 0.114583 0.135417 0.156250 0.177083 0.197917 0.218750 0.239583 0.260417 0.281250 0.302083 0.322917 0.343750 0.364583 0.385417 0.406250 0.427083 0.447917 0.468750 0.489583 0.510417 0.531250 0.552083 0.572917 0.593750 0.614583 0.635417 0.656250 0.677083 0.697917 0.718750 0.739583 0.760417 0.781250 0.802083 0.822917 0.843750 0.864583 0.885417 0.906250 0.927083 0.947917 0.968750 0.989583 
0 0.1363060 0.2717160 0.9195370 0.2512460 0.9210050 0.2754590 0.1377730 0.295930
съ 27 Апрѣля еще оной не довольно наварилъ.
0.011628 0.034884 0.058140 0.081395 0.104651 0.127907 0.151163 0.174419 0.197674 0.220930 0.244186 0.267442 0.290698 0.313953 0.337209 0.360465 0.383721 0.406977 0.430233 0.453488 0.476744 0.500000 0.523256 0.546512 0.569767 0.593023 0.616279 0.639535 0.662791 0.686047 0.709302 0.732558 0.755814 0.779070 0.802326 0.825581 0.848837 0.872093 0.895349 0.918605 0.941860 0.965116 0.988372 
0 0.1400410 0.3065460 0.9331020 0.2917600 0.9342730 0.3188530 0.1412120 0.333639
По сдѣланному щету наличность денегъ и патоки
0.011111 0.033333 0.055556 0.077778 0.100000 0.122222 0.144444 0.166667 0.188889 0.211111 0.233333 0.255556 0.277778 0.300000 0.322222 0.344444 0.366667 0.388889 0.411111 0.433333 0.455556 0.477778 0.500000 0.522222 0.544444 0.566667 0.588889 0.611111 0.633333 0.655556 0.677778 0.700000 0.722222 0.744444 0.766667 0.788889 0.811111 0.833333 0.855556 0.877778 0.900000 0.922222 0.944444 0.966667 0.988889 
0 0.1424980 0.3483460 0.6820780 0.3320340 0.6837390 0.3557300 0.1441590 0.372041
такая въ кассѣ ..... 600 р. сер.
0.015625 0.046875 0.078125 0.109375 0.140625 0.171875 0.203125 0.234375 0.265625 0.296875 0.328125 0.359375 0.390625 0.421875 0.453125 0.484375 0.515625 0.546875 0.578125 0.609375 0.640625 0.671875 0.703125 0.734375 0.765625 0.796875 0.828125 0.859375 0.890625 0.921875 0.953125 0.984375 
0 0.8147990 0.3383290 0.8977560 0.3391320 0.8972720 0.3607070 0.8143150 0.359904
600
0.166667 0.500000 0.833333 
0 0.0544490 0.3860510 0.1935680 0.3829100 0.1947830 0.4061140 0.0556630 0.409255
Въ Москвѣ
0.055556 0.166667 0.277778 0.388889 0.500000 0.611111 0.722222 0.833333 0.944444 
0 0.2149870 0.3874600 0.5218550 0.3874600 0.5218550 0.4084600 0.2149870 0.408460
по щетамъ поставлено
0.025000 0.075000 0.125000 0.175000 0.225000 0.275000 0.325000 0.375000 0.425000 0.475000 0.525000 0.575000 0.625000 0.675000 0.725000 0.775000 0.825000 0.875000 0.925000 0.975000 
0 0.2518180 0.4134620 0.6550300 0.4163730 0.6546680 0.4379900 0.2514560 0.435079
товару на сумму .. 3020.
0.020833 0.062500 0.104167 0.145833 0.187500 0.229167 0.270833 0.312500 0.354167 0.395833 0.437500 0.479167 0.520833 0.562500 0.604167 0.645833 0.687500 0.729167 0.770833 0.812500 0.854167 0.895833 0.937500 0.979167 
0 0.8117750 0.4126510 0.9081180 0.4126510 0.9081180 0.4336510 0.8117750 0.433651
3020
0.125000 0.375000 0.625000 0.875000 
0 0.2338800 0.4526920 0.6531470 0.4545730 0.6529220 0.4762150 0.2336550 0.474334
за лавкою — — 9.43.
0.026316 0.078947 0.131579 0.184211 0.236842 0.289474 0.342105 0.394737 0.447368 0.500000 0.552632 0.605263 0.657895 0.710526 0.763158 0.815789 0.868421 0.921053 0.973684 
0 0.8233720 0.4554160 0.9134700 0.4554160 0.9134700 0.4764160 0.8233720 0.476416
943
0.166667 0.500000 0.833333 
0 0.0623190 0.4973230 0.9115600 0.4943100 0.9117380 0.5159390 0.0624970 0.518951
Въ Воскресъ: патоки полную — 590 п по 1.50 ... 885
0.010000 0.030000 0.050000 0.070000 0.090000 0.110000 0.130000 0.150000 0.170000 0.190000 0.210000 0.230000 0.250000 0.270000 0.290000 0.310000 0.330000 0.350000 0.370000 0.390000 0.410000 0.430000 0.450000 0.470000 0.490000 0.510000 0.530000 0.550000 0.570000 0.590000 0.610000 0.630000 0.650000 0.670000 0.690000 0.710000 0.730000 0.750000 0.770000 0.790000 0.810000 0.830000 0.850000 0.870000 0.890000 0.910000 0.930000 0.950000 0.970000 0.990000 
0 0.1115930 0.5320450 0.9090960 0.5334800 0.9089850 0.5602290 0.1114810 0.558794
Муки 3113 пуд — патоки 3.000 п по 1.50 ... 4500
0.010638 0.031915 0.053191 0.074468 0.095745 0.117021 0.138298 0.159574 0.180851 0.202128 0.223404 0.244681 0.265957 0.287234 0.308511 0.329787 0.351064 0.372340 0.393617 0.414894 0.436170 0.457447 0.478723 0.500000 0.521277 0.542553 0.563830 0.585106 0.606383 0.627660 0.648936 0.670213 0.691489 0.712766 0.734043 0.755319 0.776596 0.797872 0.819149 0.840426 0.861702 0.882979 0.904255 0.925532 0.946809 0.968085 0.989362 
0 0.4461320 0.5809630 0.9662170 0.5822530 0.9660670 0.6082500 0.4459830 0.606961
Всего слѣдуетъ получить .... 9948 р. сер.
0.012195 0.036585 0.060976 0.085366 0.109756 0.134146 0.158537 0.182927 0.207317 0.231707 0.256098 0.280488 0.304878 0.329268 0.353659 0.378049 0.402439 0.426829 0.451220 0.475610 0.500000 0.524390 0.548780 0.573171 0.597561 0.621951 0.646341 0.670732 0.695122 0.719512 0.743902 0.768293 0.792683 0.817073 0.841463 0.865854 0.890244 0.914634 0.939024 0.963415 0.987805 
0 0.1305780 0.6141820 0.4258560 0.6096470 0.4266270 0.6313010 0.1313490 0.635836
Уплат. по соображенію
0.023810 0.071429 0.119048 0.166667 0.214286 0.261905 0.309524 0.357143 0.404762 0.452381 0.500000 0.547619 0.595238 0.642857 0.690476 0.738095 0.785714 0.833333 0.880952 0.928571 0.976190 
0 0.1858260 0.6528250 0.5969610 0.6455710 0.5979320 0.6692870 0.1867970 0.676542
въ Степи до 1000 р. сер.
0.020833 0.062500 0.104167 0.145833 0.187500 0.229167 0.270833 0.312500 0.354167 0.395833 0.437500 0.479167 0.520833 0.562500 0.604167 0.645833 0.687500 0.729167 0.770833 0.812500 0.854167 0.895833 0.937500 0.979167 
0 0.1928670 0.6907120 0.5211380 0.6841000 0.5221450 0.7056820 0.1938750 0.712294
Новосильцевой % 450.
0.025000 0.075000 0.125000 0.175000 0.225000 0.275000 0.325000 0.375000 0.425000 0.475000 0.525000 0.575000 0.625000 0.675000 0.725000 0.775000 0.825000 0.875000 0.925000 0.975000 
0 0.1772660 0.7263940 0.5189230 0.7239390 0.5192840 0.7455670 0.1776260 0.748023
по щетамъ 300.
0.035714 0.107143 0.178571 0.250000 0.321429 0.392857 0.464286 0.535714 0.607143 0.678571 0.750000 0.821429 0.892857 0.964286 
0 0.1263490 0.7653180 0.9068720 0.7580570 0.9074150 0.7832430 0.1268920 0.790504
До 7 т.р. сер. должно остаться на слѣдующій
0.011628 0.034884 0.058140 0.081395 0.104651 0.127907 0.151163 0.174419 0.197674 0.220930 0.244186 0.267442 0.290698 0.313953 0.337209 0.360465 0.383721 0.406977 0.430233 0.453488 0.476744 0.500000 0.523256 0.546512 0.569767 0.593023 0.616279 0.639535 0.662791 0.686047 0.709302 0.732558 0.755814 0.779070 0.802326 0.825581 0.848837 0.872093 0.895349 0.918605 0.941860 0.965116 0.988372 
0 0.1228010 0.8078340 0.4109340 0.8053610 0.4113640 0.8269870 0.1232310 0.829460
годъ для обороту.
0.029412 0.088235 0.147059 0.205882 0.264706 0.323529 0.382353 0.441176 0.500000 0.558824 0.617647 0.676471 0.735294 0.794118 0.852941 0.911765 0.970588 
0 0.1280490 0.8413740 0.9183520 0.8325170 0.9189970 0.8573320 0.1286940 0.866188
Послалъ положить въ ломбардъ 250 въ первый
0.011905 0.035714 0.059524 0.083333 0.107143 0.130952 0.154762 0.178571 0.202381 0.226190 0.250000 0.273810 0.297619 0.321429 0.345238 0.369048 0.392857 0.416667 0.440476 0.464286 0.488095 0.511905 0.535714 0.559524 0.583333 0.607143 0.630952 0.654762 0.678571 0.702381 0.726190 0.750000 0.773810 0.797619 0.821429 0.845238 0.869048 0.892857 0.916667 0.940476 0.964286 0.988095 
0 0.1300700 0.8793790 0.9489820 0.8759250 0.9492130 0.8995770 0.1303010 0.903030
разъ въ моей жизни — мнѣ теперь 37 лѣтъ и 9 мѣсяцевъ.
0.009434 0.028302 0.047170 0.066038 0.084906 0.103774 0.122642 0.141509 0.160377 0.179245 0.198113 0.216981 0.235849 0.254717 0.273585 0.292453 0.311321 0.330189 0.349057 0.367925 0.386792 0.405660 0.424528 0.443396 0.462264 0.481132 0.500000 0.518868 0.537736 0.556604 0.575472 0.594340 0.613208 0.632075 0.650943 0.669811 0.688679 0.707547 0.726415 0.745283 0.764151 0.783019 0.801887 0.820755 0.839623 0.858491 0.877358 0.896226 0.915094 0.933962 0.952830 0.971698 0.990566 
