0 0.0944250 0.0894390 0.8793710 0.0801810 0.8801040 0.1059380 0.0951590 0.115196
11-е. 12-е 13-е. 14-е. 15-е 16-е. Іюля. Погода нѣсколько свѣжеетъ
0.007692 0.023077 0.038462 0.053846 0.069231 0.084615 0.100000 0.115385 0.130769 0.146154 0.161538 0.176923 0.192308 0.207692 0.223077 0.238462 0.253846 0.269231 0.284615 0.300000 0.315385 0.330769 0.346154 0.361538 0.376923 0.392308 0.407692 0.423077 0.438462 0.453846 0.469231 0.484615 0.500000 0.515385 0.530769 0.546154 0.561538 0.576923 0.592308 0.607692 0.623077 0.638462 0.653846 0.669231 0.684615 0.700000 0.715385 0.730769 0.746154 0.761538 0.776923 0.792308 0.807692 0.823077 0.838462 0.853846 0.869231 0.884615 0.900000 0.915385 0.930769 0.946154 0.961538 0.976923 0.992308 
0 0.0847260 0.1260080 0.8848910 0.1184750 0.8854410 0.1426780 0.0852760 0.150211
и портится. Ходятъ тучи. Всѣ дни катался утромъ
0.010638 0.031915 0.053191 0.074468 0.095745 0.117021 0.138298 0.159574 0.180851 0.202128 0.223404 0.244681 0.265957 0.287234 0.308511 0.329787 0.351064 0.372340 0.393617 0.414894 0.436170 0.457447 0.478723 0.500000 0.521277 0.542553 0.563830 0.585106 0.606383 0.627660 0.648936 0.670213 0.691489 0.712766 0.734043 0.755319 0.776596 0.797872 0.819149 0.840426 0.861702 0.882979 0.904255 0.925532 0.946809 0.968085 0.989362 
0 0.0774230 0.1655110 0.9124790 0.1531930 0.9133300 0.1770770 0.0782740 0.189396
на лодкѣ. Чувствую себя свѣжо и сильно. Боль въ поясницѣ
0.008929 0.026786 0.044643 0.062500 0.080357 0.098214 0.116071 0.133929 0.151786 0.169643 0.187500 0.205357 0.223214 0.241071 0.258929 0.276786 0.294643 0.312500 0.330357 0.348214 0.366071 0.383929 0.401786 0.419643 0.437500 0.455357 0.473214 0.491071 0.508929 0.526786 0.544643 0.562500 0.580357 0.598214 0.616071 0.633929 0.651786 0.669643 0.687500 0.705357 0.723214 0.741071 0.758929 0.776786 0.794643 0.812500 0.830357 0.848214 0.866071 0.883929 0.901786 0.919643 0.937500 0.955357 0.973214 0.991071 
0 0.0816330 0.2039570 0.8880090 0.1869080 0.8891950 0.2101490 0.0828190 0.227198
исчезла. Тѣло становится видимо крѣпче. 16-го числа
0.009804 0.029412 0.049020 0.068627 0.088235 0.107843 0.127451 0.147059 0.166667 0.186275 0.205882 0.225490 0.245098 0.264706 0.284314 0.303922 0.323529 0.343137 0.362745 0.382353 0.401961 0.421569 0.441176 0.460784 0.480392 0.500000 0.519608 0.539216 0.558824 0.578431 0.598039 0.617647 0.637255 0.656863 0.676471 0.696078 0.715686 0.735294 0.754902 0.774510 0.794118 0.813725 0.833333 0.852941 0.872549 0.892157 0.911765 0.931373 0.950980 0.970588 0.990196 
0 0.0852000 0.2368220 0.8396710 0.2199320 0.8408370 0.2414960 0.0863660 0.258386
особенно чувствовалъ себя хорошо. Много рѣзвился въ
0.009804 0.029412 0.049020 0.068627 0.088235 0.107843 0.127451 0.147059 0.166667 0.186275 0.205882 0.225490 0.245098 0.264706 0.284314 0.303922 0.323529 0.343137 0.362745 0.382353 0.401961 0.421569 0.441176 0.460784 0.480392 0.500000 0.519608 0.539216 0.558824 0.578431 0.598039 0.617647 0.637255 0.656863 0.676471 0.696078 0.715686 0.735294 0.754902 0.774510 0.794118 0.813725 0.833333 0.852941 0.872549 0.892157 0.911765 0.931373 0.950980 0.970588 0.990196 
0 0.0865890 0.2701970 0.9115990 0.2437860 0.9135680 0.2692560 0.0885570 0.295666
купальнѣ — хорошо прыгалъ. Съ 14-го числа сталъ грѣсть
0.009259 0.027778 0.046296 0.064815 0.083333 0.101852 0.120370 0.138889 0.157407 0.175926 0.194444 0.212963 0.231481 0.250000 0.268519 0.287037 0.305556 0.324074 0.342593 0.361111 0.379630 0.398148 0.416667 0.435185 0.453704 0.472222 0.490741 0.509259 0.527778 0.546296 0.564815 0.583333 0.601852 0.620370 0.638889 0.657407 0.675926 0.694444 0.712963 0.731481 0.750000 0.768519 0.787037 0.805556 0.824074 0.842593 0.861111 0.879630 0.898148 0.916667 0.935185 0.953704 0.972222 0.990741 
0 0.0856730 0.3039200 0.9117870 0.2784500 0.9135340 0.3019200 0.0874200 0.327390
веслами въ чистоту. Жизнь начинаю понимать иначе.
0.010204 0.030612 0.051020 0.071429 0.091837 0.112245 0.132653 0.153061 0.173469 0.193878 0.214286 0.234694 0.255102 0.275510 0.295918 0.316327 0.336735 0.357143 0.377551 0.397959 0.418367 0.438776 0.459184 0.479592 0.500000 0.520408 0.540816 0.561224 0.581633 0.602041 0.622449 0.642857 0.663265 0.683673 0.704082 0.724490 0.744898 0.765306 0.785714 0.806122 0.826531 0.846939 0.867347 0.887755 0.908163 0.928571 0.948980 0.969388 0.989796 
0 0.0837450 0.3361710 0.9275510 0.3063670 0.9297220 0.3318270 0.0859160 0.361632
Трудъ, Трудъ и Трудъ. Возобновляющій освѣжительный трудъ.
0.008772 0.026316 0.043860 0.061404 0.078947 0.096491 0.114035 0.131579 0.149123 0.166667 0.184211 0.201754 0.219298 0.236842 0.254386 0.271930 0.289474 0.307018 0.324561 0.342105 0.359649 0.377193 0.394737 0.412281 0.429825 0.447368 0.464912 0.482456 0.500000 0.517544 0.535088 0.552632 0.570175 0.587719 0.605263 0.622807 0.640351 0.657895 0.675439 0.692982 0.710526 0.728070 0.745614 0.763158 0.780702 0.798246 0.815789 0.833333 0.850877 0.868421 0.885965 0.903509 0.921053 0.938596 0.956140 0.973684 0.991228 
0 0.0793580 0.3683150 0.9349390 0.3404100 0.9368520 0.3647000 0.0812710 0.392606
Среди природы, подъ ея утреннимъ дыханіемъ — Вотъ сосцы Матери
0.008065 0.024194 0.040323 0.056452 0.072581 0.088710 0.104839 0.120968 0.137097 0.153226 0.169355 0.185484 0.201613 0.217742 0.233871 0.250000 0.266129 0.282258 0.298387 0.314516 0.330645 0.346774 0.362903 0.379032 0.395161 0.411290 0.427419 0.443548 0.459677 0.475806 0.491935 0.508065 0.524194 0.540323 0.556452 0.572581 0.588710 0.604839 0.620968 0.637097 0.653226 0.669355 0.685484 0.701613 0.717742 0.733871 0.750000 0.766129 0.782258 0.798387 0.814516 0.830645 0.846774 0.862903 0.879032 0.895161 0.911290 0.927419 0.943548 0.959677 0.975806 0.991935 
0 0.0791810 0.3993760 0.8791380 0.3708420 0.8813400 0.3964180 0.0813830 0.424951
той Изиды у которой двѣнадцать богатырскихъ сосцевъ.
0.009615 0.028846 0.048077 0.067308 0.086538 0.105769 0.125000 0.144231 0.163462 0.182692 0.201923 0.221154 0.240385 0.259615 0.278846 0.298077 0.317308 0.336538 0.355769 0.375000 0.394231 0.413462 0.432692 0.451923 0.471154 0.490385 0.509615 0.528846 0.548077 0.567308 0.586538 0.605769 0.625000 0.644231 0.663462 0.682692 0.701923 0.721154 0.740385 0.759615 0.778846 0.798077 0.817308 0.836538 0.855769 0.875000 0.894231 0.913462 0.932692 0.951923 0.971154 0.990385 
0 0.0704920 0.4291620 0.9225480 0.4019730 0.9244130 0.4261820 0.0723570 0.453370
Да будетъ это начало — началомъ новой эпохи въ моей жизни.
0.008621 0.025862 0.043103 0.060345 0.077586 0.094828 0.112069 0.129310 0.146552 0.163793 0.181034 0.198276 0.215517 0.232759 0.250000 0.267241 0.284483 0.301724 0.318966 0.336207 0.353448 0.370690 0.387931 0.405172 0.422414 0.439655 0.456897 0.474138 0.491379 0.508621 0.525862 0.543103 0.560345 0.577586 0.594828 0.612069 0.629310 0.646552 0.663793 0.681034 0.698276 0.715517 0.732759 0.750000 0.767241 0.784483 0.801724 0.818966 0.836207 0.853448 0.870690 0.887931 0.905172 0.922414 0.939655 0.956897 0.974138 0.991379 
0 0.0750190 0.4562950 0.9396010 0.4331890 0.9412470 0.4587050 0.0766660 0.481811
Совершился переломъ страшнымъ переломомъ. Мое заклю-
0.009615 0.028846 0.048077 0.067308 0.086538 0.105769 0.125000 0.144231 0.163462 0.182692 0.201923 0.221154 0.240385 0.259615 0.278846 0.298077 0.317308 0.336538 0.355769 0.375000 0.394231 0.413462 0.432692 0.451923 0.471154 0.490385 0.509615 0.528846 0.548077 0.567308 0.586538 0.605769 0.625000 0.644231 0.663462 0.682692 0.701923 0.721154 0.740385 0.759615 0.778846 0.798077 0.817308 0.836538 0.855769 0.875000 0.894231 0.913462 0.932692 0.951923 0.971154 0.990385 
0 0.0786210 0.4836850 0.8912820 0.4619470 0.8928600 0.4863870 0.0801990 0.508125
ченіе жестокое потому что безвинное — ведетъ меня на
0.009615 0.028846 0.048077 0.067308 0.086538 0.105769 0.125000 0.144231 0.163462 0.182692 0.201923 0.221154 0.240385 0.259615 0.278846 0.298077 0.317308 0.336538 0.355769 0.375000 0.394231 0.413462 0.432692 0.451923 0.471154 0.490385 0.509615 0.528846 0.548077 0.567308 0.586538 0.605769 0.625000 0.644231 0.663462 0.682692 0.701923 0.721154 0.740385 0.759615 0.778846 0.798077 0.817308 0.836538 0.855769 0.875000 0.894231 0.913462 0.932692 0.951923 0.971154 0.990385 
0 0.0838720 0.5148110 0.9063050 0.4886630 0.9081660 0.5129130 0.0857330 0.539061
другой путь и потому благодатное. Боже силу, силу
0.010204 0.030612 0.051020 0.071429 0.091837 0.112245 0.132653 0.153061 0.173469 0.193878 0.214286 0.234694 0.255102 0.275510 0.295918 0.316327 0.336735 0.357143 0.377551 0.397959 0.418367 0.438776 0.459184 0.479592 0.500000 0.520408 0.540816 0.561224 0.581633 0.602041 0.622449 0.642857 0.663265 0.683673 0.704082 0.724490 0.744898 0.765306 0.785714 0.806122 0.826531 0.846939 0.867347 0.887755 0.908163 0.928571 0.948980 0.969388 0.989796 
0 0.0860990 0.5499780 0.8699690 0.5181520 0.8724510 0.5434740 0.0885810 0.575300
и здоровье. Боже милостей и щедротъ — милость и
0.010638 0.031915 0.053191 0.074468 0.095745 0.117021 0.138298 0.159574 0.180851 0.202128 0.223404 0.244681 0.265957 0.287234 0.308511 0.329787 0.351064 0.372340 0.393617 0.414894 0.436170 0.457447 0.478723 0.500000 0.521277 0.542553 0.563830 0.585106 0.606383 0.627660 0.648936 0.670213 0.691489 0.712766 0.734043 0.755319 0.776596 0.797872 0.819149 0.840426 0.861702 0.882979 0.904255 0.925532 0.946809 0.968085 0.989362 
0 0.0694620 0.5790190 0.9176220 0.5479090 0.9198850 0.5734640 0.0717250 0.604574
избавленіе. Свѣтъ тихій святыя славы — прошу не
0.010638 0.031915 0.053191 0.074468 0.095745 0.117021 0.138298 0.159574 0.180851 0.202128 0.223404 0.244681 0.265957 0.287234 0.308511 0.329787 0.351064 0.372340 0.393617 0.414894 0.436170 0.457447 0.478723 0.500000 0.521277 0.542553 0.563830 0.585106 0.606383 0.627660 0.648936 0.670213 0.691489 0.712766 0.734043 0.755319 0.776596 0.797872 0.819149 0.840426 0.861702 0.882979 0.904255 0.925532 0.946809 0.968085 0.989362 
0 0.0680440 0.6124580 0.9353730 0.5795630 0.9378240 0.6063360 0.0704960 0.639231
славы, а тихаго свѣта истины, у которого внутренняго
0.009615 0.028846 0.048077 0.067308 0.086538 0.105769 0.125000 0.144231 0.163462 0.182692 0.201923 0.221154 0.240385 0.259615 0.278846 0.298077 0.317308 0.336538 0.355769 0.375000 0.394231 0.413462 0.432692 0.451923 0.471154 0.490385 0.509615 0.528846 0.548077 0.567308 0.586538 0.605769 0.625000 0.644231 0.663462 0.682692 0.701923 0.721154 0.740385 0.759615 0.778846 0.798077 0.817308 0.836538 0.855769 0.875000 0.894231 0.913462 0.932692 0.951923 0.971154 0.990385 
0 0.0639630 0.6470820 0.8925030 0.6138620 0.8948750 0.6383590 0.0663340 0.671579
мира, тишины, успокоенія. Слышишь ли всевѣдущій
0.010638 0.031915 0.053191 0.074468 0.095745 0.117021 0.138298 0.159574 0.180851 0.202128 0.223404 0.244681 0.265957 0.287234 0.308511 0.329787 0.351064 0.372340 0.393617 0.414894 0.436170 0.457447 0.478723 0.500000 0.521277 0.542553 0.563830 0.585106 0.606383 0.627660 0.648936 0.670213 0.691489 0.712766 0.734043 0.755319 0.776596 0.797872 0.819149 0.840426 0.861702 0.882979 0.904255 0.925532 0.946809 0.968085 0.989362 
0 0.0717460 0.6804490 0.9316820 0.6410150 0.9343930 0.6655030 0.0744570 0.704937
Боже. Приклони ухо твое моленію моему.—. 17-е. число.
0.009434 0.028302 0.047170 0.066038 0.084906 0.103774 0.122642 0.141509 0.160377 0.179245 0.198113 0.216981 0.235849 0.254717 0.273585 0.292453 0.311321 0.330189 0.349057 0.367925 0.386792 0.405660 0.424528 0.443396 0.462264 0.481132 0.500000 0.518868 0.537736 0.556604 0.575472 0.594340 0.613208 0.632075 0.650943 0.669811 0.688679 0.707547 0.726415 0.745283 0.764151 0.783019 0.801887 0.820755 0.839623 0.858491 0.877358 0.896226 0.915094 0.933962 0.952830 0.971698 0.990566 
0 0.0663340 0.7112540 0.8654760 0.6759050 0.8681410 0.7008680 0.0690000 0.736217
Іюля. Да будетъ, да будетъ, да будетъ. Съ тѣхъ поръ какъ
0.008929 0.026786 0.044643 0.062500 0.080357 0.098214 0.116071 0.133929 0.151786 0.169643 0.187500 0.205357 0.223214 0.241071 0.258929 0.276786 0.294643 0.312500 0.330357 0.348214 0.366071 0.383929 0.401786 0.419643 0.437500 0.455357 0.473214 0.491071 0.508929 0.526786 0.544643 0.562500 0.580357 0.598214 0.616071 0.633929 0.651786 0.669643 0.687500 0.705357 0.723214 0.741071 0.758929 0.776786 0.794643 0.812500 0.830357 0.848214 0.866071 0.883929 0.901786 0.919643 0.937500 0.955357 0.973214 0.991071 
0 0.0655710 0.7428220 0.9136670 0.7044870 0.9165010 0.7304540 0.0684050 0.768790
сталъ я трудиться въ природѣ — она выступила изъ
0.010417 0.031250 0.052083 0.072917 0.093750 0.114583 0.135417 0.156250 0.177083 0.197917 0.218750 0.239583 0.260417 0.281250 0.302083 0.322917 0.343750 0.364583 0.385417 0.406250 0.427083 0.447917 0.468750 0.489583 0.510417 0.531250 0.552083 0.572917 0.593750 0.614583 0.635417 0.656250 0.677083 0.697917 0.718750 0.739583 0.760417 0.781250 0.802083 0.822917 0.843750 0.864583 0.885417 0.906250 0.927083 0.947917 0.968750 0.989583 
0 0.0694440 0.7710690 0.8605590 0.7416540 0.8628260 0.7669120 0.0717120 0.796327
себя предо мною. Небо ея треснуло пердо мною
0.011364 0.034091 0.056818 0.079545 0.102273 0.125000 0.147727 0.170455 0.193182 0.215909 0.238636 0.261364 0.284091 0.306818 0.329545 0.352273 0.375000 0.397727 0.420455 0.443182 0.465909 0.488636 0.511364 0.534091 0.556818 0.579545 0.602273 0.625000 0.647727 0.670455 0.693182 0.715909 0.738636 0.761364 0.784091 0.806818 0.829545 0.852273 0.875000 0.897727 0.920455 0.943182 0.965909 0.988636 
0 0.0811620 0.8012220 0.9385450 0.7717950 0.9404870 0.7952430 0.0831050 0.824670
голубою глубиною, которую я прежде видѣлъ и не разумѣлъ
0.009091 0.027273 0.045455 0.063636 0.081818 0.100000 0.118182 0.136364 0.154545 0.172727 0.190909 0.209091 0.227273 0.245455 0.263636 0.281818 0.300000 0.318182 0.336364 0.354545 0.372727 0.390909 0.409091 0.427273 0.445455 0.463636 0.481818 0.500000 0.518182 0.536364 0.554545 0.572727 0.590909 0.609091 0.627273 0.645455 0.663636 0.681818 0.700000 0.718182 0.736364 0.754545 0.772727 0.790909 0.809091 0.827273 0.845455 0.863636 0.881818 0.900000 0.918182 0.936364 0.954545 0.972727 0.990909 
0 0.0752100 0.8275730 0.8698530 0.8066070 0.8713960 0.8308280 0.0767530 0.851794
Деревья, лу листья приняли прекрасные очерки —
0.010870 0.032609 0.054348 0.076087 0.097826 0.119565 0.141304 0.163043 0.184783 0.206522 0.228261 0.250000 0.271739 0.293478 0.315217 0.336957 0.358696 0.380435 0.402174 0.423913 0.445652 0.467391 0.489130 0.510870 0.532609 0.554348 0.576087 0.597826 0.619565 0.641304 0.663043 0.684783 0.706522 0.728261 0.750000 0.771739 0.793478 0.815217 0.836957 0.858696 0.880435 0.902174 0.923913 0.945652 0.967391 0.989130 
0 0.0895860 0.8536180 0.9138350 0.8341370 0.9152170 0.8583600 0.0909680 0.877841
Ее глубокій голосъ, ее шепотъ, ее жизнь, ее дыханіе
0.009804 0.029412 0.049020 0.068627 0.088235 0.107843 0.127451 0.147059 0.166667 0.186275 0.205882 0.225490 0.245098 0.264706 0.284314 0.303922 0.323529 0.343137 0.362745 0.382353 0.401961 0.421569 0.441176 0.460784 0.480392 0.500000 0.519608 0.539216 0.558824 0.578431 0.598039 0.617647 0.637255 0.656863 0.676471 0.696078 0.715686 0.735294 0.754902 0.774510 0.794118 0.813725 0.833333 0.852941 0.872549 0.892157 0.911765 0.931373 0.950980 0.970588 0.990196 
0 0.0953120 0.8814160 0.9071660 0.8694660 0.9080690 0.8948620 0.0962140 0.906812
всё это проникаетъ мнѣ въ душу. Небеса повѣдаютъ
0.010417 0.031250 0.052083 0.072917 0.093750 0.114583 0.135417 0.156250 0.177083 0.197917 0.218750 0.239583 0.260417 0.281250 0.302083 0.322917 0.343750 0.364583 0.385417 0.406250 0.427083 0.447917 0.468750 0.489583 0.510417 0.531250 0.552083 0.572917 0.593750 0.614583 0.635417 0.656250 0.677083 0.697917 0.718750 0.739583 0.760417 0.781250 0.802083 0.822917 0.843750 0.864583 0.885417 0.906250 0.927083 0.947917 0.968750 0.989583 
0 0.0955610 0.9138150 0.9082830 0.9068070 0.9087320 0.9283970 0.0960100 0.935405
славу Божію, твореніе же рукъ его возвѣщаетъ твердь.
0.009615 0.028846 0.048077 0.067308 0.086538 0.105769 0.125000 0.144231 0.163462 0.182692 0.201923 0.221154 0.240385 0.259615 0.278846 0.298077 0.317308 0.336538 0.355769 0.375000 0.394231 0.413462 0.432692 0.451923 0.471154 0.490385 0.509615 0.528846 0.548077 0.567308 0.586538 0.605769 0.625000 0.644231 0.663462 0.682692 0.701923 0.721154 0.740385 0.759615 0.778846 0.798077 0.817308 0.836538 0.855769 0.875000 0.894231 0.913462 0.932692 0.951923 0.971154 0.990385 
