0 0.0787200 0.1010410 0.8735870 0.0867750 0.8745950 0.1110200 0.0797280 0.125286
толченый кирпичъ распустить въ водѣ съ
0.013158 0.039474 0.065789 0.092105 0.118421 0.144737 0.171053 0.197368 0.223684 0.250000 0.276316 0.302632 0.328947 0.355263 0.381579 0.407895 0.434211 0.460526 0.486842 0.513158 0.539474 0.565789 0.592105 0.618421 0.644737 0.671053 0.697368 0.723684 0.750000 0.776316 0.802632 0.828947 0.855263 0.881579 0.907895 0.934211 0.960526 0.986842 
0 0.0841210 0.1380110 0.6059790 0.1292900 0.6068470 0.1517220 0.0849890 0.160443
примесью гашеной извѣсти.
0.020000 0.060000 0.100000 0.140000 0.180000 0.220000 0.260000 0.300000 0.340000 0.380000 0.420000 0.460000 0.500000 0.540000 0.580000 0.620000 0.660000 0.700000 0.740000 0.780000 0.820000 0.860000 0.900000 0.940000 0.980000 
0 0.0785860 0.1764750 0.9037330 0.1575540 0.9048790 0.1791260 0.0797320 0.198047
#
0.500000 
0 0.0821820 0.2139870 0.8841370 0.1962400 0.8852420 0.2178150 0.0832880 0.235562
#
0.500000 
0 0.0865020 0.2507880 0.9089380 0.2334610 0.9101940 0.2592210 0.0877590 0.276548
#
0.500000 
0 0.0941110 0.2857840 0.9379990 0.2769360 0.9385970 0.3015680 0.0947090 0.310416
#
0.500000 
0 0.0950400 0.3276660 0.6597120 0.3211070 0.6602930 0.3427030 0.0956210 0.349261
#
0.500000 
0 0.0755020 0.3609220 0.9273830 0.3537460 0.9278600 0.3782150 0.0759790 0.385391
#
0.500000 
0 0.0949560 0.4108530 0.9156370 0.4009260 0.9163140 0.4251080 0.0956340 0.435035
#
0.500000 
0 0.1020250 0.4524030 0.9058010 0.4410010 0.9065670 0.4643180 0.1027910 0.475720
#
0.500000 
0 0.1000290 0.4940600 0.8118170 0.4805960 0.8129300 0.5059980 0.1011420 0.519461
#
0.500000 
0 0.1101050 0.5396740 0.8880080 0.5300240 0.8886960 0.5539820 0.1107930 0.563631
#
0.500000 
0 0.1064170 0.5864130 0.9028390 0.5719590 0.9039610 0.5986710 0.1075400 0.613125
#
0.500000 
0 0.0997810 0.6335890 0.9133710 0.6118020 0.9148790 0.6361100 0.1012890 0.657898
#
0.500000 
0 0.0970010 0.6859020 0.5430140 0.6715990 0.5446150 0.6931510 0.0986020 0.707454
#
0.500000 
0 0.1079200 0.7236310 0.8634030 0.7044760 0.8647940 0.7281690 0.1093110 0.747323
#
0.500000 
0 0.1094430 0.7637560 0.6375410 0.7595580 0.6379390 0.7811720 0.1098400 0.785370
#
0.500000 
0 0.1216880 0.7975140 0.8567990 0.7881890 0.8575030 0.8121440 0.1223920 0.821470
5-е. Всталъ не рано, мало расположенія къ дѣлу
0.010870 0.032609 0.054348 0.076087 0.097826 0.119565 0.141304 0.163043 0.184783 0.206522 0.228261 0.250000 0.271739 0.293478 0.315217 0.336957 0.358696 0.380435 0.402174 0.423913 0.445652 0.467391 0.489130 0.510870 0.532609 0.554348 0.576087 0.597826 0.619565 0.641304 0.663043 0.684783 0.706522 0.728261 0.750000 0.771739 0.793478 0.815217 0.836957 0.858696 0.880435 0.902174 0.923913 0.945652 0.967391 0.989130 
0 0.1219960 0.8363250 0.7607180 0.8327240 0.7610140 0.8554020 0.1222920 0.859003
въ 11 ч. пріѣхалъ Чернявскій съ сыномъ —
0.012500 0.037500 0.062500 0.087500 0.112500 0.137500 0.162500 0.187500 0.212500 0.237500 0.262500 0.287500 0.312500 0.337500 0.362500 0.387500 0.412500 0.437500 0.462500 0.487500 0.512500 0.537500 0.562500 0.587500 0.612500 0.637500 0.662500 0.687500 0.712500 0.737500 0.762500 0.787500 0.812500 0.837500 0.862500 0.887500 0.912500 0.937500 0.962500 0.987500 
0 0.1327170 0.8719350 0.8213730 0.8683650 0.8216600 0.8922840 0.1330040 0.895853
по отъѣздѣ ихъ гулялъ одинъ — былъ въ
0.013514 0.040541 0.067568 0.094595 0.121622 0.148649 0.175676 0.202703 0.229730 0.256757 0.283784 0.310811 0.337838 0.364865 0.391892 0.418919 0.445946 0.472973 0.500000 0.527027 0.554054 0.581081 0.608108 0.635135 0.662162 0.689189 0.716216 0.743243 0.770270 0.797297 0.824324 0.851351 0.878378 0.905405 0.932432 0.959459 0.986486 
0 0.1362630 0.9155720 0.6188670 0.9125420 0.6191810 0.9341630 0.1365780 0.937193
грустномъ расположеніи духа.
0.017857 0.053571 0.089286 0.125000 0.160714 0.196429 0.232143 0.267857 0.303571 0.339286 0.375000 0.410714 0.446429 0.482143 0.517857 0.553571 0.589286 0.625000 0.660714 0.696429 0.732143 0.767857 0.803571 0.839286 0.875000 0.910714 0.946429 0.982143 
0 0.1434200 0.9565990 0.7749980 0.9529940 0.7752840 0.9746120 0.1437060 0.978217
6-е. Всталъ поздно — не въ духѣ —
0.015152 0.045455 0.075758 0.106061 0.136364 0.166667 0.196970 0.227273 0.257576 0.287879 0.318182 0.348485 0.378788 0.409091 0.439394 0.469697 0.500000 0.530303 0.560606 0.590909 0.621212 0.651515 0.681818 0.712121 0.742424 0.772727 0.803030 0.833333 0.863636 0.893939 0.924242 0.954545 0.984848 
