0 0.0916340 0.0917600 0.9128300 0.0787680 0.9137110 0.0999970 0.0925160 0.112988
тихаго, честнаго, истиннаго счастія, была бы жизнь въ отдаленномъ уголкѣ
0.006944 0.020833 0.034722 0.048611 0.062500 0.076389 0.090278 0.104167 0.118056 0.131944 0.145833 0.159722 0.173611 0.187500 0.201389 0.215278 0.229167 0.243056 0.256944 0.270833 0.284722 0.298611 0.312500 0.326389 0.340278 0.354167 0.368056 0.381944 0.395833 0.409722 0.423611 0.437500 0.451389 0.465278 0.479167 0.493056 0.506944 0.520833 0.534722 0.548611 0.562500 0.576389 0.590278 0.604167 0.618056 0.631944 0.645833 0.659722 0.673611 0.687500 0.701389 0.715278 0.729167 0.743056 0.756944 0.770833 0.784722 0.798611 0.812500 0.826389 0.840278 0.854167 0.868056 0.881944 0.895833 0.909722 0.923611 0.937500 0.951389 0.965278 0.979167 0.993056 
0 0.0982230 0.1195260 0.9102690 0.1088940 0.9109990 0.1301250 0.0989530 0.140758
какой-нибудь благорастворенной страны, среди въ скромномъ домикѣ осѣненномъ
0.006667 0.020000 0.033333 0.046667 0.060000 0.073333 0.086667 0.100000 0.113333 0.126667 0.140000 0.153333 0.166667 0.180000 0.193333 0.206667 0.220000 0.233333 0.246667 0.260000 0.273333 0.286667 0.300000 0.313333 0.326667 0.340000 0.353333 0.366667 0.380000 0.393333 0.406667 0.420000 0.433333 0.446667 0.460000 0.473333 0.486667 0.500000 0.513333 0.526667 0.540000 0.553333 0.566667 0.580000 0.593333 0.606667 0.620000 0.633333 0.646667 0.660000 0.673333 0.686667 0.700000 0.713333 0.726667 0.740000 0.753333 0.766667 0.780000 0.793333 0.806667 0.820000 0.833333 0.846667 0.860000 0.873333 0.886667 0.900000 0.913333 0.926667 0.940000 0.953333 0.966667 0.980000 0.993333 
0 0.1017740 0.1418450 0.9084890 0.1355050 0.9090130 0.1609310 0.1022980 0.167271
нѣсколькими благородными деревьями, среди простыхъ, здоровыхъ, сельскихъ
0.006944 0.020833 0.034722 0.048611 0.062500 0.076389 0.090278 0.104167 0.118056 0.131944 0.145833 0.159722 0.173611 0.187500 0.201389 0.215278 0.229167 0.243056 0.256944 0.270833 0.284722 0.298611 0.312500 0.326389 0.340278 0.354167 0.368056 0.381944 0.395833 0.409722 0.423611 0.437500 0.451389 0.465278 0.479167 0.493056 0.506944 0.520833 0.534722 0.548611 0.562500 0.576389 0.590278 0.604167 0.618056 0.631944 0.645833 0.659722 0.673611 0.687500 0.701389 0.715278 0.729167 0.743056 0.756944 0.770833 0.784722 0.798611 0.812500 0.826389 0.840278 0.854167 0.868056 0.881944 0.895833 0.909722 0.923611 0.937500 0.951389 0.965278 0.979167 0.993056 
0 0.7695140 0.1517760 0.9292530 0.1493690 0.9300920 0.1705990 0.7703530 0.173005
т:е: достатокъ
0.035714 0.107143 0.178571 0.250000 0.321429 0.392857 0.464286 0.535714 0.607143 0.678571 0.750000 0.821429 0.892857 0.964286 
0 0.1061620 0.1734250 0.9048640 0.1616100 0.9056880 0.1828400 0.1069860 0.194655
или садовническихъ трудовъ. Простота, природа, свобода, и довольство. Но
0.006944 0.020833 0.034722 0.048611 0.062500 0.076389 0.090278 0.104167 0.118056 0.131944 0.145833 0.159722 0.173611 0.187500 0.201389 0.215278 0.229167 0.243056 0.256944 0.270833 0.284722 0.298611 0.312500 0.326389 0.340278 0.354167 0.368056 0.381944 0.395833 0.409722 0.423611 0.437500 0.451389 0.465278 0.479167 0.493056 0.506944 0.520833 0.534722 0.548611 0.562500 0.576389 0.590278 0.604167 0.618056 0.631944 0.645833 0.659722 0.673611 0.687500 0.701389 0.715278 0.729167 0.743056 0.756944 0.770833 0.784722 0.798611 0.812500 0.826389 0.840278 0.854167 0.868056 0.881944 0.895833 0.909722 0.923611 0.937500 0.951389 0.965278 0.979167 0.993056 
0 0.1047970 0.1985370 0.9264260 0.1828420 0.9276280 0.2068230 0.1059990 0.222518
для этого необходимо, чтобы и женщина, съ которою сталъ бы такъ жить
0.007353 0.022059 0.036765 0.051471 0.066176 0.080882 0.095588 0.110294 0.125000 0.139706 0.154412 0.169118 0.183824 0.198529 0.213235 0.227941 0.242647 0.257353 0.272059 0.286765 0.301471 0.316176 0.330882 0.345588 0.360294 0.375000 0.389706 0.404412 0.419118 0.433824 0.448529 0.463235 0.477941 0.492647 0.507353 0.522059 0.536765 0.551471 0.566176 0.580882 0.595588 0.610294 0.625000 0.639706 0.654412 0.669118 0.683824 0.698529 0.713235 0.727941 0.742647 0.757353 0.772059 0.786765 0.801471 0.816176 0.830882 0.845588 0.860294 0.875000 0.889706 0.904412 0.919118 0.933824 0.948529 0.963235 0.977941 0.992647 
0 0.1120410 0.2299650 0.9053600 0.2155520 0.9065000 0.2394640 0.1131810 0.253878
имѣла или тотъ же вкусъ, тѣ же склонности, тѣ же требы и тѣ же
0.008065 0.024194 0.040323 0.056452 0.072581 0.088710 0.104839 0.120968 0.137097 0.153226 0.169355 0.185484 0.201613 0.217742 0.233871 0.250000 0.266129 0.282258 0.298387 0.314516 0.330645 0.346774 0.362903 0.379032 0.395161 0.411290 0.427419 0.443548 0.459677 0.475806 0.491935 0.508065 0.524194 0.540323 0.556452 0.572581 0.588710 0.604839 0.620968 0.637097 0.653226 0.669355 0.685484 0.701613 0.717742 0.733871 0.750000 0.766129 0.782258 0.798387 0.814516 0.830645 0.846774 0.862903 0.879032 0.895161 0.911290 0.927419 0.943548 0.959677 0.975806 0.991935 
0 0.1141670 0.2588570 0.8957140 0.2472780 0.8965390 0.2685080 0.1149930 0.280086
наслажденія. Одинъ только разъ въ жизни случилось мнѣ вдохнуть
0.008065 0.024194 0.040323 0.056452 0.072581 0.088710 0.104839 0.120968 0.137097 0.153226 0.169355 0.185484 0.201613 0.217742 0.233871 0.250000 0.266129 0.282258 0.298387 0.314516 0.330645 0.346774 0.362903 0.379032 0.395161 0.411290 0.427419 0.443548 0.459677 0.475806 0.491935 0.508065 0.524194 0.540323 0.556452 0.572581 0.588710 0.604839 0.620968 0.637097 0.653226 0.669355 0.685484 0.701613 0.717742 0.733871 0.750000 0.766129 0.782258 0.798387 0.814516 0.830645 0.846774 0.862903 0.879032 0.895161 0.911290 0.927419 0.943548 0.959677 0.975806 0.991935 
0 0.1179740 0.2857430 0.9208610 0.2748720 0.9216780 0.2978500 0.1187900 0.308721
въ себя эту живую, живящую и полевымъ ароматомъ благоухающую
0.008333 0.025000 0.041667 0.058333 0.075000 0.091667 0.108333 0.125000 0.141667 0.158333 0.175000 0.191667 0.208333 0.225000 0.241667 0.258333 0.275000 0.291667 0.308333 0.325000 0.341667 0.358333 0.375000 0.391667 0.408333 0.425000 0.441667 0.458333 0.475000 0.491667 0.508333 0.525000 0.541667 0.558333 0.575000 0.591667 0.608333 0.625000 0.641667 0.658333 0.675000 0.691667 0.708333 0.725000 0.741667 0.758333 0.775000 0.791667 0.808333 0.825000 0.841667 0.858333 0.875000 0.891667 0.908333 0.925000 0.941667 0.958333 0.975000 0.991667 
0 0.1204630 0.3122120 0.8940380 0.2995570 0.8950710 0.3236310 0.1214970 0.336287
атмосферу. И Живо и глубоко залегло въ глубинѣ души это
0.009091 0.027273 0.045455 0.063636 0.081818 0.100000 0.118182 0.136364 0.154545 0.172727 0.190909 0.209091 0.227273 0.245455 0.263636 0.281818 0.300000 0.318182 0.336364 0.354545 0.372727 0.390909 0.409091 0.427273 0.445455 0.463636 0.481818 0.500000 0.518182 0.536364 0.554545 0.572727 0.590909 0.609091 0.627273 0.645455 0.663636 0.681818 0.700000 0.718182 0.736364 0.754545 0.772727 0.790909 0.809091 0.827273 0.845455 0.863636 0.881818 0.900000 0.918182 0.936364 0.954545 0.972727 0.990909 
0 0.1217050 0.3394720 0.9042450 0.3208020 0.9058270 0.3460760 0.1232880 0.364745
воспоминаніе. Был Это было въ 1848 или 1849 году (т:е: мнѣ было или
0.007463 0.022388 0.037313 0.052239 0.067164 0.082090 0.097015 0.111940 0.126866 0.141791 0.156716 0.171642 0.186567 0.201493 0.216418 0.231343 0.246269 0.261194 0.276119 0.291045 0.305970 0.320896 0.335821 0.350746 0.365672 0.380597 0.395522 0.410448 0.425373 0.440299 0.455224 0.470149 0.485075 0.500000 0.514925 0.529851 0.544776 0.559701 0.574627 0.589552 0.604478 0.619403 0.634328 0.649254 0.664179 0.679104 0.694030 0.708955 0.723881 0.738806 0.753731 0.768657 0.783582 0.798507 0.813433 0.828358 0.843284 0.858209 0.873134 0.888060 0.902985 0.917910 0.932836 0.947761 0.962687 0.977612 0.992537 
0 0.1157590 0.3621030 0.8973210 0.3475650 0.8985200 0.3721190 0.1169580 0.386657
31 или 32. года), мы были съ Луизой въ Воскресенскомъ. Былъ лѣтній
0.007576 0.022727 0.037879 0.053030 0.068182 0.083333 0.098485 0.113636 0.128788 0.143939 0.159091 0.174242 0.189394 0.204545 0.219697 0.234848 0.250000 0.265152 0.280303 0.295455 0.310606 0.325758 0.340909 0.356061 0.371212 0.386364 0.401515 0.416667 0.431818 0.446970 0.462121 0.477273 0.492424 0.507576 0.522727 0.537879 0.553030 0.568182 0.583333 0.598485 0.613636 0.628788 0.643939 0.659091 0.674242 0.689394 0.704545 0.719697 0.734848 0.750000 0.765152 0.780303 0.795455 0.810606 0.825758 0.840909 0.856061 0.871212 0.886364 0.901515 0.916667 0.931818 0.946970 0.962121 0.977273 0.992424 
0 0.1295240 0.3873740 0.9023040 0.3791570 0.9029540 0.4024370 0.1301740 0.410654
день и начался покосъ въ Пучькове въ Мокромъ оврагѣ. Мы поѣхали
0.007937 0.023810 0.039683 0.055556 0.071429 0.087302 0.103175 0.119048 0.134921 0.150794 0.166667 0.182540 0.198413 0.214286 0.230159 0.246032 0.261905 0.277778 0.293651 0.309524 0.325397 0.341270 0.357143 0.373016 0.388889 0.404762 0.420635 0.436508 0.452381 0.468254 0.484127 0.500000 0.515873 0.531746 0.547619 0.563492 0.579365 0.595238 0.611111 0.626984 0.642857 0.658730 0.674603 0.690476 0.706349 0.722222 0.738095 0.753968 0.769841 0.785714 0.801587 0.817460 0.833333 0.849206 0.865079 0.880952 0.896825 0.912698 0.928571 0.944444 0.960317 0.976190 0.992063 
0 0.1348820 0.4139430 0.9293680 0.4061840 0.9300050 0.4310400 0.1355190 0.438799
съ нею туда въ телѣжкѣ. Я ходилъ по покосу, она пошла за грибами.
0.007692 0.023077 0.038462 0.053846 0.069231 0.084615 0.100000 0.115385 0.130769 0.146154 0.161538 0.176923 0.192308 0.207692 0.223077 0.238462 0.253846 0.269231 0.284615 0.300000 0.315385 0.330769 0.346154 0.361538 0.376923 0.392308 0.407692 0.423077 0.438462 0.453846 0.469231 0.484615 0.500000 0.515385 0.530769 0.546154 0.561538 0.576923 0.592308 0.607692 0.623077 0.638462 0.653846 0.669231 0.684615 0.700000 0.715385 0.730769 0.746154 0.761538 0.776923 0.792308 0.807692 0.823077 0.838462 0.853846 0.869231 0.884615 0.900000 0.915385 0.930769 0.946154 0.961538 0.976923 0.992308 
0 0.1422810 0.4413440 0.9257040 0.4353030 0.9261830 0.4590170 0.1427610 0.465058
Наступалъ вечеръ — парило; въ воздухѣ было мягко тёпло и пахло ко-
0.007576 0.022727 0.037879 0.053030 0.068182 0.083333 0.098485 0.113636 0.128788 0.143939 0.159091 0.174242 0.189394 0.204545 0.219697 0.234848 0.250000 0.265152 0.280303 0.295455 0.310606 0.325758 0.340909 0.356061 0.371212 0.386364 0.401515 0.416667 0.431818 0.446970 0.462121 0.477273 0.492424 0.507576 0.522727 0.537879 0.553030 0.568182 0.583333 0.598485 0.613636 0.628788 0.643939 0.659091 0.674242 0.689394 0.704545 0.719697 0.734848 0.750000 0.765152 0.780303 0.795455 0.810606 0.825758 0.840909 0.856061 0.871212 0.886364 0.901515 0.916667 0.931818 0.946970 0.962121 0.977273 0.992424 
0 0.5624540 0.4523220 0.6390810 0.4510790 0.6399850 0.4723120 0.5633580 0.473556
шуркали
0.071429 0.214286 0.357143 0.500000 0.642857 0.785714 0.928571 
0 0.1433720 0.4672310 0.9275500 0.4609240 0.9280720 0.4856420 0.1438940 0.491949
шеной травою; тя мѣрно и тихо звучали косы; — я пошелъ искать
0.008197 0.024590 0.040984 0.057377 0.073770 0.090164 0.106557 0.122951 0.139344 0.155738 0.172131 0.188525 0.204918 0.221311 0.237705 0.254098 0.270492 0.286885 0.303279 0.319672 0.336066 0.352459 0.368852 0.385246 0.401639 0.418033 0.434426 0.450820 0.467213 0.483607 0.500000 0.516393 0.532787 0.549180 0.565574 0.581967 0.598361 0.614754 0.631148 0.647541 0.663934 0.680328 0.696721 0.713115 0.729508 0.745902 0.762295 0.778689 0.795082 0.811475 0.827869 0.844262 0.860656 0.877049 0.893443 0.909836 0.926230 0.942623 0.959016 0.975410 0.991803 
0 0.1443400 0.4934420 0.9178850 0.4910220 0.9180860 0.5154980 0.1445410 0.517917
ее и не вдалекѣ между двухъ простыхъ берёзовыхъ кустовъ нашелъ
0.008065 0.024194 0.040323 0.056452 0.072581 0.088710 0.104839 0.120968 0.137097 0.153226 0.169355 0.185484 0.201613 0.217742 0.233871 0.250000 0.266129 0.282258 0.298387 0.314516 0.330645 0.346774 0.362903 0.379032 0.395161 0.411290 0.427419 0.443548 0.459677 0.475806 0.491935 0.508065 0.524194 0.540323 0.556452 0.572581 0.588710 0.604839 0.620968 0.637097 0.653226 0.669355 0.685484 0.701613 0.717742 0.733871 0.750000 0.766129 0.782258 0.798387 0.814516 0.830645 0.846774 0.862903 0.879032 0.895161 0.911290 0.927419 0.943548 0.959677 0.975806 0.991935 
0 0.1460230 0.5250260 0.9222330 0.5176980 0.9227590 0.5389330 0.1465490 0.546261
ее на коврѣ у Самовара въ хлопотахъ чтобы приготовить мнѣ
0.008772 0.026316 0.043860 0.061404 0.078947 0.096491 0.114035 0.131579 0.149123 0.166667 0.184211 0.201754 0.219298 0.236842 0.254386 0.271930 0.289474 0.307018 0.324561 0.342105 0.359649 0.377193 0.394737 0.412281 0.429825 0.447368 0.464912 0.482456 0.500000 0.517544 0.535088 0.552632 0.570175 0.587719 0.605263 0.622807 0.640351 0.657895 0.675439 0.692982 0.710526 0.728070 0.745614 0.763158 0.780702 0.798246 0.815789 0.833333 0.850877 0.868421 0.885965 0.903509 0.921053 0.938596 0.956140 0.973684 0.991228 
0 0.1495020 0.5483310 0.8959950 0.5432890 0.8964280 0.5677260 0.1499360 0.572768
чай и добыть отличныхъ сливокъ. Солнце было уже низко прямо
0.008475 0.025424 0.042373 0.059322 0.076271 0.093220 0.110169 0.127119 0.144068 0.161017 0.177966 0.194915 0.211864 0.228814 0.245763 0.262712 0.279661 0.296610 0.313559 0.330508 0.347458 0.364407 0.381356 0.398305 0.415254 0.432203 0.449153 0.466102 0.483051 0.500000 0.516949 0.533898 0.550847 0.567797 0.584746 0.601695 0.618644 0.635593 0.652542 0.669492 0.686441 0.703390 0.720339 0.737288 0.754237 0.771186 0.788136 0.805085 0.822034 0.838983 0.855932 0.872881 0.889831 0.906780 0.923729 0.940678 0.957627 0.974576 0.991525 
0 0.1505350 0.5729230 0.9332260 0.5719810 0.9333010 0.5960210 0.1506110 0.596963
супротивъ насъ — Я сѣлъ, поцѣловалъ ее за милыя хлопоты и за
0.008333 0.025000 0.041667 0.058333 0.075000 0.091667 0.108333 0.125000 0.141667 0.158333 0.175000 0.191667 0.208333 0.225000 0.241667 0.258333 0.275000 0.291667 0.308333 0.325000 0.341667 0.358333 0.375000 0.391667 0.408333 0.425000 0.441667 0.458333 0.475000 0.491667 0.508333 0.525000 0.541667 0.558333 0.575000 0.591667 0.608333 0.625000 0.641667 0.658333 0.675000 0.691667 0.708333 0.725000 0.741667 0.758333 0.775000 0.791667 0.808333 0.825000 0.841667 0.858333 0.875000 0.891667 0.908333 0.925000 0.941667 0.958333 0.975000 0.991667 
0 0.1465310 0.6047650 0.8930180 0.5945480 0.8938650 0.6181400 0.1473790 0.628356
мысль устроить мнѣ чай — по ее тихому бѣлокурому лицу
0.009434 0.028302 0.047170 0.066038 0.084906 0.103774 0.122642 0.141509 0.160377 0.179245 0.198113 0.216981 0.235849 0.254717 0.273585 0.292453 0.311321 0.330189 0.349057 0.367925 0.386792 0.405660 0.424528 0.443396 0.462264 0.481132 0.500000 0.518868 0.537736 0.556604 0.575472 0.594340 0.613208 0.632075 0.650943 0.669811 0.688679 0.707547 0.726415 0.745283 0.764151 0.783019 0.801887 0.820755 0.839623 0.858491 0.877358 0.896226 0.915094 0.933962 0.952830 0.971698 0.990566 
0 0.1558600 0.6285020 0.9168070 0.6213590 0.9174180 0.6461500 0.1564710 0.653293
пробѣжало то вольное ясное выраженіе, которое говоритъ что
0.008621 0.025862 0.043103 0.060345 0.077586 0.094828 0.112069 0.129310 0.146552 0.163793 0.181034 0.198276 0.215517 0.232759 0.250000 0.267241 0.284483 0.301724 0.318966 0.336207 0.353448 0.370690 0.387931 0.405172 0.422414 0.439655 0.456897 0.474138 0.491379 0.508621 0.525862 0.543103 0.560345 0.577586 0.594828 0.612069 0.629310 0.646552 0.663793 0.681034 0.698276 0.715517 0.732759 0.750000 0.767241 0.784483 0.801724 0.818966 0.836207 0.853448 0.870690 0.887931 0.905172 0.922414 0.939655 0.956897 0.974138 0.991379 
0 0.1572640 0.6584120 0.8678520 0.6488080 0.8686840 0.6722730 0.1580960 0.681877
на сердце страхъ какъ хорошо — Я вдохнулъ въ себя и воздухъ и
0.008197 0.024590 0.040984 0.057377 0.073770 0.090164 0.106557 0.122951 0.139344 0.155738 0.172131 0.188525 0.204918 0.221311 0.237705 0.254098 0.270492 0.286885 0.303279 0.319672 0.336066 0.352459 0.368852 0.385246 0.401639 0.418033 0.434426 0.450820 0.467213 0.483607 0.500000 0.516393 0.532787 0.549180 0.565574 0.581967 0.598361 0.614754 0.631148 0.647541 0.663934 0.680328 0.696721 0.713115 0.729508 0.745902 0.762295 0.778689 0.795082 0.811475 0.827869 0.844262 0.860656 0.877049 0.893443 0.909836 0.926230 0.942623 0.959016 0.975410 0.991803 
0 0.1559850 0.6836690 0.9123920 0.6781570 0.9128320 0.7011730 0.1564250 0.706685
тишину этой картины — и подумалъ: вотъ гдѣ оно мелькаетъ и вьется
0.007692 0.023077 0.038462 0.053846 0.069231 0.084615 0.100000 0.115385 0.130769 0.146154 0.161538 0.176923 0.192308 0.207692 0.223077 0.238462 0.253846 0.269231 0.284615 0.300000 0.315385 0.330769 0.346154 0.361538 0.376923 0.392308 0.407692 0.423077 0.438462 0.453846 0.469231 0.484615 0.500000 0.515385 0.530769 0.546154 0.561538 0.576923 0.592308 0.607692 0.623077 0.638462 0.653846 0.669231 0.684615 0.700000 0.715385 0.730769 0.746154 0.761538 0.776923 0.792308 0.807692 0.823077 0.838462 0.853846 0.869231 0.884615 0.900000 0.915385 0.930769 0.946154 0.961538 0.976923 0.992308 
0 0.1568420 0.7111370 0.9033090 0.7073500 0.9036250 0.7311120 0.1571580 0.734899
какъ вечерній туманъ это счастіе, которое иной идетъ искать
0.008475 0.025424 0.042373 0.059322 0.076271 0.093220 0.110169 0.127119 0.144068 0.161017 0.177966 0.194915 0.211864 0.228814 0.245763 0.262712 0.279661 0.296610 0.313559 0.330508 0.347458 0.364407 0.381356 0.398305 0.415254 0.432203 0.449153 0.466102 0.483051 0.500000 0.516949 0.533898 0.550847 0.567797 0.584746 0.601695 0.618644 0.635593 0.652542 0.669492 0.686441 0.703390 0.720339 0.737288 0.754237 0.771186 0.788136 0.805085 0.822034 0.838983 0.855932 0.872881 0.889831 0.906780 0.923729 0.940678 0.957627 0.974576 0.991525 
0 0.1641460 0.7370300 0.9449430 0.7343290 0.9451680 0.7590330 0.1643700 0.761734
въ Москву другой — въ Петербургъ, третій въ Георгіевскомъ кремлѣ, четвертый
0.006667 0.020000 0.033333 0.046667 0.060000 0.073333 0.086667 0.100000 0.113333 0.126667 0.140000 0.153333 0.166667 0.180000 0.193333 0.206667 0.220000 0.233333 0.246667 0.260000 0.273333 0.286667 0.300000 0.313333 0.326667 0.340000 0.353333 0.366667 0.380000 0.393333 0.406667 0.420000 0.433333 0.446667 0.460000 0.473333 0.486667 0.500000 0.513333 0.526667 0.540000 0.553333 0.566667 0.580000 0.593333 0.606667 0.620000 0.633333 0.646667 0.660000 0.673333 0.686667 0.700000 0.713333 0.726667 0.740000 0.753333 0.766667 0.780000 0.793333 0.806667 0.820000 0.833333 0.846667 0.860000 0.873333 0.886667 0.900000 0.913333 0.926667 0.940000 0.953333 0.966667 0.980000 0.993333 
0 0.1599690 0.7646360 0.9182810 0.7569200 0.9189780 0.7830080 0.1606650 0.790724
въ Калифорніи. А оно вотъ сдѣсь подлѣ насъ вьется каждый вечеръ
0.007937 0.023810 0.039683 0.055556 0.071429 0.087302 0.103175 0.119048 0.134921 0.150794 0.166667 0.182540 0.198413 0.214286 0.230159 0.246032 0.261905 0.277778 0.293651 0.309524 0.325397 0.341270 0.357143 0.373016 0.388889 0.404762 0.420635 0.436508 0.452381 0.468254 0.484127 0.500000 0.515873 0.531746 0.547619 0.563492 0.579365 0.595238 0.611111 0.626984 0.642857 0.658730 0.674603 0.690476 0.706349 0.722222 0.738095 0.753968 0.769841 0.785714 0.801587 0.817460 0.833333 0.849206 0.865079 0.880952 0.896825 0.912698 0.928571 0.944444 0.960317 0.976190 0.992063 
0 0.3378380 0.7732840 0.4331400 0.7743020 0.4325340 0.7959090 0.3372320 0.794891
и восходитъ
0.045455 0.136364 0.227273 0.318182 0.409091 0.500000 0.590909 0.681818 0.772727 0.863636 0.954545 
0 0.1485650 0.7920380 0.9274430 0.7837880 0.9281140 0.8079030 0.1492350 0.816153
когда заходитъ солнце и вечерній паръ осѣдаетъ на цвѣты и
0.008772 0.026316 0.043860 0.061404 0.078947 0.096491 0.114035 0.131579 0.149123 0.166667 0.184211 0.201754 0.219298 0.236842 0.254386 0.271930 0.289474 0.307018 0.324561 0.342105 0.359649 0.377193 0.394737 0.412281 0.429825 0.447368 0.464912 0.482456 0.500000 0.517544 0.535088 0.552632 0.570175 0.587719 0.605263 0.622807 0.640351 0.657895 0.675439 0.692982 0.710526 0.728070 0.745614 0.763158 0.780702 0.798246 0.815789 0.833333 0.850877 0.868421 0.885965 0.903509 0.921053 0.938596 0.956140 0.973684 0.991228 
0 0.1764540 0.8199230 0.3701250 0.8177610 0.3707470 0.8390000 0.1770770 0.841162
зелень луговую.
0.033333 0.100000 0.166667 0.233333 0.300000 0.366667 0.433333 0.500000 0.566667 0.633333 0.700000 0.766667 0.833333 0.900000 0.966667 
0 0.1784700 0.8450530 0.9184760 0.8396210 0.9189580 0.8646290 0.1789520 0.870062
17. Сентября мнѣ тридцать девять лѣтъ. Всталъ въ 7 часовъ
0.008772 0.026316 0.043860 0.061404 0.078947 0.096491 0.114035 0.131579 0.149123 0.166667 0.184211 0.201754 0.219298 0.236842 0.254386 0.271930 0.289474 0.307018 0.324561 0.342105 0.359649 0.377193 0.394737 0.412281 0.429825 0.447368 0.464912 0.482456 0.500000 0.517544 0.535088 0.552632 0.570175 0.587719 0.605263 0.622807 0.640351 0.657895 0.675439 0.692982 0.710526 0.728070 0.745614 0.763158 0.780702 0.798246 0.815789 0.833333 0.850877 0.868421 0.885965 0.903509 0.921053 0.938596 0.956140 0.973684 0.991228 
0 0.1871760 0.8713150 0.8943920 0.8644290 0.8949940 0.8879790 0.1877780 0.894865
пошелъ на Заводъ — поѣхалъ верьхомъ. Сильный дождь вернулъ
0.008621 0.025862 0.043103 0.060345 0.077586 0.094828 0.112069 0.129310 0.146552 0.163793 0.181034 0.198276 0.215517 0.232759 0.250000 0.267241 0.284483 0.301724 0.318966 0.336207 0.353448 0.370690 0.387931 0.405172 0.422414 0.439655 0.456897 0.474138 0.491379 0.508621 0.525862 0.543103 0.560345 0.577586 0.594828 0.612069 0.629310 0.646552 0.663793 0.681034 0.698276 0.715517 0.732759 0.750000 0.767241 0.784483 0.801724 0.818966 0.836207 0.853448 0.870690 0.887931 0.905172 0.922414 0.939655 0.956897 0.974138 0.991379 
0 0.1919140 0.8954600 0.9197070 0.8911990 0.9200330 0.9124390 0.1922410 0.916699
меня. Завтракалъ. Принялся за переводъ и работалъ часа четыре —
0.007937 0.023810 0.039683 0.055556 0.071429 0.087302 0.103175 0.119048 0.134921 0.150794 0.166667 0.182540 0.198413 0.214286 0.230159 0.246032 0.261905 0.277778 0.293651 0.309524 0.325397 0.341270 0.357143 0.373016 0.388889 0.404762 0.420635 0.436508 0.452381 0.468254 0.484127 0.500000 0.515873 0.531746 0.547619 0.563492 0.579365 0.595238 0.611111 0.626984 0.642857 0.658730 0.674603 0.690476 0.706349 0.722222 0.738095 0.753968 0.769841 0.785714 0.801587 0.817460 0.833333 0.849206 0.865079 0.880952 0.896825 0.912698 0.928571 0.944444 0.960317 0.976190 0.992063 
0 0.1992670 0.9201090 0.9457400 0.9179970 0.9459080 0.9406310 0.1994350 0.942743
потомъ отправился въ лѣсъ у Богатыря (дубъ во 2-мъ логу) подчистилъ
0.007463 0.022388 0.037313 0.052239 0.067164 0.082090 0.097015 0.111940 0.126866 0.141791 0.156716 0.171642 0.186567 0.201493 0.216418 0.231343 0.246269 0.261194 0.276119 0.291045 0.305970 0.320896 0.335821 0.350746 0.365672 0.380597 0.395522 0.410448 0.425373 0.440299 0.455224 0.470149 0.485075 0.500000 0.514925 0.529851 0.544776 0.559701 0.574627 0.589552 0.604478 0.619403 0.634328 0.649254 0.664179 0.679104 0.694030 0.708955 0.723881 0.738806 0.753731 0.768657 0.783582 0.798507 0.813433 0.828358 0.843284 0.858209 0.873134 0.888060 0.902985 0.917910 0.932836 0.947761 0.962687 0.977612 0.992537 
0 0.2024590 0.9444180 0.9268200 0.9377970 0.9273290 0.9590330 0.2029680 0.965654
молодой осинникъ. При заходѣ солнца вернулся домой. Обѣдалъ
0.008475 0.025424 0.042373 0.059322 0.076271 0.093220 0.110169 0.127119 0.144068 0.161017 0.177966 0.194915 0.211864 0.228814 0.245763 0.262712 0.279661 0.296610 0.313559 0.330508 0.347458 0.364407 0.381356 0.398305 0.415254 0.432203 0.449153 0.466102 0.483051 0.500000 0.516949 0.533898 0.550847 0.567797 0.584746 0.601695 0.618644 0.635593 0.652542 0.669492 0.686441 0.703390 0.720339 0.737288 0.754237 0.771186 0.788136 0.805085 0.822034 0.838983 0.855932 0.872881 0.889831 0.906780 0.923729 0.940678 0.957627 0.974576 0.991525 
