0 0.0714700 0.0268050 0.2871710 0.0259910 0.2873750 0.0475320 0.0716740 0.048346
1855. Октяб.
0.041667 0.125000 0.208333 0.291667 0.375000 0.458333 0.541667 0.625000 0.708333 0.791667 0.875000 0.958333 
0 0.1022290 0.0697260 0.8571780 0.0626830 0.8577760 0.0882430 0.1028270 0.095286
и Тургенева. 2-го слухъ о моей піэссе. Пріѣхалъ
0.010638 0.031915 0.053191 0.074468 0.095745 0.117021 0.138298 0.159574 0.180851 0.202128 0.223404 0.244681 0.265957 0.287234 0.308511 0.329787 0.351064 0.372340 0.393617 0.414894 0.436170 0.457447 0.478723 0.500000 0.521277 0.542553 0.563830 0.585106 0.606383 0.627660 0.648936 0.670213 0.691489 0.712766 0.734043 0.755319 0.776596 0.797872 0.819149 0.840426 0.861702 0.882979 0.904255 0.925532 0.946809 0.968085 0.989362 
0 0.1012440 0.1053810 0.8932260 0.0952610 0.8940660 0.1214670 0.1020840 0.131587
поздно въ на Плавицу. День прекрасный — вечеръ
0.010870 0.032609 0.054348 0.076087 0.097826 0.119565 0.141304 0.163043 0.184783 0.206522 0.228261 0.250000 0.271739 0.293478 0.315217 0.336957 0.358696 0.380435 0.402174 0.423913 0.445652 0.467391 0.489130 0.510870 0.532609 0.554348 0.576087 0.597826 0.619565 0.641304 0.663043 0.684783 0.706522 0.728261 0.750000 0.771739 0.793478 0.815217 0.836957 0.858696 0.880435 0.902174 0.923913 0.945652 0.967391 0.989130 
0 0.1039480 0.1416380 0.4809940 0.1371710 0.4816350 0.1587320 0.1045890 0.163199
удивительный. Тепло.
0.025000 0.075000 0.125000 0.175000 0.225000 0.275000 0.325000 0.375000 0.425000 0.475000 0.525000 0.575000 0.625000 0.675000 0.725000 0.775000 0.825000 0.875000 0.925000 0.975000 
0 0.1099980 0.1699930 0.8804710 0.1616620 0.8811190 0.1855570 0.1106470 0.193887
7-е. Ходилъ пѣшкомъ на осинникъ гдѣ садилъ
0.011905 0.035714 0.059524 0.083333 0.107143 0.130952 0.154762 0.178571 0.202381 0.226190 0.250000 0.273810 0.297619 0.321429 0.345238 0.369048 0.392857 0.416667 0.440476 0.464286 0.488095 0.511905 0.535714 0.559524 0.583333 0.607143 0.630952 0.654762 0.678571 0.702381 0.726190 0.750000 0.773810 0.797619 0.821429 0.845238 0.869048 0.892857 0.916667 0.940476 0.964286 0.988095 
0 0.1094950 0.2078150 0.9541860 0.1903490 0.9554570 0.2148330 0.1107650 0.232299
березки въ участкѣ къ большой Полошевской дорогѣ,
0.010204 0.030612 0.051020 0.071429 0.091837 0.112245 0.132653 0.153061 0.173469 0.193878 0.214286 0.234694 0.255102 0.275510 0.295918 0.316327 0.336735 0.357143 0.377551 0.397959 0.418367 0.438776 0.459184 0.479592 0.500000 0.520408 0.540816 0.561224 0.581633 0.602041 0.622449 0.642857 0.663265 0.683673 0.704082 0.724490 0.744898 0.765306 0.785714 0.806122 0.826531 0.846939 0.867347 0.887755 0.908163 0.928571 0.948980 0.969388 0.989796 
0 0.1137320 0.2425070 0.9531840 0.2239090 0.9546040 0.2494600 0.1151520 0.268058
по запуску. Вечеромъ уделывалъ піэссу — новое при-
0.010000 0.030000 0.050000 0.070000 0.090000 0.110000 0.130000 0.150000 0.170000 0.190000 0.210000 0.230000 0.250000 0.270000 0.290000 0.310000 0.330000 0.350000 0.370000 0.390000 0.410000 0.430000 0.450000 0.470000 0.490000 0.510000 0.530000 0.550000 0.570000 0.590000 0.610000 0.630000 0.650000 0.670000 0.690000 0.710000 0.730000 0.750000 0.770000 0.790000 0.810000 0.830000 0.850000 0.870000 0.890000 0.910000 0.930000 0.950000 0.970000 0.990000 
0 0.1165020 0.2811100 0.8153720 0.2657030 0.8165630 0.2872370 0.1176940 0.302644
бавленіе въ 3-мъ актѣ въ роль Расплюева —
0.012195 0.036585 0.060976 0.085366 0.109756 0.134146 0.158537 0.182927 0.207317 0.231707 0.256098 0.280488 0.304878 0.329268 0.353659 0.378049 0.402439 0.426829 0.451220 0.475610 0.500000 0.524390 0.548780 0.573171 0.597561 0.621951 0.646341 0.670732 0.695122 0.719512 0.743902 0.768293 0.792683 0.817073 0.841463 0.865854 0.890244 0.914634 0.939024 0.963415 0.987805 
0 0.1232970 0.3122990 0.9188860 0.2963640 0.9201450 0.3214240 0.1245570 0.337359
8-е. Ходилъ пѣшкомъ въ осинникъ и дѣлалъ садку
0.010870 0.032609 0.054348 0.076087 0.097826 0.119565 0.141304 0.163043 0.184783 0.206522 0.228261 0.250000 0.271739 0.293478 0.315217 0.336957 0.358696 0.380435 0.402174 0.423913 0.445652 0.467391 0.489130 0.510870 0.532609 0.554348 0.576087 0.597826 0.619565 0.641304 0.663043 0.684783 0.706522 0.728261 0.750000 0.771739 0.793478 0.815217 0.836957 0.858696 0.880435 0.902174 0.923913 0.945652 0.967391 0.989130 
0 0.1221890 0.3514410 0.9322080 0.3259670 0.9340360 0.3491300 0.1240170 0.374604
вечеромъ уделывалъ піэссу прибавленіе въ 1-мъ актѣ
0.010000 0.030000 0.050000 0.070000 0.090000 0.110000 0.130000 0.150000 0.170000 0.190000 0.210000 0.230000 0.250000 0.270000 0.290000 0.310000 0.330000 0.350000 0.370000 0.390000 0.410000 0.430000 0.450000 0.470000 0.490000 0.510000 0.530000 0.550000 0.570000 0.590000 0.610000 0.630000 0.650000 0.670000 0.690000 0.710000 0.730000 0.750000 0.770000 0.790000 0.810000 0.830000 0.850000 0.870000 0.890000 0.910000 0.930000 0.950000 0.970000 0.990000 
0 0.1298630 0.3811590 0.8864750 0.3568090 0.8884210 0.3809000 0.1318090 0.405250
въ роль Муромскаго съ Атуевой. У меня обѣдалъ
0.011111 0.033333 0.055556 0.077778 0.100000 0.122222 0.144444 0.166667 0.188889 0.211111 0.233333 0.255556 0.277778 0.300000 0.322222 0.344444 0.366667 0.388889 0.411111 0.433333 0.455556 0.477778 0.500000 0.522222 0.544444 0.566667 0.588889 0.611111 0.633333 0.655556 0.677778 0.700000 0.722222 0.744444 0.766667 0.788889 0.811111 0.833333 0.855556 0.877778 0.900000 0.922222 0.944444 0.966667 0.988889 
0 0.1319960 0.4209100 0.9418320 0.3856200 0.9445720 0.4106700 0.1347360 0.445960
Афремовъ. Разговоръ о производствѣ картофельномъ
0.010417 0.031250 0.052083 0.072917 0.093750 0.114583 0.135417 0.156250 0.177083 0.197917 0.218750 0.239583 0.260417 0.281250 0.302083 0.322917 0.343750 0.364583 0.385417 0.406250 0.427083 0.447917 0.468750 0.489583 0.510417 0.531250 0.552083 0.572917 0.593750 0.614583 0.635417 0.656250 0.677083 0.697917 0.718750 0.739583 0.760417 0.781250 0.802083 0.822917 0.843750 0.864583 0.885417 0.906250 0.927083 0.947917 0.968750 0.989583 
0 0.1280180 0.4547260 0.9130470 0.4260620 0.9152630 0.4502470 0.1302350 0.478912
и сахарномъ — первая мысль о возможности
0.012500 0.037500 0.062500 0.087500 0.112500 0.137500 0.162500 0.187500 0.212500 0.237500 0.262500 0.287500 0.312500 0.337500 0.362500 0.387500 0.412500 0.437500 0.462500 0.487500 0.512500 0.537500 0.562500 0.587500 0.612500 0.637500 0.662500 0.687500 0.712500 0.737500 0.762500 0.787500 0.812500 0.837500 0.862500 0.887500 0.912500 0.937500 0.962500 0.987500 
0 0.1280670 0.4875210 0.7051220 0.4695910 0.7071320 0.4953640 0.1300760 0.513295
построить сдѣсь сахарный заводъ.
0.015625 0.046875 0.078125 0.109375 0.140625 0.171875 0.203125 0.234375 0.265625 0.296875 0.328125 0.359375 0.390625 0.421875 0.453125 0.484375 0.515625 0.546875 0.578125 0.609375 0.640625 0.671875 0.703125 0.734375 0.765625 0.796875 0.828125 0.859375 0.890625 0.921875 0.953125 0.984375 
0 0.1215780 0.5247040 0.9238670 0.5047040 0.9253720 0.5287700 0.1230830 0.548770
9-е. Всталъ поздно. Всё утро вертѣлась мысль объ
0.010417 0.031250 0.052083 0.072917 0.093750 0.114583 0.135417 0.156250 0.177083 0.197917 0.218750 0.239583 0.260417 0.281250 0.302083 0.322917 0.343750 0.364583 0.385417 0.406250 0.427083 0.447917 0.468750 0.489583 0.510417 0.531250 0.552083 0.572917 0.593750 0.614583 0.635417 0.656250 0.677083 0.697917 0.718750 0.739583 0.760417 0.781250 0.802083 0.822917 0.843750 0.864583 0.885417 0.906250 0.927083 0.947917 0.968750 0.989583 
0 0.1303740 0.5561580 0.7550430 0.5434860 0.7561390 0.5650210 0.1314700 0.577693
сахарномъ заводѣ вотъ мой расчетъ:
0.014706 0.044118 0.073529 0.102941 0.132353 0.161765 0.191176 0.220588 0.250000 0.279412 0.308824 0.338235 0.367647 0.397059 0.426471 0.455882 0.485294 0.514706 0.544118 0.573529 0.602941 0.632353 0.661765 0.691176 0.720588 0.750000 0.779412 0.808824 0.838235 0.867647 0.897059 0.926471 0.955882 0.985294 
0 0.1380300 0.5879520 0.9367570 0.5692080 0.9382490 0.5945410 0.1395220 0.613284
по Вѣрнымъ на 10/т берков. надо 1000 саж. швырку.
0.010204 0.030612 0.051020 0.071429 0.091837 0.112245 0.132653 0.153061 0.173469 0.193878 0.214286 0.234694 0.255102 0.275510 0.295918 0.316327 0.336735 0.357143 0.377551 0.397959 0.418367 0.438776 0.459184 0.479592 0.500000 0.520408 0.540816 0.561224 0.581633 0.602041 0.622449 0.642857 0.663265 0.683673 0.704082 0.724490 0.744898 0.765306 0.785714 0.806122 0.826531 0.846939 0.867347 0.887755 0.908163 0.928571 0.948980 0.969388 0.989796 
0 0.1374430 0.6198660 0.7957640 0.6093970 0.7966240 0.6309410 0.1383030 0.641410
Если пустить терки, пресса, насосы, безвоздушный
0.010417 0.031250 0.052083 0.072917 0.093750 0.114583 0.135417 0.156250 0.177083 0.197917 0.218750 0.239583 0.260417 0.281250 0.302083 0.322917 0.343750 0.364583 0.385417 0.406250 0.427083 0.447917 0.468750 0.489583 0.510417 0.531250 0.552083 0.572917 0.593750 0.614583 0.635417 0.656250 0.677083 0.697917 0.718750 0.739583 0.760417 0.781250 0.802083 0.822917 0.843750 0.864583 0.885417 0.906250 0.927083 0.947917 0.968750 0.989583 
0 0.1441560 0.6492760 0.7360330 0.6381240 0.7371280 0.6612670 0.1452500 0.672419
и турбины отъ воздушнаго колеса, то
0.014286 0.042857 0.071429 0.100000 0.128571 0.157143 0.185714 0.214286 0.242857 0.271429 0.300000 0.328571 0.357143 0.385714 0.414286 0.442857 0.471429 0.500000 0.528571 0.557143 0.585714 0.614286 0.642857 0.671429 0.700000 0.728571 0.757143 0.785714 0.814286 0.842857 0.871429 0.900000 0.928571 0.957143 0.985714 
0 0.1435780 0.6772650 0.9262050 0.6690190 0.9268790 0.6945310 0.1442520 0.702777
можно скинуть ¼ пропорціи и норму надо 750.
0.011628 0.034884 0.058140 0.081395 0.104651 0.127907 0.151163 0.174419 0.197674 0.220930 0.244186 0.267442 0.290698 0.313953 0.337209 0.360465 0.383721 0.406977 0.430233 0.453488 0.476744 0.500000 0.523256 0.546512 0.569767 0.593023 0.616279 0.639535 0.662791 0.686047 0.709302 0.732558 0.755814 0.779070 0.802326 0.825581 0.848837 0.872093 0.895349 0.918605 0.941860 0.965116 0.988372 
0 0.1381340 0.7162560 0.7775770 0.7048500 0.7786770 0.7294250 0.1392340 0.740832
Если устроить паровики Альбановскіе
0.014286 0.042857 0.071429 0.100000 0.128571 0.157143 0.185714 0.214286 0.242857 0.271429 0.300000 0.328571 0.357143 0.385714 0.414286 0.442857 0.471429 0.500000 0.528571 0.557143 0.585714 0.614286 0.642857 0.671429 0.700000 0.728571 0.757143 0.785714 0.814286 0.842857 0.871429 0.900000 0.928571 0.957143 0.985714 
0 0.1411710 0.7455140 0.9418420 0.7391080 0.9423120 0.7625350 0.1416410 0.768942
то можно скинуть на нихъ 20% остается 600 —
0.011628 0.034884 0.058140 0.081395 0.104651 0.127907 0.151163 0.174419 0.197674 0.220930 0.244186 0.267442 0.290698 0.313953 0.337209 0.360465 0.383721 0.406977 0.430233 0.453488 0.476744 0.500000 0.523256 0.546512 0.569767 0.593023 0.616279 0.639535 0.662791 0.686047 0.709302 0.732558 0.755814 0.779070 0.802326 0.825581 0.848837 0.872093 0.895349 0.918605 0.941860 0.965116 0.988372 
0 0.1402280 0.7794350 0.7070940 0.7733470 0.7076740 0.7949000 0.1408090 0.800987
Если пустить часть соломой — то
0.016129 0.048387 0.080645 0.112903 0.145161 0.177419 0.209677 0.241935 0.274194 0.306452 0.338710 0.370968 0.403226 0.435484 0.467742 0.500000 0.532258 0.564516 0.596774 0.629032 0.661290 0.693548 0.725806 0.758065 0.790323 0.822581 0.854839 0.887097 0.919355 0.951613 0.983871 
0 0.1427880 0.8088780 0.7165740 0.8029190 0.7171730 0.8259090 0.1433870 0.831869
изъ имѣнія можно имѣть до 1000
0.016667 0.050000 0.083333 0.116667 0.150000 0.183333 0.216667 0.250000 0.283333 0.316667 0.350000 0.383333 0.416667 0.450000 0.483333 0.516667 0.550000 0.583333 0.616667 0.650000 0.683333 0.716667 0.750000 0.783333 0.816667 0.850000 0.883333 0.916667 0.950000 0.983333 
0 0.1424620 0.8419690 0.7775230 0.8312480 0.7785500 0.8555020 0.1434900 0.866223
возовъ соломы т:е: на вѣсъ ....
0.016129 0.048387 0.080645 0.112903 0.145161 0.177419 0.209677 0.241935 0.274194 0.306452 0.338710 0.370968 0.403226 0.435484 0.467742 0.500000 0.532258 0.564516 0.596774 0.629032 0.661290 0.693548 0.725806 0.758065 0.790323 0.822581 0.854839 0.887097 0.919355 0.951613 0.983871 
0 0.8138590 0.8328460 0.9544900 0.8304970 0.9553930 0.8520570 0.8147620 0.854406
166 саж
0.071429 0.214286 0.357143 0.500000 0.642857 0.785714 0.928571 
0 0.4426230 0.8646300 0.7782570 0.8646300 0.7782570 0.8856300 0.4426230 0.885630
а посему надо прикупить
0.021739 0.065217 0.108696 0.152174 0.195652 0.239130 0.282609 0.326087 0.369565 0.413043 0.456522 0.500000 0.543478 0.586957 0.630435 0.673913 0.717391 0.760870 0.804348 0.847826 0.891304 0.934783 0.978261 
0 0.8142290 0.8759240 0.9134360 0.8729770 0.9150400 0.8944970 0.8158330 0.897444
434
0.166667 0.500000 0.833333 
0 0.1538780 0.8971370 0.8742950 0.9022120 0.8738650 0.9265100 0.1534480 0.921434
или около 110 куб. сажень, что не много.
0.012500 0.037500 0.062500 0.087500 0.112500 0.137500 0.162500 0.187500 0.212500 0.237500 0.262500 0.287500 0.312500 0.337500 0.362500 0.387500 0.412500 0.437500 0.462500 0.487500 0.512500 0.537500 0.562500 0.587500 0.612500 0.637500 0.662500 0.687500 0.712500 0.737500 0.762500 0.787500 0.812500 0.837500 0.862500 0.887500 0.912500 0.937500 0.962500 0.987500 
