0 0.0955610 0.0461910 0.2695170 0.0466910 0.2693620 0.0699200 0.0954060 0.069420
1855. Іюль.
0.045455 0.136364 0.227273 0.318182 0.409091 0.500000 0.590909 0.681818 0.772727 0.863636 0.954545 
0 0.1605880 0.0991920 0.9161620 0.0994990 0.9161390 0.1241270 0.1605650 0.123819
Въ Воскресенскомъ плотники строятъ терассу
0.011905 0.035714 0.059524 0.083333 0.107143 0.130952 0.154762 0.178571 0.202381 0.226190 0.250000 0.273810 0.297619 0.321429 0.345238 0.369048 0.392857 0.416667 0.440476 0.464286 0.488095 0.511905 0.535714 0.559524 0.583333 0.607143 0.630952 0.654762 0.678571 0.702381 0.726190 0.750000 0.773810 0.797619 0.821429 0.845238 0.869048 0.892857 0.916667 0.940476 0.964286 0.988095 
0 0.1522900 0.1406860 0.3405120 0.1393410 0.3408700 0.1609830 0.1526480 0.162328
западную. —
0.045455 0.136364 0.227273 0.318182 0.409091 0.500000 0.590909 0.681818 0.772727 0.863636 0.954545 
0 0.1874310 0.1751250 0.8680720 0.1769950 0.8679340 0.1986420 0.1872930 0.196772
30. Всталъ рано работалъ много —
0.015625 0.046875 0.078125 0.109375 0.140625 0.171875 0.203125 0.234375 0.265625 0.296875 0.328125 0.359375 0.390625 0.421875 0.453125 0.484375 0.515625 0.546875 0.578125 0.609375 0.640625 0.671875 0.703125 0.734375 0.765625 0.796875 0.828125 0.859375 0.890625 0.921875 0.953125 0.984375 
0 0.1537670 0.2126400 0.8861400 0.2194680 0.8856180 0.2436670 0.1532440 0.236839
время свѣжо. — Вода свѣжа. Купался — действіе
0.011111 0.033333 0.055556 0.077778 0.100000 0.122222 0.144444 0.166667 0.188889 0.211111 0.233333 0.255556 0.277778 0.300000 0.322222 0.344444 0.366667 0.388889 0.411111 0.433333 0.455556 0.477778 0.500000 0.522222 0.544444 0.566667 0.588889 0.611111 0.633333 0.655556 0.677778 0.700000 0.722222 0.744444 0.766667 0.788889 0.811111 0.833333 0.855556 0.877778 0.900000 0.922222 0.944444 0.966667 0.988889 
0 0.1492400 0.2548690 0.7103450 0.2590680 0.7099700 0.2806800 0.1488660 0.276481
хорошее. Вечеромъ Pf. 80°. Am. bene.
0.013889 0.041667 0.069444 0.097222 0.125000 0.152778 0.180556 0.208333 0.236111 0.263889 0.291667 0.319444 0.347222 0.375000 0.402778 0.430556 0.458333 0.486111 0.513889 0.541667 0.569444 0.597222 0.625000 0.652778 0.680556 0.708333 0.736111 0.763889 0.791667 0.819444 0.847222 0.875000 0.902778 0.930556 0.958333 0.986111 
0 0.1958920 0.3059700 0.8934820 0.2988390 0.8939930 0.3204360 0.1964040 0.327566
1-е Іюля. Работалъ около лиственницъ, но не
0.011628 0.034884 0.058140 0.081395 0.104651 0.127907 0.151163 0.174419 0.197674 0.220930 0.244186 0.267442 0.290698 0.313953 0.337209 0.360465 0.383721 0.406977 0.430233 0.453488 0.476744 0.500000 0.523256 0.546512 0.569767 0.593023 0.616279 0.639535 0.662791 0.686047 0.709302 0.732558 0.755814 0.779070 0.802326 0.825581 0.848837 0.872093 0.895349 0.918605 0.941860 0.965116 0.988372 
0 0.1593950 0.3450830 0.8632350 0.3394750 0.8636810 0.3636520 0.1598410 0.369260
много. Купался два раза — вода свѣжа —
0.013158 0.039474 0.065789 0.092105 0.118421 0.144737 0.171053 0.197368 0.223684 0.250000 0.276316 0.302632 0.328947 0.355263 0.381579 0.407895 0.434211 0.460526 0.486842 0.513158 0.539474 0.565789 0.592105 0.618421 0.644737 0.671053 0.697368 0.723684 0.750000 0.776316 0.802632 0.828947 0.855263 0.881579 0.907895 0.934211 0.960526 0.986842 
0 0.1657240 0.3863900 0.8633150 0.3828330 0.8635870 0.4058880 0.1659960 0.409446
не занимался.—. День довольно свѣжій. —
0.012821 0.038462 0.064103 0.089744 0.115385 0.141026 0.166667 0.192308 0.217949 0.243590 0.269231 0.294872 0.320513 0.346154 0.371795 0.397436 0.423077 0.448718 0.474359 0.500000 0.525641 0.551282 0.576923 0.602564 0.628205 0.653846 0.679487 0.705128 0.730769 0.756410 0.782051 0.807692 0.833333 0.858974 0.884615 0.910256 0.935897 0.961538 0.987179 
0 0.1707670 0.4270240 0.9459190 0.4171740 0.9466530 0.4421070 0.1715010 0.451957
2-е Іюля. Холодъ. Сѣверный сильный ветеръ
0.012195 0.036585 0.060976 0.085366 0.109756 0.134146 0.158537 0.182927 0.207317 0.231707 0.256098 0.280488 0.304878 0.329268 0.353659 0.378049 0.402439 0.426829 0.451220 0.475610 0.500000 0.524390 0.548780 0.573171 0.597561 0.621951 0.646341 0.670732 0.695122 0.719512 0.743902 0.768293 0.792683 0.817073 0.841463 0.865854 0.890244 0.914634 0.939024 0.963415 0.987805 
0 0.1917420 0.4630120 0.9526720 0.4620630 0.9527410 0.4857430 0.1918100 0.486692
работалъ около лиственницъ. Чувствую себя крѣпко.
0.010204 0.030612 0.051020 0.071429 0.091837 0.112245 0.132653 0.153061 0.173469 0.193878 0.214286 0.234694 0.255102 0.275510 0.295918 0.316327 0.336735 0.357143 0.377551 0.397959 0.418367 0.438776 0.459184 0.479592 0.500000 0.520408 0.540816 0.561224 0.581633 0.602041 0.622449 0.642857 0.663265 0.683673 0.704082 0.724490 0.744898 0.765306 0.785714 0.806122 0.826531 0.846939 0.867347 0.887755 0.908163 0.928571 0.948980 0.969388 0.989796 
0 0.1808760 0.5066890 0.8909280 0.5023500 0.8912680 0.5263860 0.1812160 0.530724
Спалъ хорошо. Pf. 100° всю ночь. Купался вода
0.011111 0.033333 0.055556 0.077778 0.100000 0.122222 0.144444 0.166667 0.188889 0.211111 0.233333 0.255556 0.277778 0.300000 0.322222 0.344444 0.366667 0.388889 0.411111 0.433333 0.455556 0.477778 0.500000 0.522222 0.544444 0.566667 0.588889 0.611111 0.633333 0.655556 0.677778 0.700000 0.722222 0.744444 0.766667 0.788889 0.811111 0.833333 0.855556 0.877778 0.900000 0.922222 0.944444 0.966667 0.988889 
0 0.1909290 0.5459420 0.7868260 0.5464150 0.7867830 0.5702100 0.1908850 0.569737
холодная. Принялся опять за переводъ.
0.013514 0.040541 0.067568 0.094595 0.121622 0.148649 0.175676 0.202703 0.229730 0.256757 0.283784 0.310811 0.337838 0.364865 0.391892 0.418919 0.445946 0.472973 0.500000 0.527027 0.554054 0.581081 0.608108 0.635135 0.662162 0.689189 0.716216 0.743243 0.770270 0.797297 0.824324 0.851351 0.878378 0.905405 0.932432 0.959459 0.986486 
0 0.1906830 0.5858210 0.8909130 0.5814370 0.8912950 0.6077840 0.1910660 0.612169
#
0.500000 
0 0.1871380 0.6267620 0.9186190 0.6231100 0.9188920 0.6466800 0.1874100 0.650332
#
0.500000 
0 0.1932460 0.6729100 0.9523870 0.6657840 0.9528570 0.6873760 0.1937150 0.694502
#
0.500000 
0 0.2045500 0.7174790 0.9502770 0.7042920 0.9512480 0.7280030 0.2055210 0.741189
#
0.500000 
0 0.2119510 0.7569830 0.9166730 0.7496990 0.9172350 0.7731470 0.2125130 0.780431
4-е. Всталъ слабъ. Пріѣхалъ Архитекторъ
0.012821 0.038462 0.064103 0.089744 0.115385 0.141026 0.166667 0.192308 0.217949 0.243590 0.269231 0.294872 0.320513 0.346154 0.371795 0.397436 0.423077 0.448718 0.474359 0.500000 0.525641 0.551282 0.576923 0.602564 0.628205 0.653846 0.679487 0.705128 0.730769 0.756410 0.782051 0.807692 0.833333 0.858974 0.884615 0.910256 0.935897 0.961538 0.987179 
0 0.1776440 0.7924790 0.9225280 0.7945430 0.9223520 0.8219780 0.1774680 0.819915
Герасимовъ, которому заказалъ рисунокъ
0.013158 0.039474 0.065789 0.092105 0.118421 0.144737 0.171053 0.197368 0.223684 0.250000 0.276316 0.302632 0.328947 0.355263 0.381579 0.407895 0.434211 0.460526 0.486842 0.513158 0.539474 0.565789 0.592105 0.618421 0.644737 0.671053 0.697368 0.723684 0.750000 0.776316 0.802632 0.828947 0.855263 0.881579 0.907895 0.934211 0.960526 0.986842 
0 0.1891350 0.8364450 0.9331140 0.8367920 0.9330890 0.8600590 0.1891090 0.859712
ограды предъ домомъ, колонны, вазъ на
0.013514 0.040541 0.067568 0.094595 0.121622 0.148649 0.175676 0.202703 0.229730 0.256757 0.283784 0.310811 0.337838 0.364865 0.391892 0.418919 0.445946 0.472973 0.500000 0.527027 0.554054 0.581081 0.608108 0.635135 0.662162 0.689189 0.716216 0.743243 0.770270 0.797297 0.824324 0.851351 0.878378 0.905405 0.932432 0.959459 0.986486 
0 0.1863230 0.8762950 0.7483200 0.8744200 0.7484870 0.8960660 0.1864900 0.897940
ограду и въѣздныхъ воротъ.
0.019231 0.057692 0.096154 0.134615 0.173077 0.211538 0.250000 0.288462 0.326923 0.365385 0.403846 0.442308 0.480769 0.519231 0.557692 0.596154 0.634615 0.673077 0.711538 0.750000 0.788462 0.826923 0.865385 0.903846 0.942308 0.980769 
0 0.1848390 0.9058340 0.8886540 0.9090270 0.8884060 0.9326290 0.1845910 0.929436
#
0.500000 
