0 0.0774600 0.1204990 0.9515550 0.1180490 0.9516770 0.1463780 0.0775820 0.148827
изъ Ельца. Разговоръ съ Тульчинымъ о водяномъ колесѣ. Мысль эта
0.007937 0.023810 0.039683 0.055556 0.071429 0.087302 0.103175 0.119048 0.134921 0.150794 0.166667 0.182540 0.198413 0.214286 0.230159 0.246032 0.261905 0.277778 0.293651 0.309524 0.325397 0.341270 0.357143 0.373016 0.388889 0.404762 0.420635 0.436508 0.452381 0.468254 0.484127 0.500000 0.515873 0.531746 0.547619 0.563492 0.579365 0.595238 0.611111 0.626984 0.642857 0.658730 0.674603 0.690476 0.706349 0.722222 0.738095 0.753968 0.769841 0.785714 0.801587 0.817460 0.833333 0.849206 0.865079 0.880952 0.896825 0.912698 0.928571 0.944444 0.960317 0.976190 0.992063 
0 0.0781780 0.1650660 0.9182620 0.1555790 0.9187260 0.1822430 0.0786420 0.191730
опять зашевелилась. Въ 10-мъ часу воротился въ логъ. Ночь теплая
0.007813 0.023438 0.039063 0.054688 0.070313 0.085938 0.101563 0.117188 0.132813 0.148438 0.164063 0.179688 0.195313 0.210938 0.226563 0.242188 0.257813 0.273438 0.289063 0.304688 0.320313 0.335938 0.351563 0.367188 0.382813 0.398438 0.414063 0.429688 0.445313 0.460938 0.476563 0.492188 0.507813 0.523438 0.539063 0.554688 0.570313 0.585938 0.601563 0.617188 0.632813 0.648438 0.664063 0.679688 0.695313 0.710938 0.726563 0.742188 0.757813 0.773438 0.789063 0.804688 0.820313 0.835938 0.851563 0.867188 0.882813 0.898438 0.914063 0.929688 0.945313 0.960938 0.976563 0.992188 
0 0.0794900 0.2108110 0.9166550 0.1953810 0.9173580 0.2201360 0.0801930 0.235566
и дивная, чисто южная.—. Лицо мое необыкновенно справилось
0.008621 0.025862 0.043103 0.060345 0.077586 0.094828 0.112069 0.129310 0.146552 0.163793 0.181034 0.198276 0.215517 0.232759 0.250000 0.267241 0.284483 0.301724 0.318966 0.336207 0.353448 0.370690 0.387931 0.405172 0.422414 0.439655 0.456897 0.474138 0.491379 0.508621 0.525862 0.543103 0.560345 0.577586 0.594828 0.612069 0.629310 0.646552 0.663793 0.681034 0.698276 0.715517 0.732759 0.750000 0.767241 0.784483 0.801724 0.818966 0.836207 0.853448 0.870690 0.887931 0.905172 0.922414 0.939655 0.956897 0.974138 0.991379 
0 0.0786940 0.2490080 0.8565770 0.2393100 0.8569880 0.2606970 0.0791050 0.270395
морщины всѣ исчезли. Pf. тихо. — Ночью Реоморъ до +17°. —
0.008772 0.026316 0.043860 0.061404 0.078947 0.096491 0.114035 0.131579 0.149123 0.166667 0.184211 0.201754 0.219298 0.236842 0.254386 0.271930 0.289474 0.307018 0.324561 0.342105 0.359649 0.377193 0.394737 0.412281 0.429825 0.447368 0.464912 0.482456 0.500000 0.517544 0.535088 0.552632 0.570175 0.587719 0.605263 0.622807 0.640351 0.657895 0.675439 0.692982 0.710526 0.728070 0.745614 0.763158 0.780702 0.798246 0.815789 0.833333 0.850877 0.868421 0.885965 0.903509 0.921053 0.938596 0.956140 0.973684 0.991228 
0 0.0846590 0.2873790 0.8945880 0.2710440 0.8953640 0.2960300 0.0854350 0.312364
8-е. Четвергъ. Всталъ рано, работалъ мало, — утромъ читалъ Логику
0.007692 0.023077 0.038462 0.053846 0.069231 0.084615 0.100000 0.115385 0.130769 0.146154 0.161538 0.176923 0.192308 0.207692 0.223077 0.238462 0.253846 0.269231 0.284615 0.300000 0.315385 0.330769 0.346154 0.361538 0.376923 0.392308 0.407692 0.423077 0.438462 0.453846 0.469231 0.484615 0.500000 0.515385 0.530769 0.546154 0.561538 0.576923 0.592308 0.607692 0.623077 0.638462 0.653846 0.669231 0.684615 0.700000 0.715385 0.730769 0.746154 0.761538 0.776923 0.792308 0.807692 0.823077 0.838462 0.853846 0.869231 0.884615 0.900000 0.915385 0.930769 0.946154 0.961538 0.976923 0.992308 
0 0.0941560 0.3268820 0.9150780 0.3082410 0.9159590 0.3334180 0.0950370 0.352058
весьма хорошо. Пониманіе спокойное и ясное. Въ 2 часа ход въ Селѣ
0.007692 0.023077 0.038462 0.053846 0.069231 0.084615 0.100000 0.115385 0.130769 0.146154 0.161538 0.176923 0.192308 0.207692 0.223077 0.238462 0.253846 0.269231 0.284615 0.300000 0.315385 0.330769 0.346154 0.361538 0.376923 0.392308 0.407692 0.423077 0.438462 0.453846 0.469231 0.484615 0.500000 0.515385 0.530769 0.546154 0.561538 0.576923 0.592308 0.607692 0.623077 0.638462 0.653846 0.669231 0.684615 0.700000 0.715385 0.730769 0.746154 0.761538 0.776923 0.792308 0.807692 0.823077 0.838462 0.853846 0.869231 0.884615 0.900000 0.915385 0.930769 0.946154 0.961538 0.976923 0.992308 
0 0.0934470 0.3643080 0.9148240 0.3393080 0.9160310 0.3650610 0.0946550 0.390061
и на Заводѣ. Совѣтовался съ Тульчинымъ о плотинѣ и водяномъ ко-
0.007937 0.023810 0.039683 0.055556 0.071429 0.087302 0.103175 0.119048 0.134921 0.150794 0.166667 0.182540 0.198413 0.214286 0.230159 0.246032 0.261905 0.277778 0.293651 0.309524 0.325397 0.341270 0.357143 0.373016 0.388889 0.404762 0.420635 0.436508 0.452381 0.468254 0.484127 0.500000 0.515873 0.531746 0.547619 0.563492 0.579365 0.595238 0.611111 0.626984 0.642857 0.658730 0.674603 0.690476 0.706349 0.722222 0.738095 0.753968 0.769841 0.785714 0.801587 0.817460 0.833333 0.849206 0.865079 0.880952 0.896825 0.912698 0.928571 0.944444 0.960317 0.976190 0.992063 
0 0.0939740 0.3974940 0.9226320 0.3731390 0.9237210 0.3971870 0.0950630 0.421542
лесѣ. Стали класть трубу. Рожь и пшеницу убрали. Воротился
0.008621 0.025862 0.043103 0.060345 0.077586 0.094828 0.112069 0.129310 0.146552 0.163793 0.181034 0.198276 0.215517 0.232759 0.250000 0.267241 0.284483 0.301724 0.318966 0.336207 0.353448 0.370690 0.387931 0.405172 0.422414 0.439655 0.456897 0.474138 0.491379 0.508621 0.525862 0.543103 0.560345 0.577586 0.594828 0.612069 0.629310 0.646552 0.663793 0.681034 0.698276 0.715517 0.732759 0.750000 0.767241 0.784483 0.801724 0.818966 0.836207 0.853448 0.870690 0.887931 0.905172 0.922414 0.939655 0.956897 0.974138 0.991379 
0 0.0920140 0.4314650 0.9185550 0.4052190 0.9198720 0.4321430 0.0933320 0.458388
на заходѣ Солнца и на воздухѣ пилъ чай и читалъ. Вечеромъ писалъ
0.007813 0.023438 0.039063 0.054688 0.070313 0.085938 0.101563 0.117188 0.132813 0.148438 0.164063 0.179688 0.195313 0.210938 0.226563 0.242188 0.257813 0.273438 0.289063 0.304688 0.320313 0.335938 0.351563 0.367188 0.382813 0.398438 0.414063 0.429688 0.445313 0.460938 0.476563 0.492188 0.507813 0.523438 0.539063 0.554688 0.570313 0.585938 0.601563 0.617188 0.632813 0.648438 0.664063 0.679688 0.695313 0.710938 0.726563 0.742188 0.757813 0.773438 0.789063 0.804688 0.820313 0.835938 0.851563 0.867188 0.882813 0.898438 0.914063 0.929688 0.945313 0.960938 0.976563 0.992188 
0 0.1018110 0.4715640 0.2056840 0.4687540 0.2065750 0.4901310 0.1027020 0.492941
піэссу.
0.071429 0.214286 0.357143 0.500000 0.642857 0.785714 0.928571 
0 0.1028270 0.4979430 0.9231040 0.4606070 0.9248640 0.4856980 0.1045870 0.523034
9-е Всталъ въ 6. часовъ. Работалъ въ лѣсу. Принялся за піэссу — ра-
0.007463 0.022388 0.037313 0.052239 0.067164 0.082090 0.097015 0.111940 0.126866 0.141791 0.156716 0.171642 0.186567 0.201493 0.216418 0.231343 0.246269 0.261194 0.276119 0.291045 0.305970 0.320896 0.335821 0.350746 0.365672 0.380597 0.395522 0.410448 0.425373 0.440299 0.455224 0.470149 0.485075 0.500000 0.514925 0.529851 0.544776 0.559701 0.574627 0.589552 0.604478 0.619403 0.634328 0.649254 0.664179 0.679104 0.694030 0.708955 0.723881 0.738806 0.753731 0.768657 0.783582 0.798507 0.813433 0.828358 0.843284 0.858209 0.873134 0.888060 0.902985 0.917910 0.932836 0.947761 0.962687 0.977612 0.992537 
0 0.1055880 0.5365770 0.9035000 0.5000000 0.9051680 0.5236160 0.1072560 0.560192
зложилъ всѣ листки по Актамъ — оказалось что піэссы
0.009804 0.029412 0.049020 0.068627 0.088235 0.107843 0.127451 0.147059 0.166667 0.186275 0.205882 0.225490 0.245098 0.264706 0.284314 0.303922 0.323529 0.343137 0.362745 0.382353 0.401961 0.421569 0.441176 0.460784 0.480392 0.500000 0.519608 0.539216 0.558824 0.578431 0.598039 0.617647 0.637255 0.656863 0.676471 0.696078 0.715686 0.735294 0.754902 0.774510 0.794118 0.813725 0.833333 0.852941 0.872549 0.892157 0.911765 0.931373 0.950980 0.970588 0.990196 
0 0.1026050 0.5734560 0.8666930 0.5345220 0.8688280 0.5617150 0.1047400 0.600649
написано уже много — главныя сцены всѣ очерчены. Началъ
0.009091 0.027273 0.045455 0.063636 0.081818 0.100000 0.118182 0.136364 0.154545 0.172727 0.190909 0.209091 0.227273 0.245455 0.263636 0.281818 0.300000 0.318182 0.336364 0.354545 0.372727 0.390909 0.409091 0.427273 0.445455 0.463636 0.481818 0.500000 0.518182 0.536364 0.554545 0.572727 0.590909 0.609091 0.627273 0.645455 0.663636 0.681818 0.700000 0.718182 0.736364 0.754545 0.772727 0.790909 0.809091 0.827273 0.845455 0.863636 0.881818 0.900000 0.918182 0.936364 0.954545 0.972727 0.990909 
0 0.1075190 0.6097190 0.9118610 0.5727860 0.9137790 0.5998970 0.1094370 0.636830
обработку ея съ перваго Акта и Первой сцены. Нынче вѣщь
0.009091 0.027273 0.045455 0.063636 0.081818 0.100000 0.118182 0.136364 0.154545 0.172727 0.190909 0.209091 0.227273 0.245455 0.263636 0.281818 0.300000 0.318182 0.336364 0.354545 0.372727 0.390909 0.409091 0.427273 0.445455 0.463636 0.481818 0.500000 0.518182 0.536364 0.554545 0.572727 0.590909 0.609091 0.627273 0.645455 0.663636 0.681818 0.700000 0.718182 0.736364 0.754545 0.772727 0.790909 0.809091 0.827273 0.845455 0.863636 0.881818 0.900000 0.918182 0.936364 0.954545 0.972727 0.990909 
0 0.0966620 0.6456730 0.9395900 0.6167960 0.9410200 0.6438900 0.0980920 0.672767
эта мнѣ нравилась. Занимался до 2-го часа. Въ Гигѣ поѣхалъ
0.008621 0.025862 0.043103 0.060345 0.077586 0.094828 0.112069 0.129310 0.146552 0.163793 0.181034 0.198276 0.215517 0.232759 0.250000 0.267241 0.284483 0.301724 0.318966 0.336207 0.353448 0.370690 0.387931 0.405172 0.422414 0.439655 0.456897 0.474138 0.491379 0.508621 0.525862 0.543103 0.560345 0.577586 0.594828 0.612069 0.629310 0.646552 0.663793 0.681034 0.698276 0.715517 0.732759 0.750000 0.767241 0.784483 0.801724 0.818966 0.836207 0.853448 0.870690 0.887931 0.905172 0.922414 0.939655 0.956897 0.974138 0.991379 
0 0.0994530 0.6875730 0.9592580 0.6498110 0.9611520 0.6778000 0.1013470 0.715561
въ Село — обѣдалъ, ходилъ на Заводъ. Трубу вывели на 30-й аршинъ. —
0.007463 0.022388 0.037313 0.052239 0.067164 0.082090 0.097015 0.111940 0.126866 0.141791 0.156716 0.171642 0.186567 0.201493 0.216418 0.231343 0.246269 0.261194 0.276119 0.291045 0.305970 0.320896 0.335821 0.350746 0.365672 0.380597 0.395522 0.410448 0.425373 0.440299 0.455224 0.470149 0.485075 0.500000 0.514925 0.529851 0.544776 0.559701 0.574627 0.589552 0.604478 0.619403 0.634328 0.649254 0.664179 0.679104 0.694030 0.708955 0.723881 0.738806 0.753731 0.768657 0.783582 0.798507 0.813433 0.828358 0.843284 0.858209 0.873134 0.888060 0.902985 0.917910 0.932836 0.947761 0.962687 0.977612 0.992537 
0 0.1019180 0.7213990 0.9315160 0.7033110 0.9323490 0.7281270 0.1027510 0.746214
Пробовали свеклу 6¾° по Боме. На заходѣ солнца пришелъ
0.009259 0.027778 0.046296 0.064815 0.083333 0.101852 0.120370 0.138889 0.157407 0.175926 0.194444 0.212963 0.231481 0.250000 0.268519 0.287037 0.305556 0.324074 0.342593 0.361111 0.379630 0.398148 0.416667 0.435185 0.453704 0.472222 0.490741 0.509259 0.527778 0.546296 0.564815 0.583333 0.601852 0.620370 0.638889 0.657407 0.675926 0.694444 0.712963 0.731481 0.750000 0.768519 0.787037 0.805556 0.824074 0.842593 0.861111 0.879630 0.898148 0.916667 0.935185 0.953704 0.972222 0.990741 
0 0.1109350 0.7629810 0.7719900 0.7479600 0.7728280 0.7719060 0.1117730 0.786927
вечеромъ домой. День былъ жаркій и облачной. —
0.010870 0.032609 0.054348 0.076087 0.097826 0.119565 0.141304 0.163043 0.184783 0.206522 0.228261 0.250000 0.271739 0.293478 0.315217 0.336957 0.358696 0.380435 0.402174 0.423913 0.445652 0.467391 0.489130 0.510870 0.532609 0.554348 0.576087 0.597826 0.619565 0.641304 0.663043 0.684783 0.706522 0.728261 0.750000 0.771739 0.793478 0.815217 0.836957 0.858696 0.880435 0.902174 0.923913 0.945652 0.967391 0.989130 
0 0.1164440 0.8056620 0.9067630 0.7940020 0.9073150 0.8182930 0.1169960 0.829953
10-е Всталъ въ 5 часовъ. Свѣжо. Работалъ 2. часа. усталъ
0.008929 0.026786 0.044643 0.062500 0.080357 0.098214 0.116071 0.133929 0.151786 0.169643 0.187500 0.205357 0.223214 0.241071 0.258929 0.276786 0.294643 0.312500 0.330357 0.348214 0.366071 0.383929 0.401786 0.419643 0.437500 0.455357 0.473214 0.491071 0.508929 0.526786 0.544643 0.562500 0.580357 0.598214 0.616071 0.633929 0.651786 0.669643 0.687500 0.705357 0.723214 0.741071 0.758929 0.776786 0.794643 0.812500 0.830357 0.848214 0.866071 0.883929 0.901786 0.919643 0.937500 0.955357 0.973214 0.991071 
0 0.1141400 0.8419240 0.9618470 0.8320450 0.9623120 0.8579650 0.1146050 0.867844
Читалъ журналы вѣсь день. Ничего не дѣлалъ. Вообще замѣчаю
0.008621 0.025862 0.043103 0.060345 0.077586 0.094828 0.112069 0.129310 0.146552 0.163793 0.181034 0.198276 0.215517 0.232759 0.250000 0.267241 0.284483 0.301724 0.318966 0.336207 0.353448 0.370690 0.387931 0.405172 0.422414 0.439655 0.456897 0.474138 0.491379 0.508621 0.525862 0.543103 0.560345 0.577586 0.594828 0.612069 0.629310 0.646552 0.663793 0.681034 0.698276 0.715517 0.732759 0.750000 0.767241 0.784483 0.801724 0.818966 0.836207 0.853448 0.870690 0.887931 0.905172 0.922414 0.939655 0.956897 0.974138 0.991379 
0 0.1147100 0.8759100 0.9624140 0.8695290 0.9627310 0.8968600 0.1150270 0.903241
что работа не даетъ мнѣ уже той свѣжести ощущенія силы
0.009259 0.027778 0.046296 0.064815 0.083333 0.101852 0.120370 0.138889 0.157407 0.175926 0.194444 0.212963 0.231481 0.250000 0.268519 0.287037 0.305556 0.324074 0.342593 0.361111 0.379630 0.398148 0.416667 0.435185 0.453704 0.472222 0.490741 0.509259 0.527778 0.546296 0.564815 0.583333 0.601852 0.620370 0.638889 0.657407 0.675926 0.694444 0.712963 0.731481 0.750000 0.768519 0.787037 0.805556 0.824074 0.842593 0.861111 0.879630 0.898148 0.916667 0.935185 0.953704 0.972222 0.990741 
0 0.2182860 0.8878150 0.3298230 0.8878150 0.3298230 0.9088150 0.2182860 0.908815
#
0.500000 
0 0.1167720 0.9118790 0.9468330 0.9109740 0.9468750 0.9358110 0.1168140 0.936716
и того возбужденія всего организма, которое давала, но зато
0.008475 0.025424 0.042373 0.059322 0.076271 0.093220 0.110169 0.127119 0.144068 0.161017 0.177966 0.194915 0.211864 0.228814 0.245763 0.262712 0.279661 0.296610 0.313559 0.330508 0.347458 0.364407 0.381356 0.398305 0.415254 0.432203 0.449153 0.466102 0.483051 0.500000 0.516949 0.533898 0.550847 0.567797 0.584746 0.601695 0.618644 0.635593 0.652542 0.669492 0.686441 0.703390 0.720339 0.737288 0.754237 0.771186 0.788136 0.805085 0.822034 0.838983 0.855932 0.872881 0.889831 0.906780 0.923729 0.940678 0.957627 0.974576 0.991525 
