0 0.6707990 0.0712270 0.8611140 0.0684510 0.8615960 0.0898480 0.6712820 0.092624
1857. Іюль. —
0.038462 0.115385 0.192308 0.269231 0.346154 0.423077 0.500000 0.576923 0.653846 0.730769 0.807692 0.884615 0.961538 
0 0.0659230 0.1558680 0.9000270 0.1354550 0.9009940 0.1610300 0.0668900 0.181443
Іюль 15-го Понедѣльникъ. Всталъ рано. Хлопоталъ. Писалъ Спири-
0.008065 0.024194 0.040323 0.056452 0.072581 0.088710 0.104839 0.120968 0.137097 0.153226 0.169355 0.185484 0.201613 0.217742 0.233871 0.250000 0.266129 0.282258 0.298387 0.314516 0.330645 0.346774 0.362903 0.379032 0.395161 0.411290 0.427419 0.443548 0.459677 0.475806 0.491935 0.508065 0.524194 0.540323 0.556452 0.572581 0.588710 0.604839 0.620968 0.637097 0.653226 0.669355 0.685484 0.701613 0.717742 0.733871 0.750000 0.766129 0.782258 0.798387 0.814516 0.830645 0.846774 0.862903 0.879032 0.895161 0.911290 0.927419 0.943548 0.959677 0.975806 0.991935 
0 0.0720970 0.1969980 0.7014240 0.1801350 0.7025490 0.2073080 0.0732220 0.224171
донову заемное письмо въ 8550 р. Сѣреб. по ращету
0.010204 0.030612 0.051020 0.071429 0.091837 0.112245 0.132653 0.153061 0.173469 0.193878 0.214286 0.234694 0.255102 0.275510 0.295918 0.316327 0.336735 0.357143 0.377551 0.397959 0.418367 0.438776 0.459184 0.479592 0.500000 0.520408 0.540816 0.561224 0.581633 0.602041 0.622449 0.642857 0.663265 0.683673 0.704082 0.724490 0.744898 0.765306 0.785714 0.806122 0.826531 0.846939 0.867347 0.887755 0.908163 0.928571 0.948980 0.969388 0.989796 
0 0.2964180 0.2239460 0.5538470 0.2204030 0.5543020 0.2417950 0.2968730 0.245338
Старое заем. письмо
0.026316 0.078947 0.131579 0.184211 0.236842 0.289474 0.342105 0.394737 0.447368 0.500000 0.552632 0.605263 0.657895 0.710526 0.763158 0.815789 0.868421 0.921053 0.973684 
0 0.6172700 0.2193580 0.6767080 0.2176810 0.6776400 0.2390600 0.6182020 0.240737
4000
0.125000 0.375000 0.625000 0.875000 
0 0.3823120 0.2466030 0.5050330 0.2478570 0.5046950 0.2692720 0.3819740 0.268019
Еще другое
0.050000 0.150000 0.250000 0.350000 0.450000 0.550000 0.650000 0.750000 0.850000 0.950000 
0 0.6171500 0.2479120 0.7024730 0.2450640 0.7035750 0.2664300 0.6182520 0.269277
1100. —
0.071429 0.214286 0.357143 0.500000 0.642857 0.785714 0.928571 
0 0.3880780 0.2720550 0.5045670 0.2733120 0.5042100 0.2947270 0.3877210 0.293469
по нему %
0.055556 0.166667 0.277778 0.388889 0.500000 0.611111 0.722222 0.833333 0.944444 
0 0.6241610 0.2734690 0.6773730 0.2734690 0.6773730 0.2944690 0.6241610 0.294469
105.
0.125000 0.375000 0.625000 0.875000 
0 0.4004590 0.3010860 0.4963350 0.2998260 0.4967690 0.3212370 0.4008940 0.322497
Еще %
0.100000 0.300000 0.500000 0.700000 0.900000 
0 0.6232020 0.2996930 0.6735380 0.2996930 0.6735380 0.3206930 0.6232020 0.320693
349.
0.125000 0.375000 0.625000 0.875000 
0 0.3937940 0.3295310 0.5687690 0.3311500 0.5684630 0.3525610 0.3934880 0.350942
за записку обоихъ
0.029412 0.088235 0.147059 0.205882 0.264706 0.323529 0.382353 0.441176 0.500000 0.558824 0.617647 0.676471 0.735294 0.794118 0.852941 0.911765 0.970588 
0 0.6334470 0.3250470 0.6727480 0.3237310 0.6738540 0.3450970 0.6345520 0.346413
13.
0.166667 0.500000 0.833333 
0 0.6121760 0.3577340 0.6716200 0.3577340 0.6716200 0.3789270 0.6121760 0.378927
5567
0.125000 0.375000 0.625000 0.875000 
0 0.3140830 0.3842830 0.5638420 0.3851790 0.5637240 0.4066010 0.3139640 0.405704
Списано съ письма дяди
0.022727 0.068182 0.113636 0.159091 0.204545 0.250000 0.295455 0.340909 0.386364 0.431818 0.477273 0.522727 0.568182 0.613636 0.659091 0.704545 0.750000 0.795455 0.840909 0.886364 0.931818 0.977273 
0 0.6107380 0.3856940 0.6725790 0.3856940 0.6725790 0.4066940 0.6107380 0.406694
2.500
0.100000 0.300000 0.500000 0.700000 0.900000 
0 0.7090940 0.3855980 0.9075610 0.3862960 0.9074450 0.4077090 0.7089780 0.407011
8550 срокомъ
0.041667 0.125000 0.208333 0.291667 0.375000 0.458333 0.541667 0.625000 0.708333 0.791667 0.875000 0.958333 
0 0.4148820 0.4093610 0.5936920 0.4109800 0.5933930 0.4323920 0.4145830 0.430773
на нихъ процентъ
0.031250 0.093750 0.156250 0.218750 0.281250 0.343750 0.406250 0.468750 0.531250 0.593750 0.656250 0.718750 0.781250 0.843750 0.906250 0.968750 
0 0.7033470 0.4208930 0.9161910 0.4176780 0.9167270 0.4406310 0.7038820 0.443845
по 15-е Генваря
0.033333 0.100000 0.166667 0.233333 0.300000 0.366667 0.433333 0.500000 0.566667 0.633333 0.700000 0.766667 0.833333 0.900000 0.966667 
0 0.3233090 0.4359190 0.6713790 0.4323050 0.6718060 0.4589470 0.3237370 0.462561
За тѣмъ писцу ... 500
0.023810 0.071429 0.119048 0.166667 0.214286 0.261905 0.309524 0.357143 0.404762 0.452381 0.500000 0.547619 0.595238 0.642857 0.690476 0.738095 0.785714 0.833333 0.880952 0.928571 0.976190 
0 0.7487270 0.4533270 0.8887050 0.4557320 0.8881370 0.4771270 0.7481590 0.474723
1857. года.
0.045455 0.136364 0.227273 0.318182 0.409091 0.500000 0.590909 0.681818 0.772727 0.863636 0.954545 
0 0.1134270 0.4849490 0.9068110 0.4799080 0.9070590 0.5050930 0.1136740 0.510134
Обѣдалъ у Дяди Алек. Алекс: — послѣ обѣда былъ у Кн. Вреде —
0.008333 0.025000 0.041667 0.058333 0.075000 0.091667 0.108333 0.125000 0.141667 0.158333 0.175000 0.191667 0.208333 0.225000 0.241667 0.258333 0.275000 0.291667 0.308333 0.325000 0.341667 0.358333 0.375000 0.391667 0.408333 0.425000 0.441667 0.458333 0.475000 0.491667 0.508333 0.525000 0.541667 0.558333 0.575000 0.591667 0.608333 0.625000 0.641667 0.658333 0.675000 0.691667 0.708333 0.725000 0.741667 0.758333 0.775000 0.791667 0.808333 0.825000 0.841667 0.858333 0.875000 0.891667 0.908333 0.925000 0.941667 0.958333 0.975000 0.991667 
0 0.1128810 0.5229200 0.8971800 0.5156550 0.8975280 0.5399860 0.1132290 0.547251
торговалъ у него скотъ и въ 10 ч. вечера выѣхалъ съ Архитек-
0.008333 0.025000 0.041667 0.058333 0.075000 0.091667 0.108333 0.125000 0.141667 0.158333 0.175000 0.191667 0.208333 0.225000 0.241667 0.258333 0.275000 0.291667 0.308333 0.325000 0.341667 0.358333 0.375000 0.391667 0.408333 0.425000 0.441667 0.458333 0.475000 0.491667 0.508333 0.525000 0.541667 0.558333 0.575000 0.591667 0.608333 0.625000 0.641667 0.658333 0.675000 0.691667 0.708333 0.725000 0.741667 0.758333 0.775000 0.791667 0.808333 0.825000 0.841667 0.858333 0.875000 0.891667 0.908333 0.925000 0.941667 0.958333 0.975000 0.991667 
0 0.1130990 0.5582860 0.6332350 0.5575840 0.6332840 0.5810970 0.1131480 0.581798
торомъ Герасимовымъ въ Алексѣевское.
0.013889 0.041667 0.069444 0.097222 0.125000 0.152778 0.180556 0.208333 0.236111 0.263889 0.291667 0.319444 0.347222 0.375000 0.402778 0.430556 0.458333 0.486111 0.513889 0.541667 0.569444 0.597222 0.625000 0.652778 0.680556 0.708333 0.736111 0.763889 0.791667 0.819444 0.847222 0.875000 0.902778 0.930556 0.958333 0.986111 
0 0.1023800 0.5962630 0.8349320 0.5915080 0.8352010 0.6183220 0.1026490 0.623077
16-е. Въ дорогѣ. Вечеромъ въ 11. часовъ пріѣхали на плавицу. —
0.008065 0.024194 0.040323 0.056452 0.072581 0.088710 0.104839 0.120968 0.137097 0.153226 0.169355 0.185484 0.201613 0.217742 0.233871 0.250000 0.266129 0.282258 0.298387 0.314516 0.330645 0.346774 0.362903 0.379032 0.395161 0.411290 0.427419 0.443548 0.459677 0.475806 0.491935 0.508065 0.524194 0.540323 0.556452 0.572581 0.588710 0.604839 0.620968 0.637097 0.653226 0.669355 0.685484 0.701613 0.717742 0.733871 0.750000 0.766129 0.782258 0.798387 0.814516 0.830645 0.846774 0.862903 0.879032 0.895161 0.911290 0.927419 0.943548 0.959677 0.975806 0.991935 
0 0.0990190 0.6331530 0.9029430 0.6271710 0.9032330 0.6523550 0.0993090 0.658338
17-е. Всталъ рано. Дожди у идутъ здѣсь съ 17 Іюня — ровно мѣсяцъ.
0.007692 0.023077 0.038462 0.053846 0.069231 0.084615 0.100000 0.115385 0.130769 0.146154 0.161538 0.176923 0.192308 0.207692 0.223077 0.238462 0.253846 0.269231 0.284615 0.300000 0.315385 0.330769 0.346154 0.361538 0.376923 0.392308 0.407692 0.423077 0.438462 0.453846 0.469231 0.484615 0.500000 0.515385 0.530769 0.546154 0.561538 0.576923 0.592308 0.607692 0.623077 0.638462 0.653846 0.669231 0.684615 0.700000 0.715385 0.730769 0.746154 0.761538 0.776923 0.792308 0.807692 0.823077 0.838462 0.853846 0.869231 0.884615 0.900000 0.915385 0.930769 0.946154 0.961538 0.976923 0.992308 
0 0.0912530 0.6711530 0.8755210 0.6618270 0.8759490 0.6851350 0.0916810 0.694461
Рожь плоха. Яровые удивительные. Свекла взошла только
0.009434 0.028302 0.047170 0.066038 0.084906 0.103774 0.122642 0.141509 0.160377 0.179245 0.198113 0.216981 0.235849 0.254717 0.273585 0.292453 0.311321 0.330189 0.349057 0.367925 0.386792 0.405660 0.424528 0.443396 0.462264 0.481132 0.500000 0.518868 0.537736 0.556604 0.575472 0.594340 0.613208 0.632075 0.650943 0.669811 0.688679 0.707547 0.726415 0.745283 0.764151 0.783019 0.801887 0.820755 0.839623 0.858491 0.877358 0.896226 0.915094 0.933962 0.952830 0.971698 0.990566 
0 0.1065380 0.7056770 0.9104710 0.6969150 0.9109380 0.7246640 0.1070060 0.733426
въ два всхода. Первый ранній и уже великъ Листъ до ½ аршина
0.008475 0.025424 0.042373 0.059322 0.076271 0.093220 0.110169 0.127119 0.144068 0.161017 0.177966 0.194915 0.211864 0.228814 0.245763 0.262712 0.279661 0.296610 0.313559 0.330508 0.347458 0.364407 0.381356 0.398305 0.415254 0.432203 0.449153 0.466102 0.483051 0.500000 0.516949 0.533898 0.550847 0.567797 0.584746 0.601695 0.618644 0.635593 0.652542 0.669492 0.686441 0.703390 0.720339 0.737288 0.754237 0.771186 0.788136 0.805085 0.822034 0.838983 0.855932 0.872881 0.889831 0.906780 0.923729 0.940678 0.957627 0.974576 0.991525 
0 0.1070590 0.7443110 0.9272960 0.7359080 0.9277180 0.7625140 0.1074800 0.770918
второй поздній — свекла тоньше гусинаго пера — но поднялась вся.
0.007813 0.023438 0.039063 0.054688 0.070313 0.085938 0.101563 0.117188 0.132813 0.148438 0.164063 0.179688 0.195313 0.210938 0.226563 0.242188 0.257813 0.273438 0.289063 0.304688 0.320313 0.335938 0.351563 0.367188 0.382813 0.398438 0.414063 0.429688 0.445313 0.460938 0.476563 0.492188 0.507813 0.523438 0.539063 0.554688 0.570313 0.585938 0.601563 0.617188 0.632813 0.648438 0.664063 0.679688 0.695313 0.710938 0.726563 0.742188 0.757813 0.773438 0.789063 0.804688 0.820313 0.835938 0.851563 0.867188 0.882813 0.898438 0.914063 0.929688 0.945313 0.960938 0.976563 0.992188 
0 0.1084680 0.7797980 0.9210540 0.7695590 0.9215390 0.7944720 0.1089530 0.804711
ее только теперь продергиваютъ — думаю, что для Завод. она
0.008621 0.025862 0.043103 0.060345 0.077586 0.094828 0.112069 0.129310 0.146552 0.163793 0.181034 0.198276 0.215517 0.232759 0.250000 0.267241 0.284483 0.301724 0.318966 0.336207 0.353448 0.370690 0.387931 0.405172 0.422414 0.439655 0.456897 0.474138 0.491379 0.508621 0.525862 0.543103 0.560345 0.577586 0.594828 0.612069 0.629310 0.646552 0.663793 0.681034 0.698276 0.715517 0.732759 0.750000 0.767241 0.784483 0.801724 0.818966 0.836207 0.853448 0.870690 0.887931 0.905172 0.922414 0.939655 0.956897 0.974138 0.991379 
0 0.1099790 0.8213170 0.3736400 0.8181660 0.3740350 0.8395650 0.1103740 0.842715
будетъ безполезна.
0.027778 0.083333 0.138889 0.194444 0.250000 0.305556 0.361111 0.416667 0.472222 0.527778 0.583333 0.638889 0.694444 0.750000 0.805556 0.861111 0.916667 0.972222 
0 0.1102260 0.8573540 0.8460150 0.8410740 0.8468580 0.8657350 0.1110690 0.882016
18-е Встаю рано. Крѣпость пріобрѣтенная гимнастикой
0.009804 0.029412 0.049020 0.068627 0.088235 0.107843 0.127451 0.147059 0.166667 0.186275 0.205882 0.225490 0.245098 0.264706 0.284314 0.303922 0.323529 0.343137 0.362745 0.382353 0.401961 0.421569 0.441176 0.460784 0.480392 0.500000 0.519608 0.539216 0.558824 0.578431 0.598039 0.617647 0.637255 0.656863 0.676471 0.696078 0.715686 0.735294 0.754902 0.774510 0.794118 0.813725 0.833333 0.852941 0.872549 0.892157 0.911765 0.931373 0.950980 0.970588 0.990196 
0 0.1133790 0.8890290 0.9082060 0.8820220 0.9085250 0.9054010 0.1136980 0.912408
начинаетъ пропадать. Съ Герасимовымъ ѣздили на хуторъ и
0.009091 0.027273 0.045455 0.063636 0.081818 0.100000 0.118182 0.136364 0.154545 0.172727 0.190909 0.209091 0.227273 0.245455 0.263636 0.281818 0.300000 0.318182 0.336364 0.354545 0.372727 0.390909 0.409091 0.427273 0.445455 0.463636 0.481818 0.500000 0.518182 0.536364 0.554545 0.572727 0.590909 0.609091 0.627273 0.645455 0.663636 0.681818 0.700000 0.718182 0.736364 0.754545 0.772727 0.790909 0.809091 0.827273 0.845455 0.863636 0.881818 0.900000 0.918182 0.936364 0.954545 0.972727 0.990909 
