0 0.0881560 0.0833250 0.9920200 0.0854110 0.9918770 0.1089080 0.0880120 0.106823
Гумбольтъ: Такъ страшные перевороты, которые внезапны
0.009434 0.028302 0.047170 0.066038 0.084906 0.103774 0.122642 0.141509 0.160377 0.179245 0.198113 0.216981 0.235849 0.254717 0.273585 0.292453 0.311321 0.330189 0.349057 0.367925 0.386792 0.405660 0.424528 0.443396 0.462264 0.481132 0.500000 0.518868 0.537736 0.556604 0.575472 0.594340 0.613208 0.632075 0.650943 0.669811 0.688679 0.707547 0.726415 0.745283 0.764151 0.783019 0.801887 0.820755 0.839623 0.858491 0.877358 0.896226 0.915094 0.933962 0.952830 0.971698 0.990566 
0 0.1067120 0.1190740 0.9863160 0.1145820 0.9866070 0.1361600 0.1070040 0.140653
поднятіемъ окисленной земной коры возвысили и
0.011111 0.033333 0.055556 0.077778 0.100000 0.122222 0.144444 0.166667 0.188889 0.211111 0.233333 0.255556 0.277778 0.300000 0.322222 0.344444 0.366667 0.388889 0.411111 0.433333 0.455556 0.477778 0.500000 0.522222 0.544444 0.566667 0.588889 0.611111 0.633333 0.655556 0.677778 0.700000 0.722222 0.744444 0.766667 0.788889 0.811111 0.833333 0.855556 0.877778 0.900000 0.922222 0.944444 0.966667 0.988889 
0 0.1076760 0.1539740 0.9935760 0.1513530 0.9937640 0.1753770 0.1078640 0.177998
мощные горные кряжи, по возстановленіи покоя по
0.010638 0.031915 0.053191 0.074468 0.095745 0.117021 0.138298 0.159574 0.180851 0.202128 0.223404 0.244681 0.265957 0.287234 0.308511 0.329787 0.351064 0.372340 0.393617 0.414894 0.436170 0.457447 0.478723 0.500000 0.521277 0.542553 0.563830 0.585106 0.606383 0.627660 0.648936 0.670213 0.691489 0.712766 0.734043 0.755319 0.776596 0.797872 0.819149 0.840426 0.861702 0.882979 0.904255 0.925532 0.946809 0.968085 0.989362 
0 0.1132400 0.1865510 0.9820610 0.1871370 0.9820180 0.2111190 0.1131970 0.210533
служили къ обогащенію материковъ обоихъ полушарій
0.010204 0.030612 0.051020 0.071429 0.091837 0.112245 0.132653 0.153061 0.173469 0.193878 0.214286 0.234694 0.255102 0.275510 0.295918 0.316327 0.336735 0.357143 0.377551 0.397959 0.418367 0.438776 0.459184 0.479592 0.500000 0.520408 0.540816 0.561224 0.581633 0.602041 0.622449 0.642857 0.663265 0.683673 0.704082 0.724490 0.744898 0.765306 0.785714 0.806122 0.826531 0.846939 0.867347 0.887755 0.908163 0.928571 0.948980 0.969388 0.989796 
0 0.1158590 0.2185240 0.9891740 0.2177400 0.9892330 0.2425950 0.1159180 0.243379
обиліемъ прекрасныхъ разнообразнейшихъ индивидуальныхъ
0.009259 0.027778 0.046296 0.064815 0.083333 0.101852 0.120370 0.138889 0.157407 0.175926 0.194444 0.212963 0.231481 0.250000 0.268519 0.287037 0.305556 0.324074 0.342593 0.361111 0.379630 0.398148 0.416667 0.435185 0.453704 0.472222 0.490741 0.509259 0.527778 0.546296 0.564815 0.583333 0.601852 0.620370 0.638889 0.657407 0.675926 0.694444 0.712963 0.731481 0.750000 0.768519 0.787037 0.805556 0.824074 0.842593 0.861111 0.879630 0.898148 0.916667 0.935185 0.953704 0.972222 0.990741 
0 0.1112580 0.2508970 0.9890700 0.2480440 0.9892750 0.2718970 0.1114630 0.274750
формъ, послужили къ отстраиванію отъ этихъ мате-
0.010417 0.031250 0.052083 0.072917 0.093750 0.114583 0.135417 0.156250 0.177083 0.197917 0.218750 0.239583 0.260417 0.281250 0.302083 0.322917 0.343750 0.364583 0.385417 0.406250 0.427083 0.447917 0.468750 0.489583 0.510417 0.531250 0.552083 0.572917 0.593750 0.614583 0.635417 0.656250 0.677083 0.697917 0.718750 0.739583 0.760417 0.781250 0.802083 0.822917 0.843750 0.864583 0.885417 0.906250 0.927083 0.947917 0.968750 0.989583 
0 0.1127850 0.2839470 0.9887930 0.2761090 0.9893620 0.3001780 0.1133540 0.308016
риковъ пустыннаго однообразія действующаго на фи-
0.010204 0.030612 0.051020 0.071429 0.091837 0.112245 0.132653 0.153061 0.173469 0.193878 0.214286 0.234694 0.255102 0.275510 0.295918 0.316327 0.336735 0.357143 0.377551 0.397959 0.418367 0.438776 0.459184 0.479592 0.500000 0.520408 0.540816 0.561224 0.581633 0.602041 0.622449 0.642857 0.663265 0.683673 0.704082 0.724490 0.744898 0.765306 0.785714 0.806122 0.826531 0.846939 0.867347 0.887755 0.908163 0.928571 0.948980 0.969388 0.989796 
0 0.1136530 0.3168530 0.9851660 0.3088610 0.9857700 0.3338050 0.1142570 0.341797
зическія и нравственныя силы человѣчества и другихъ
0.009804 0.029412 0.049020 0.068627 0.088235 0.107843 0.127451 0.147059 0.166667 0.186275 0.205882 0.225490 0.245098 0.264706 0.284314 0.303922 0.323529 0.343137 0.362745 0.382353 0.401961 0.421569 0.441176 0.460784 0.480392 0.500000 0.519608 0.539216 0.558824 0.578431 0.598039 0.617647 0.637255 0.656863 0.676471 0.696078 0.715686 0.735294 0.754902 0.774510 0.794118 0.813725 0.833333 0.852941 0.872549 0.892157 0.911765 0.931373 0.950980 0.970588 0.990196 
0 0.1111030 0.3501830 0.9870980 0.3443200 0.9875270 0.3686310 0.1115320 0.374494
ихъ и приводя въ бѣдность. (Такъ # и въ организмѣ
0.010204 0.030612 0.051020 0.071429 0.091837 0.112245 0.132653 0.153061 0.173469 0.193878 0.214286 0.234694 0.255102 0.275510 0.295918 0.316327 0.336735 0.357143 0.377551 0.397959 0.418367 0.438776 0.459184 0.479592 0.500000 0.520408 0.540816 0.561224 0.581633 0.602041 0.622449 0.642857 0.663265 0.683673 0.704082 0.724490 0.744898 0.765306 0.785714 0.806122 0.826531 0.846939 0.867347 0.887755 0.908163 0.928571 0.948980 0.969388 0.989796 
0 0.1108560 0.3902130 0.9769180 0.3789140 0.9777500 0.4030470 0.1116880 0.414345
#
0.500000 
0 0.1198130 0.4263940 0.9893930 0.4138450 0.9903670 0.4393900 0.1207860 0.451939
#
0.500000 
0 0.1134900 0.4648230 0.9840970 0.4533910 0.9849340 0.4775300 0.1143270 0.488962
#
0.500000 
0 0.1197000 0.5006190 0.9857620 0.4878780 0.9867560 0.5134610 0.1206940 0.526202
#
0.500000 
0 0.1243100 0.5367870 0.9859150 0.5264400 0.9867130 0.5516040 0.1251080 0.561951
#
0.500000 
0 0.1091040 0.5762290 0.9823690 0.5662730 0.9831100 0.5908520 0.1098440 0.600809
#
0.500000 
0 0.1102100 0.6121900 0.3492010 0.6103980 0.3496290 0.6319960 0.1106380 0.633788
#
0.500000 
0 0.1883060 0.6526730 0.9825190 0.6469180 0.9830440 0.6743250 0.1888300 0.680080
#
0.500000 
0 0.1487880 0.6881280 0.9726490 0.6809500 0.9732010 0.7049370 0.1493400 0.712116
#
0.500000 
0 0.1511940 0.7285810 0.6759010 0.7208220 0.6767930 0.7436410 0.1520860 0.751400
#
0.500000 
0 0.2705910 0.7653430 0.7234140 0.7569120 0.7244740 0.7784540 0.2716510 0.786885
#
0.500000 
0 0.1628270 0.8014960 0.9714820 0.8050140 0.9711790 0.8313610 0.1625250 0.827843
#
0.500000 
0 0.1680140 0.8423800 0.2542680 0.8423800 0.2542680 0.8633800 0.1680140 0.863380
#
0.500000 
0 0.3875030 0.8447570 0.5860620 0.8460320 0.5856960 0.8676360 0.3871360 0.866362
#
0.500000 
