0 0.0516270 0.1105230 0.4076810 0.1025010 0.4090240 0.1253560 0.0529710 0.133378
прямо къ А. Ст. ваш.
0.025000 0.075000 0.125000 0.175000 0.225000 0.275000 0.325000 0.375000 0.425000 0.475000 0.525000 0.575000 0.625000 0.675000 0.725000 0.775000 0.825000 0.875000 0.925000 0.975000 
0 0.0579850 0.1492380 0.8071390 0.1334890 0.8085350 0.1589350 0.0593810 0.174685
24. Вечеромъ уѣхалъ въ Воскресенское. День ясный
0.010417 0.031250 0.052083 0.072917 0.093750 0.114583 0.135417 0.156250 0.177083 0.197917 0.218750 0.239583 0.260417 0.281250 0.302083 0.322917 0.343750 0.364583 0.385417 0.406250 0.427083 0.447917 0.468750 0.489583 0.510417 0.531250 0.552083 0.572917 0.593750 0.614583 0.635417 0.656250 0.677083 0.697917 0.718750 0.739583 0.760417 0.781250 0.802083 0.822917 0.843750 0.864583 0.885417 0.906250 0.927083 0.947917 0.968750 0.989583 
0 0.0611480 0.1874770 0.8831150 0.1752190 0.8840190 0.1984430 0.0620510 0.210700
тепло. Береза распускается. Самбукъ и сирень
0.011364 0.034091 0.056818 0.079545 0.102273 0.125000 0.147727 0.170455 0.193182 0.215909 0.238636 0.261364 0.284091 0.306818 0.329545 0.352273 0.375000 0.397727 0.420455 0.443182 0.465909 0.488636 0.511364 0.534091 0.556818 0.579545 0.602273 0.625000 0.647727 0.670455 0.693182 0.715909 0.738636 0.761364 0.784091 0.806818 0.829545 0.852273 0.875000 0.897727 0.920455 0.943182 0.965909 0.988636 
0 0.0676960 0.2234960 0.5538530 0.2165200 0.5546610 0.2380950 0.0685030 0.245071
развернулись на 1½ Дюйма.
0.020000 0.060000 0.100000 0.140000 0.180000 0.220000 0.260000 0.300000 0.340000 0.380000 0.420000 0.460000 0.500000 0.540000 0.580000 0.620000 0.660000 0.700000 0.740000 0.780000 0.820000 0.860000 0.900000 0.940000 0.980000 
0 0.0784830 0.2603830 0.8700130 0.2453130 0.8711770 0.2687460 0.0796470 0.283816
25. Утромъ пріѣхалъ въ Москву и далъ подписку
0.011111 0.033333 0.055556 0.077778 0.100000 0.122222 0.144444 0.166667 0.188889 0.211111 0.233333 0.255556 0.277778 0.300000 0.322222 0.344444 0.366667 0.388889 0.411111 0.433333 0.455556 0.477778 0.500000 0.522222 0.544444 0.566667 0.588889 0.611111 0.633333 0.655556 0.677778 0.700000 0.722222 0.744444 0.766667 0.788889 0.811111 0.833333 0.855556 0.877778 0.900000 0.922222 0.944444 0.966667 0.988889 
0 0.0702080 0.2997200 0.8792900 0.2857960 0.8803930 0.3103680 0.0713110 0.324292
объ рукоприкладствѣ по нещастному дѣлу въ
0.012195 0.036585 0.060976 0.085366 0.109756 0.134146 0.158537 0.182927 0.207317 0.231707 0.256098 0.280488 0.304878 0.329268 0.353659 0.378049 0.402439 0.426829 0.451220 0.475610 0.500000 0.524390 0.548780 0.573171 0.597561 0.621951 0.646341 0.670732 0.695122 0.719512 0.743902 0.768293 0.792683 0.817073 0.841463 0.865854 0.890244 0.914634 0.939024 0.963415 0.987805 
0 0.0682840 0.3385200 0.6826650 0.3257700 0.6839100 0.3487590 0.0695280 0.361509
уг. палатѣ. Весь день на ногахъ.
0.015625 0.046875 0.078125 0.109375 0.140625 0.171875 0.203125 0.234375 0.265625 0.296875 0.328125 0.359375 0.390625 0.421875 0.453125 0.484375 0.515625 0.546875 0.578125 0.609375 0.640625 0.671875 0.703125 0.734375 0.765625 0.796875 0.828125 0.859375 0.890625 0.921875 0.953125 0.984375 
0 0.0782290 0.3818850 0.8778980 0.3609040 0.8795640 0.3852450 0.0798950 0.406226
26. Утромъ выѣхалъ въ Воскресенское верьхомъ
0.011364 0.034091 0.056818 0.079545 0.102273 0.125000 0.147727 0.170455 0.193182 0.215909 0.238636 0.261364 0.284091 0.306818 0.329545 0.352273 0.375000 0.397727 0.420455 0.443182 0.465909 0.488636 0.511364 0.534091 0.556818 0.579545 0.602273 0.625000 0.647727 0.670455 0.693182 0.715909 0.738636 0.761364 0.784091 0.806818 0.829545 0.852273 0.875000 0.897727 0.920455 0.943182 0.965909 0.988636 
0 0.0698300 0.4210820 0.9007910 0.4005480 0.9026010 0.4286110 0.0716390 0.449144
День ясный и тёплый. Всё начинаетъ распу-
0.012195 0.036585 0.060976 0.085366 0.109756 0.134146 0.158537 0.182927 0.207317 0.231707 0.256098 0.280488 0.304878 0.329268 0.353659 0.378049 0.402439 0.426829 0.451220 0.475610 0.500000 0.524390 0.548780 0.573171 0.597561 0.621951 0.646341 0.670732 0.695122 0.719512 0.743902 0.768293 0.792683 0.817073 0.841463 0.865854 0.890244 0.914634 0.939024 0.963415 0.987805 
0 0.0886280 0.4556650 0.8357780 0.4414390 0.8370140 0.4663060 0.0898640 0.480532
скаться. Лиственницы зацвѣтаютъ
0.016129 0.048387 0.080645 0.112903 0.145161 0.177419 0.209677 0.241935 0.274194 0.306452 0.338710 0.370968 0.403226 0.435484 0.467742 0.500000 0.532258 0.564516 0.596774 0.629032 0.661290 0.693548 0.725806 0.758065 0.790323 0.822581 0.854839 0.887097 0.919355 0.951613 0.983871 
0 0.0938060 0.4943740 0.9302650 0.4703760 0.9321830 0.4959990 0.0957250 0.519997
ракита зазѣленела. Кустарники сильно распу-
0.011628 0.034884 0.058140 0.081395 0.104651 0.127907 0.151163 0.174419 0.197674 0.220930 0.244186 0.267442 0.290698 0.313953 0.337209 0.360465 0.383721 0.406977 0.430233 0.453488 0.476744 0.500000 0.523256 0.546512 0.569767 0.593023 0.616279 0.639535 0.662791 0.686047 0.709302 0.732558 0.755814 0.779070 0.802326 0.825581 0.848837 0.872093 0.895349 0.918605 0.941860 0.965116 0.988372 
0 0.0929820 0.5316280 0.9314720 0.5127080 0.9330100 0.5388340 0.0945210 0.557754
стились. Въ 3 часа обратно выѣхалъ верьхомъ
0.011628 0.034884 0.058140 0.081395 0.104651 0.127907 0.151163 0.174419 0.197674 0.220930 0.244186 0.267442 0.290698 0.313953 0.337209 0.360465 0.383721 0.406977 0.430233 0.453488 0.476744 0.500000 0.523256 0.546512 0.569767 0.593023 0.616279 0.639535 0.662791 0.686047 0.709302 0.732558 0.755814 0.779070 0.802326 0.825581 0.848837 0.872093 0.895349 0.918605 0.941860 0.965116 0.988372 
0 0.1061930 0.5688790 0.9429220 0.5549070 0.9440120 0.5799220 0.1072820 0.593893
въ Москву. Усталъ — ноги, руки, и поясница
0.011905 0.035714 0.059524 0.083333 0.107143 0.130952 0.154762 0.178571 0.202381 0.226190 0.250000 0.273810 0.297619 0.321429 0.345238 0.369048 0.392857 0.416667 0.440476 0.464286 0.488095 0.511905 0.535714 0.559524 0.583333 0.607143 0.630952 0.654762 0.678571 0.702381 0.726190 0.750000 0.773810 0.797619 0.821429 0.845238 0.869048 0.892857 0.916667 0.940476 0.964286 0.988095 
0 0.1051050 0.6147560 0.5958670 0.6025610 0.5972640 0.6241120 0.1065020 0.636307
заболѣли. Ст. Superior.
0.021739 0.065217 0.108696 0.152174 0.195652 0.239130 0.282609 0.326087 0.369565 0.413043 0.456522 0.500000 0.543478 0.586957 0.630435 0.673913 0.717391 0.760870 0.804348 0.847826 0.891304 0.934783 0.978261 
0 0.1066490 0.6545270 0.9071750 0.6322040 0.9091080 0.6587640 0.1085810 0.681087
#
0.500000 
0 0.0876490 0.6991590 0.8899550 0.6808130 0.8915150 0.7069650 0.0892090 0.725311
#
0.500000 
0 0.1191060 0.7404860 0.8940040 0.7259910 0.8951320 0.7491060 0.1202350 0.763601
#
0.500000 
0 0.1163200 0.7812700 0.9087440 0.7673230 0.9098700 0.7918540 0.1174460 0.805800
#
0.500000 
0 0.1212200 0.8245880 0.9357800 0.8160120 0.9365120 0.8426640 0.1219520 0.851239
#
0.500000 
0 0.1256340 0.8735150 0.9391780 0.8591430 0.9403130 0.8837820 0.1267700 0.898154
#
0.500000 
