0 0.0956530 0.0269770 0.2827740 0.0287810 0.2822580 0.0507930 0.0951380 0.048989
1855. Нояб.
0.045455 0.136364 0.227273 0.318182 0.409091 0.500000 0.590909 0.681818 0.772727 0.863636 0.954545 
0 0.1373390 0.0631940 0.9596570 0.0631940 0.9596570 0.0841940 0.1373390 0.084194
#
0.500000 
0 0.1502940 0.0964280 0.9726110 0.0981840 0.9724990 0.1197920 0.1501820 0.118036
#
0.500000 
0 0.1511580 0.1289170 0.9176810 0.1306740 0.9175610 0.1522810 0.1510380 0.150525
#
0.500000 
0 0.1527320 0.1714380 0.9544480 0.1701930 0.9545300 0.1918090 0.1528140 0.193054
#
0.500000 
0 0.1561500 0.2067750 0.9510000 0.2051940 0.9511150 0.2288650 0.1562640 0.230446
#
0.500000 
0 0.1605150 0.2410570 0.9596570 0.2410570 0.9596570 0.2620570 0.1605150 0.262057
#
0.500000 
0 0.1568580 0.2746480 0.9405430 0.2698430 0.9409140 0.2947620 0.1572290 0.299567
#
0.500000 
0 0.1550550 0.3093100 0.9292710 0.3027510 0.9297640 0.3266900 0.1555480 0.333249
#
0.500000 
0 0.1591220 0.3432980 0.8878980 0.3340730 0.8886230 0.3576410 0.1598470 0.366866
#
0.500000 
0 0.1603120 0.3745430 0.9217080 0.3710320 0.9219780 0.3951530 0.1605830 0.398665
10-е Выѣхалъ въ шарабанѣ изъ Алексѣевска
0.012500 0.037500 0.062500 0.087500 0.112500 0.137500 0.162500 0.187500 0.212500 0.237500 0.262500 0.287500 0.312500 0.337500 0.362500 0.387500 0.412500 0.437500 0.462500 0.487500 0.512500 0.537500 0.562500 0.587500 0.612500 0.637500 0.662500 0.687500 0.712500 0.737500 0.762500 0.787500 0.812500 0.837500 0.862500 0.887500 0.912500 0.937500 0.962500 0.987500 
0 0.1627540 0.4098720 0.9593180 0.4026310 0.9597940 0.4241910 0.1632300 0.431432
#
0.500000 
0 0.1678490 0.4473200 0.9455330 0.4391070 0.9461510 0.4631760 0.1684670 0.471389
#
0.500000 
0 0.1635410 0.4798170 0.5240530 0.4758480 0.5246300 0.4974180 0.1641180 0.501387
#
0.500000 
0 0.1642300 0.5106660 0.9831100 0.4978860 0.9839270 0.5194340 0.1650470 0.532213
#
0.500000 
0 0.1624860 0.5437120 0.5075450 0.5380710 0.5084010 0.5596260 0.1633420 0.565266
#
0.500000 
0 0.1625100 0.5700900 0.9590670 0.5598550 0.9598440 0.5847430 0.1632870 0.594978
12. 13-е. 14-е. Въ Расвѣ. 14 Всё время разговоры и
0.010000 0.030000 0.050000 0.070000 0.090000 0.110000 0.130000 0.150000 0.170000 0.190000 0.210000 0.230000 0.250000 0.270000 0.290000 0.310000 0.330000 0.350000 0.370000 0.390000 0.410000 0.430000 0.450000 0.470000 0.490000 0.510000 0.530000 0.550000 0.570000 0.590000 0.610000 0.630000 0.650000 0.670000 0.690000 0.710000 0.730000 0.750000 0.770000 0.790000 0.810000 0.830000 0.850000 0.870000 0.890000 0.910000 0.930000 0.950000 0.970000 0.990000 
0 0.1652990 0.6037680 0.9670240 0.5970270 0.9675160 0.6211130 0.1657910 0.627854
разсужденія о сахарномъ заводѣ. Разговоръ серьезный
0.009804 0.029412 0.049020 0.068627 0.088235 0.107843 0.127451 0.147059 0.166667 0.186275 0.205882 0.225490 0.245098 0.264706 0.284314 0.303922 0.323529 0.343137 0.362745 0.382353 0.401961 0.421569 0.441176 0.460784 0.480392 0.500000 0.519608 0.539216 0.558824 0.578431 0.598039 0.617647 0.637255 0.656863 0.676471 0.696078 0.715686 0.735294 0.754902 0.774510 0.794118 0.813725 0.833333 0.852941 0.872549 0.892157 0.911765 0.931373 0.950980 0.970588 0.990196 
0 0.1669500 0.6444640 0.9291790 0.6355580 0.9297910 0.6571100 0.1675620 0.666016
съ дядей о моихъ съ нимъ отношеніяхъ и объ
0.011905 0.035714 0.059524 0.083333 0.107143 0.130952 0.154762 0.178571 0.202381 0.226190 0.250000 0.273810 0.297619 0.321429 0.345238 0.369048 0.392857 0.416667 0.440476 0.464286 0.488095 0.511905 0.535714 0.559524 0.583333 0.607143 0.630952 0.654762 0.678571 0.702381 0.726190 0.750000 0.773810 0.797619 0.821429 0.845238 0.869048 0.892857 0.916667 0.940476 0.964286 0.988095 
0 0.1705150 0.6796910 0.7233030 0.6752000 0.7237280 0.6967720 0.1709400 0.701263
отношеніяхъ съ семьею Жуковыхъ.
0.016129 0.048387 0.080645 0.112903 0.145161 0.177419 0.209677 0.241935 0.274194 0.306452 0.338710 0.370968 0.403226 0.435484 0.467742 0.500000 0.532258 0.564516 0.596774 0.629032 0.661290 0.693548 0.725806 0.758065 0.790323 0.822581 0.854839 0.887097 0.919355 0.951613 0.983871 
0 0.1677250 0.7179820 0.9256560 0.7094250 0.9263450 0.7345230 0.1684130 0.743080
16-е Выѣхалъ въ Москву въ тарантасѣ и шубѣ.
0.011628 0.034884 0.058140 0.081395 0.104651 0.127907 0.151163 0.174419 0.197674 0.220930 0.244186 0.267442 0.290698 0.313953 0.337209 0.360465 0.383721 0.406977 0.430233 0.453488 0.476744 0.500000 0.523256 0.546512 0.569767 0.593023 0.616279 0.639535 0.662791 0.686047 0.709302 0.732558 0.755814 0.779070 0.802326 0.825581 0.848837 0.872093 0.895349 0.918605 0.941860 0.965116 0.988372 
0 0.1688200 0.7567870 0.4761140 0.7544730 0.4765090 0.7760640 0.1692150 0.778378
Зима стала.
0.045455 0.136364 0.227273 0.318182 0.409091 0.500000 0.590909 0.681818 0.772727 0.863636 0.954545 
0 0.1634900 0.8028790 0.9386100 0.7945710 0.9392300 0.8183610 0.1641100 0.826668
17-е. Пріѣхалъ въ Москву и простудился никуда
0.011111 0.033333 0.055556 0.077778 0.100000 0.122222 0.144444 0.166667 0.188889 0.211111 0.233333 0.255556 0.277778 0.300000 0.322222 0.344444 0.366667 0.388889 0.411111 0.433333 0.455556 0.477778 0.500000 0.522222 0.544444 0.566667 0.588889 0.611111 0.633333 0.655556 0.677778 0.700000 0.722222 0.744444 0.766667 0.788889 0.811111 0.833333 0.855556 0.877778 0.900000 0.922222 0.944444 0.966667 0.988889 
0 0.1574170 0.8383180 0.3625620 0.8354130 0.3633040 0.8569800 0.1581590 0.859884
не выѣзжалъ.
0.041667 0.125000 0.208333 0.291667 0.375000 0.458333 0.541667 0.625000 0.708333 0.791667 0.875000 0.958333 
0 0.1720650 0.8659970 0.9376930 0.8574730 0.9383600 0.8821000 0.1727310 0.890625
18-е. Былъ у Закревскаго у Шумскаго. Первыя
0.011628 0.034884 0.058140 0.081395 0.104651 0.127907 0.151163 0.174419 0.197674 0.220930 0.244186 0.267442 0.290698 0.313953 0.337209 0.360465 0.383721 0.406977 0.430233 0.453488 0.476744 0.500000 0.523256 0.546512 0.569767 0.593023 0.616279 0.639535 0.662791 0.686047 0.709302 0.732558 0.755814 0.779070 0.802326 0.825581 0.848837 0.872093 0.895349 0.918605 0.941860 0.965116 0.988372 
0 0.1527900 0.8996480 0.8901290 0.8996480 0.8901290 0.9206480 0.1527900 0.920648
вѣсти и 1-е. О рѣшеніи дѣла и о Комедіи.
0.012500 0.037500 0.062500 0.087500 0.112500 0.137500 0.162500 0.187500 0.212500 0.237500 0.262500 0.287500 0.312500 0.337500 0.362500 0.387500 0.412500 0.437500 0.462500 0.487500 0.512500 0.537500 0.562500 0.587500 0.612500 0.637500 0.662500 0.687500 0.712500 0.737500 0.762500 0.787500 0.812500 0.837500 0.862500 0.887500 0.912500 0.937500 0.962500 0.987500 
