0 0.0431520 0.0902270 0.9530910 0.0782830 0.9540250 0.1040820 0.0440870 0.116026
въ карты. Встрѣтилъ у него Толстаго Гр. Л. съ которымъ
0.009259 0.027778 0.046296 0.064815 0.083333 0.101852 0.120370 0.138889 0.157407 0.175926 0.194444 0.212963 0.231481 0.250000 0.268519 0.287037 0.305556 0.324074 0.342593 0.361111 0.379630 0.398148 0.416667 0.435185 0.453704 0.472222 0.490741 0.509259 0.527778 0.546296 0.564815 0.583333 0.601852 0.620370 0.638889 0.657407 0.675926 0.694444 0.712963 0.731481 0.750000 0.768519 0.787037 0.805556 0.824074 0.842593 0.861111 0.879630 0.898148 0.916667 0.935185 0.953704 0.972222 0.990741 
0 0.0470720 0.1287680 0.9053730 0.1212000 0.9058930 0.1425780 0.0475920 0.150147
прежде дѣлалъ Гимнастику. Онъ просилъ меня прислать
0.009804 0.029412 0.049020 0.068627 0.088235 0.107843 0.127451 0.147059 0.166667 0.186275 0.205882 0.225490 0.245098 0.264706 0.284314 0.303922 0.323529 0.343137 0.362745 0.382353 0.401961 0.421569 0.441176 0.460784 0.480392 0.500000 0.519608 0.539216 0.558824 0.578431 0.598039 0.617647 0.637255 0.656863 0.676471 0.696078 0.715686 0.735294 0.754902 0.774510 0.794118 0.813725 0.833333 0.852941 0.872549 0.892157 0.911765 0.931373 0.950980 0.970588 0.990196 
0 0.0546670 0.1579530 0.9192240 0.1531300 0.9195820 0.1763830 0.0550250 0.181205
піэссу. Завтракалъ у Anaïs. Она живетъ прекрасно, —
0.009804 0.029412 0.049020 0.068627 0.088235 0.107843 0.127451 0.147059 0.166667 0.186275 0.205882 0.225490 0.245098 0.264706 0.284314 0.303922 0.323529 0.343137 0.362745 0.382353 0.401961 0.421569 0.441176 0.460784 0.480392 0.500000 0.519608 0.539216 0.558824 0.578431 0.598039 0.617647 0.637255 0.656863 0.676471 0.696078 0.715686 0.735294 0.754902 0.774510 0.794118 0.813725 0.833333 0.852941 0.872549 0.892157 0.911765 0.931373 0.950980 0.970588 0.990196 
0 0.0658540 0.1901510 0.9110690 0.1850450 0.9114830 0.2099060 0.0662680 0.215012
и съ кѣмъ нибудь живётъ — со мною холодна — портретъ
0.009615 0.028846 0.048077 0.067308 0.086538 0.105769 0.125000 0.144231 0.163462 0.182692 0.201923 0.221154 0.240385 0.259615 0.278846 0.298077 0.317308 0.336538 0.355769 0.375000 0.394231 0.413462 0.432692 0.451923 0.471154 0.490385 0.509615 0.528846 0.548077 0.567308 0.586538 0.605769 0.625000 0.644231 0.663462 0.682692 0.701923 0.721154 0.740385 0.759615 0.778846 0.798077 0.817308 0.836538 0.855769 0.875000 0.894231 0.913462 0.932692 0.951923 0.971154 0.990385 
0 0.0520450 0.2192280 0.9016380 0.2137860 0.9021340 0.2418640 0.0525410 0.247306
свой я нашёлъ за какимъ-то шифоньеромъ —.
0.012195 0.036585 0.060976 0.085366 0.109756 0.134146 0.158537 0.182927 0.207317 0.231707 0.256098 0.280488 0.304878 0.329268 0.353659 0.378049 0.402439 0.426829 0.451220 0.475610 0.500000 0.524390 0.548780 0.573171 0.597561 0.621951 0.646341 0.670732 0.695122 0.719512 0.743902 0.768293 0.792683 0.817073 0.841463 0.865854 0.890244 0.914634 0.939024 0.963415 0.987805 
0 0.0583030 0.2513320 0.9546870 0.2455820 0.9551680 0.2727670 0.0587840 0.278518
Ясно. Впрочемъ я никакихъ ни правъ ни даже резоновъ
0.009804 0.029412 0.049020 0.068627 0.088235 0.107843 0.127451 0.147059 0.166667 0.186275 0.205882 0.225490 0.245098 0.264706 0.284314 0.303922 0.323529 0.343137 0.362745 0.382353 0.401961 0.421569 0.441176 0.460784 0.480392 0.500000 0.519608 0.539216 0.558824 0.578431 0.598039 0.617647 0.637255 0.656863 0.676471 0.696078 0.715686 0.735294 0.754902 0.774510 0.794118 0.813725 0.833333 0.852941 0.872549 0.892157 0.911765 0.931373 0.950980 0.970588 0.990196 
0 0.0631410 0.2865410 0.8465750 0.2789270 0.8472670 0.3047450 0.0638340 0.312360
не имѣю упрекнуть ее; — а въ сердце ударило.
0.011364 0.034091 0.056818 0.079545 0.102273 0.125000 0.147727 0.170455 0.193182 0.215909 0.238636 0.261364 0.284091 0.306818 0.329545 0.352273 0.375000 0.397727 0.420455 0.443182 0.465909 0.488636 0.511364 0.534091 0.556818 0.579545 0.602273 0.625000 0.647727 0.670455 0.693182 0.715909 0.738636 0.761364 0.784091 0.806818 0.829545 0.852273 0.875000 0.897727 0.920455 0.943182 0.965909 0.988636 
0 0.0693610 0.3245620 0.9145790 0.3156320 0.9153090 0.3406610 0.0700910 0.349591
13-е. Визиты къ Федорову, къ Борщову, къ Некрасову.
0.009804 0.029412 0.049020 0.068627 0.088235 0.107843 0.127451 0.147059 0.166667 0.186275 0.205882 0.225490 0.245098 0.264706 0.284314 0.303922 0.323529 0.343137 0.362745 0.382353 0.401961 0.421569 0.441176 0.460784 0.480392 0.500000 0.519608 0.539216 0.558824 0.578431 0.598039 0.617647 0.637255 0.656863 0.676471 0.696078 0.715686 0.735294 0.754902 0.774510 0.794118 0.813725 0.833333 0.852941 0.872549 0.892157 0.911765 0.931373 0.950980 0.970588 0.990196 
0 0.0675920 0.3592130 0.8878210 0.3518560 0.8884200 0.3760620 0.0681910 0.383419
Путаница страшная — всѣ совѣтуютъ идти къ
0.012195 0.036585 0.060976 0.085366 0.109756 0.134146 0.158537 0.182927 0.207317 0.231707 0.256098 0.280488 0.304878 0.329268 0.353659 0.378049 0.402439 0.426829 0.451220 0.475610 0.500000 0.524390 0.548780 0.573171 0.597561 0.621951 0.646341 0.670732 0.695122 0.719512 0.743902 0.768293 0.792683 0.817073 0.841463 0.865854 0.890244 0.914634 0.939024 0.963415 0.987805 
0 0.0695740 0.4001470 0.2705650 0.3955060 0.2719250 0.4168650 0.0709350 0.421505
Министру.
0.055556 0.166667 0.277778 0.388889 0.500000 0.611111 0.722222 0.833333 0.944444 
0 0.0770540 0.4225120 0.9584290 0.4073780 0.9597100 0.4344080 0.0783340 0.449542
14-е. Знакомство съ Мартыновымъ — онъ желаетъ
0.011111 0.033333 0.055556 0.077778 0.100000 0.122222 0.144444 0.166667 0.188889 0.211111 0.233333 0.255556 0.277778 0.300000 0.322222 0.344444 0.366667 0.388889 0.411111 0.433333 0.455556 0.477778 0.500000 0.522222 0.544444 0.566667 0.588889 0.611111 0.633333 0.655556 0.677778 0.700000 0.722222 0.744444 0.766667 0.788889 0.811111 0.833333 0.855556 0.877778 0.900000 0.922222 0.944444 0.966667 0.988889 
0 0.0756290 0.4572890 0.9781320 0.4486720 0.9789350 0.4791300 0.0764310 0.487746
играть — всё зависитъ отъ каприза директора. Гедеонова.
0.009091 0.027273 0.045455 0.063636 0.081818 0.100000 0.118182 0.136364 0.154545 0.172727 0.190909 0.209091 0.227273 0.245455 0.263636 0.281818 0.300000 0.318182 0.336364 0.354545 0.372727 0.390909 0.409091 0.427273 0.445455 0.463636 0.481818 0.500000 0.518182 0.536364 0.554545 0.572727 0.590909 0.609091 0.627273 0.645455 0.663636 0.681818 0.700000 0.718182 0.736364 0.754545 0.772727 0.790909 0.809091 0.827273 0.845455 0.863636 0.881818 0.900000 0.918182 0.936364 0.954545 0.972727 0.990909 
0 0.0840530 0.4926610 0.9629030 0.4786970 0.9640580 0.5050580 0.0852090 0.519023
# Былъ у Некрасова — онъ знакомитъ
0.014706 0.044118 0.073529 0.102941 0.132353 0.161765 0.191176 0.220588 0.250000 0.279412 0.308824 0.338235 0.367647 0.397059 0.426471 0.455882 0.485294 0.514706 0.544118 0.573529 0.602941 0.632353 0.661765 0.691176 0.720588 0.750000 0.779412 0.808824 0.838235 0.867647 0.897059 0.926471 0.955882 0.985294 
0 0.0760790 0.5284460 0.9604080 0.5048200 0.9623640 0.5313610 0.0780350 0.554987
меня съ Литтераторами: Анненковымъ, Толстымъ
0.011364 0.034091 0.056818 0.079545 0.102273 0.125000 0.147727 0.170455 0.193182 0.215909 0.238636 0.261364 0.284091 0.306818 0.329545 0.352273 0.375000 0.397727 0.420455 0.443182 0.465909 0.488636 0.511364 0.534091 0.556818 0.579545 0.602273 0.625000 0.647727 0.670455 0.693182 0.715909 0.738636 0.761364 0.784091 0.806818 0.829545 0.852273 0.875000 0.897727 0.920455 0.943182 0.965909 0.988636 
0 0.0695070 0.5564560 0.8990620 0.5382540 0.9004900 0.5618350 0.0709350 0.580038
Дружининымъ и проч — у него обѣдъ, я не остался
0.010638 0.031915 0.053191 0.074468 0.095745 0.117021 0.138298 0.159574 0.180851 0.202128 0.223404 0.244681 0.265957 0.287234 0.308511 0.329787 0.351064 0.372340 0.393617 0.414894 0.436170 0.457447 0.478723 0.500000 0.521277 0.542553 0.563830 0.585106 0.606383 0.627660 0.648936 0.670213 0.691489 0.712766 0.734043 0.755319 0.776596 0.797872 0.819149 0.840426 0.861702 0.882979 0.904255 0.925532 0.946809 0.968085 0.989362 
0 0.0727810 0.5880150 0.9310110 0.5659460 0.9330110 0.5941420 0.0747820 0.616211
обѣдать. #
0.050000 0.150000 0.250000 0.350000 0.450000 0.550000 0.650000 0.750000 0.850000 0.950000 
0 0.0727220 0.6174800 0.9558940 0.5974900 0.9574250 0.6220050 0.0742530 0.641995
#
0.500000 
0 0.0649600 0.6507950 0.9507290 0.6294040 0.9523500 0.6537210 0.0665800 0.675112
#
0.500000 
0 0.0854050 0.6823340 0.8774150 0.6628280 0.8793090 0.6907000 0.0872990 0.710207
#
0.500000 
0 0.0842740 0.7187310 0.9413940 0.6994980 0.9430130 0.7256610 0.0858940 0.744894
15-е. Святое Воскресенье. У заутрени въ Ака-
0.011364 0.034091 0.056818 0.079545 0.102273 0.125000 0.147727 0.170455 0.193182 0.215909 0.238636 0.261364 0.284091 0.306818 0.329545 0.352273 0.375000 0.397727 0.420455 0.443182 0.465909 0.488636 0.511364 0.534091 0.556818 0.579545 0.602273 0.625000 0.647727 0.670455 0.693182 0.715909 0.738636 0.761364 0.784091 0.806818 0.829545 0.852273 0.875000 0.897727 0.920455 0.943182 0.965909 0.988636 
0 0.0731570 0.7647970 0.9138140 0.7419100 0.9156120 0.7658410 0.0749540 0.788728
деміи художествъ. Разговливался нигдѣ — ибо
0.011628 0.034884 0.058140 0.081395 0.104651 0.127907 0.151163 0.174419 0.197674 0.220930 0.244186 0.267442 0.290698 0.313953 0.337209 0.360465 0.383721 0.406977 0.430233 0.453488 0.476744 0.500000 0.523256 0.546512 0.569767 0.593023 0.616279 0.639535 0.662791 0.686047 0.709302 0.732558 0.755814 0.779070 0.802326 0.825581 0.848837 0.872093 0.895349 0.918605 0.941860 0.965116 0.988372 
0 0.0842960 0.8011250 0.9305550 0.7763180 0.9324960 0.8003080 0.0862360 0.825115
Голицыныхъ не хотѣлъ, у Маменьки ничего не
0.011905 0.035714 0.059524 0.083333 0.107143 0.130952 0.154762 0.178571 0.202381 0.226190 0.250000 0.273810 0.297619 0.321429 0.345238 0.369048 0.392857 0.416667 0.440476 0.464286 0.488095 0.511905 0.535714 0.559524 0.583333 0.607143 0.630952 0.654762 0.678571 0.702381 0.726190 0.750000 0.773810 0.797619 0.821429 0.845238 0.869048 0.892857 0.916667 0.940476 0.964286 0.988095 
0 0.0855390 0.8327540 0.9505570 0.8130730 0.9523110 0.8410200 0.0872930 0.860701
было готово, не сдѣлано. Но зато завтракалъ три
0.010638 0.031915 0.053191 0.074468 0.095745 0.117021 0.138298 0.159574 0.180851 0.202128 0.223404 0.244681 0.265957 0.287234 0.308511 0.329787 0.351064 0.372340 0.393617 0.414894 0.436170 0.457447 0.478723 0.500000 0.521277 0.542553 0.563830 0.585106 0.606383 0.627660 0.648936 0.670213 0.691489 0.712766 0.734043 0.755319 0.776596 0.797872 0.819149 0.840426 0.861702 0.882979 0.904255 0.925532 0.946809 0.968085 0.989362 
0 0.0889200 0.8677640 0.9028160 0.8508420 0.9042140 0.8752190 0.0903180 0.892140
раза. Видѣлъ Бурдина, объясненіе съ нимъ; онъ
0.011111 0.033333 0.055556 0.077778 0.100000 0.122222 0.144444 0.166667 0.188889 0.211111 0.233333 0.255556 0.277778 0.300000 0.322222 0.344444 0.366667 0.388889 0.411111 0.433333 0.455556 0.477778 0.500000 0.522222 0.544444 0.566667 0.588889 0.611111 0.633333 0.655556 0.677778 0.700000 0.722222 0.744444 0.766667 0.788889 0.811111 0.833333 0.855556 0.877778 0.900000 0.922222 0.944444 0.966667 0.988889 
0 0.0905000 0.8966920 0.9486560 0.8834900 0.9497810 0.9099900 0.0916240 0.923192
16-е. Гед со слезами упрашиваетъ у меня роль.
0.011111 0.033333 0.055556 0.077778 0.100000 0.122222 0.144444 0.166667 0.188889 0.211111 0.233333 0.255556 0.277778 0.300000 0.322222 0.344444 0.366667 0.388889 0.411111 0.433333 0.455556 0.477778 0.500000 0.522222 0.544444 0.566667 0.588889 0.611111 0.633333 0.655556 0.677778 0.700000 0.722222 0.744444 0.766667 0.788889 0.811111 0.833333 0.855556 0.877778 0.900000 0.922222 0.944444 0.966667 0.988889 
0 0.0968410 0.9301480 0.9762670 0.9202100 0.9770910 0.9466230 0.0976640 0.956561
Разговоръ тяжелый. Я настаиваю и онъ отказывается
0.010204 0.030612 0.051020 0.071429 0.091837 0.112245 0.132653 0.153061 0.173469 0.193878 0.214286 0.234694 0.255102 0.275510 0.295918 0.316327 0.336735 0.357143 0.377551 0.397959 0.418367 0.438776 0.459184 0.479592 0.500000 0.520408 0.540816 0.561224 0.581633 0.602041 0.622449 0.642857 0.663265 0.683673 0.704082 0.724490 0.744898 0.765306 0.785714 0.806122 0.826531 0.846939 0.867347 0.887755 0.908163 0.928571 0.948980 0.969388 0.989796 
