0 0.0935360 0.0347330 0.3130890 0.0310450 0.3140040 0.0528610 0.0944510 0.056549
1855. Апрѣль.
0.038462 0.115385 0.192308 0.269231 0.346154 0.423077 0.500000 0.576923 0.653846 0.730769 0.807692 0.884615 0.961538 
0 0.1367420 0.1048410 0.9753710 0.1042040 0.9754170 0.1284370 0.1367880 0.129074
выкинули листья. Работалъ въ саду — я еще справляюсь.
0.009434 0.028302 0.047170 0.066038 0.084906 0.103774 0.122642 0.141509 0.160377 0.179245 0.198113 0.216981 0.235849 0.254717 0.273585 0.292453 0.311321 0.330189 0.349057 0.367925 0.386792 0.405660 0.424528 0.443396 0.462264 0.481132 0.500000 0.518868 0.537736 0.556604 0.575472 0.594340 0.613208 0.632075 0.650943 0.669811 0.688679 0.707547 0.726415 0.745283 0.764151 0.783019 0.801887 0.820755 0.839623 0.858491 0.877358 0.896226 0.915094 0.933962 0.952830 0.971698 0.990566 
0 0.1470970 0.1408320 0.5358200 0.1421280 0.5356400 0.1637620 0.1469170 0.162466
Газонъ совсѣмъ зеленый.
0.021739 0.065217 0.108696 0.152174 0.195652 0.239130 0.282609 0.326087 0.369565 0.413043 0.456522 0.500000 0.543478 0.586957 0.630435 0.673913 0.717391 0.760870 0.804348 0.847826 0.891304 0.934783 0.978261 
0 0.1368610 0.1804870 0.9353020 0.1698740 0.9360250 0.1916660 0.1375840 0.202279
16. День лѣтній. Гулялъ съ Голицыными въ
0.012500 0.037500 0.062500 0.087500 0.112500 0.137500 0.162500 0.187500 0.212500 0.237500 0.262500 0.287500 0.312500 0.337500 0.362500 0.387500 0.412500 0.437500 0.462500 0.487500 0.512500 0.537500 0.562500 0.587500 0.612500 0.637500 0.662500 0.687500 0.712500 0.737500 0.762500 0.787500 0.812500 0.837500 0.862500 0.887500 0.912500 0.937500 0.962500 0.987500 
0 0.1381970 0.2183360 0.9150360 0.2107220 0.9155700 0.2325110 0.1387300 0.240125
павильонѣ — жарко. Листъ березы величиною съ
0.011364 0.034091 0.056818 0.079545 0.102273 0.125000 0.147727 0.170455 0.193182 0.215909 0.238636 0.261364 0.284091 0.306818 0.329545 0.352273 0.375000 0.397727 0.420455 0.443182 0.465909 0.488636 0.511364 0.534091 0.556818 0.579545 0.602273 0.625000 0.647727 0.670455 0.693182 0.715909 0.738636 0.761364 0.784091 0.806818 0.829545 0.852273 0.875000 0.897727 0.920455 0.943182 0.965909 0.988636 
0 0.1333840 0.2545220 0.9432210 0.2463200 0.9437720 0.2681080 0.1339350 0.276310
гривенникъ. — Вечеръ чудный и тёплый. до 17°
0.011364 0.034091 0.056818 0.079545 0.102273 0.125000 0.147727 0.170455 0.193182 0.215909 0.238636 0.261364 0.284091 0.306818 0.329545 0.352273 0.375000 0.397727 0.420455 0.443182 0.465909 0.488636 0.511364 0.534091 0.556818 0.579545 0.602273 0.625000 0.647727 0.670455 0.693182 0.715909 0.738636 0.761364 0.784091 0.806818 0.829545 0.852273 0.875000 0.897727 0.920455 0.943182 0.965909 0.988636 
0 0.1399190 0.2918090 0.7373930 0.2847400 0.7380360 0.3065310 0.1405630 0.313600
вечеромъ тепла. Долго гулялъ въ саду.—.
0.012821 0.038462 0.064103 0.089744 0.115385 0.141026 0.166667 0.192308 0.217949 0.243590 0.269231 0.294872 0.320513 0.346154 0.371795 0.397436 0.423077 0.448718 0.474359 0.500000 0.525641 0.551282 0.576923 0.602564 0.628205 0.653846 0.679487 0.705128 0.730769 0.756410 0.782051 0.807692 0.833333 0.858974 0.884615 0.910256 0.935897 0.961538 0.987179 
0 0.1364870 0.3241990 0.9535610 0.3086480 0.9547420 0.3335100 0.1376690 0.349061
17. Съ утра необыкновенно тепло — къ вечеру стало
0.010204 0.030612 0.051020 0.071429 0.091837 0.112245 0.132653 0.153061 0.173469 0.193878 0.214286 0.234694 0.255102 0.275510 0.295918 0.316327 0.336735 0.357143 0.377551 0.397959 0.418367 0.438776 0.459184 0.479592 0.500000 0.520408 0.540816 0.561224 0.581633 0.602041 0.622449 0.642857 0.663265 0.683673 0.704082 0.724490 0.744898 0.765306 0.785714 0.806122 0.826531 0.846939 0.867347 0.887755 0.908163 0.928571 0.948980 0.969388 0.989796 
0 0.1257450 0.3603860 0.9294460 0.3426860 0.9308180 0.3676380 0.1271170 0.385339
холодно и ветеръ повеялъ съ севера. Работалъ
0.011364 0.034091 0.056818 0.079545 0.102273 0.125000 0.147727 0.170455 0.193182 0.215909 0.238636 0.261364 0.284091 0.306818 0.329545 0.352273 0.375000 0.397727 0.420455 0.443182 0.465909 0.488636 0.511364 0.534091 0.556818 0.579545 0.602273 0.625000 0.647727 0.670455 0.693182 0.715909 0.738636 0.761364 0.784091 0.806818 0.829545 0.852273 0.875000 0.897727 0.920455 0.943182 0.965909 0.988636 
0 0.1483020 0.4020700 0.7012610 0.3872170 0.7028680 0.4111800 0.1499090 0.426033
въ саду нѣсколько простудился.
0.016667 0.050000 0.083333 0.116667 0.150000 0.183333 0.216667 0.250000 0.283333 0.316667 0.350000 0.383333 0.416667 0.450000 0.483333 0.516667 0.550000 0.583333 0.616667 0.650000 0.683333 0.716667 0.750000 0.783333 0.816667 0.850000 0.883333 0.916667 0.950000 0.983333 
0 0.1439900 0.4368470 0.9105680 0.4182460 0.9121910 0.4450470 0.1456140 0.463648
18. Всталъ не рано, болитъ спина, не работалъ,
0.010870 0.032609 0.054348 0.076087 0.097826 0.119565 0.141304 0.163043 0.184783 0.206522 0.228261 0.250000 0.271739 0.293478 0.315217 0.336957 0.358696 0.380435 0.402174 0.423913 0.445652 0.467391 0.489130 0.510870 0.532609 0.554348 0.576087 0.597826 0.619565 0.641304 0.663043 0.684783 0.706522 0.728261 0.750000 0.771739 0.793478 0.815217 0.836957 0.858696 0.880435 0.902174 0.923913 0.945652 0.967391 0.989130 
0 0.1463860 0.4716190 0.9609280 0.4509500 0.9625870 0.4771420 0.1480450 0.497811
переводъ не дѣлалъ нѣсколько дней — а соста-
0.011364 0.034091 0.056818 0.079545 0.102273 0.125000 0.147727 0.170455 0.193182 0.215909 0.238636 0.261364 0.284091 0.306818 0.329545 0.352273 0.375000 0.397727 0.420455 0.443182 0.465909 0.488636 0.511364 0.534091 0.556818 0.579545 0.602273 0.625000 0.647727 0.670455 0.693182 0.715909 0.738636 0.761364 0.784091 0.806818 0.829545 0.852273 0.875000 0.897727 0.920455 0.943182 0.965909 0.988636 
0 0.1483060 0.5061640 0.9610530 0.4855550 0.9625870 0.5097920 0.1498410 0.530400
влялъ отчетъ для отца въ полученныхъ суммахъ.
0.011111 0.033333 0.055556 0.077778 0.100000 0.122222 0.144444 0.166667 0.188889 0.211111 0.233333 0.255556 0.277778 0.300000 0.322222 0.344444 0.366667 0.388889 0.411111 0.433333 0.455556 0.477778 0.500000 0.522222 0.544444 0.566667 0.588889 0.611111 0.633333 0.655556 0.677778 0.700000 0.722222 0.744444 0.766667 0.788889 0.811111 0.833333 0.855556 0.877778 0.900000 0.922222 0.944444 0.966667 0.988889 
0 0.1530830 0.5426080 0.9478610 0.5208030 0.9494250 0.5436390 0.1546470 0.565444
Вечеромъ писалъ письмо къ Дмоховскому о заказѣ для
0.010000 0.030000 0.050000 0.070000 0.090000 0.110000 0.130000 0.150000 0.170000 0.190000 0.210000 0.230000 0.250000 0.270000 0.290000 0.310000 0.330000 0.350000 0.370000 0.390000 0.410000 0.430000 0.450000 0.470000 0.490000 0.510000 0.530000 0.550000 0.570000 0.590000 0.610000 0.630000 0.650000 0.670000 0.690000 0.710000 0.730000 0.750000 0.770000 0.790000 0.810000 0.830000 0.850000 0.870000 0.890000 0.910000 0.930000 0.950000 0.970000 0.990000 
0 0.1530990 0.5776230 0.7630820 0.5610390 0.7646660 0.5843760 0.1546830 0.600960
желѣзной дороги подкладокъ и болтовъ.
0.013514 0.040541 0.067568 0.094595 0.121622 0.148649 0.175676 0.202703 0.229730 0.256757 0.283784 0.310811 0.337838 0.364865 0.391892 0.418919 0.445946 0.472973 0.500000 0.527027 0.554054 0.581081 0.608108 0.635135 0.662162 0.689189 0.716216 0.743243 0.770270 0.797297 0.824324 0.851351 0.878378 0.905405 0.932432 0.959459 0.986486 
0 0.1598900 0.6203720 0.8973770 0.5915760 0.8999860 0.6183370 0.1624980 0.647133
19-е. Холодъ. — 4°. тепла. Ветеръ сѣверный —
0.011364 0.034091 0.056818 0.079545 0.102273 0.125000 0.147727 0.170455 0.193182 0.215909 0.238636 0.261364 0.284091 0.306818 0.329545 0.352273 0.375000 0.397727 0.420455 0.443182 0.465909 0.488636 0.511364 0.534091 0.556818 0.579545 0.602273 0.625000 0.647727 0.670455 0.693182 0.715909 0.738636 0.761364 0.784091 0.806818 0.829545 0.852273 0.875000 0.897727 0.920455 0.943182 0.965909 0.988636 
0 0.1741610 0.6519000 0.9827960 0.6338210 0.9841530 0.6581320 0.1755180 0.676211
Представилъ отцу отчетъ въ особыхъ суммахъ —
0.011364 0.034091 0.056818 0.079545 0.102273 0.125000 0.147727 0.170455 0.193182 0.215909 0.238636 0.261364 0.284091 0.306818 0.329545 0.352273 0.375000 0.397727 0.420455 0.443182 0.465909 0.488636 0.511364 0.534091 0.556818 0.579545 0.602273 0.625000 0.647727 0.670455 0.693182 0.715909 0.738636 0.761364 0.784091 0.806818 0.829545 0.852273 0.875000 0.897727 0.920455 0.943182 0.965909 0.988636 
0 0.1705260 0.6860950 0.9118110 0.6666570 0.9134100 0.6910750 0.1721250 0.710513
извѣстіе о прорывѣ Ижевской плотины.
0.013889 0.041667 0.069444 0.097222 0.125000 0.152778 0.180556 0.208333 0.236111 0.263889 0.291667 0.319444 0.347222 0.375000 0.402778 0.430556 0.458333 0.486111 0.513889 0.541667 0.569444 0.597222 0.625000 0.652778 0.680556 0.708333 0.736111 0.763889 0.791667 0.819444 0.847222 0.875000 0.902778 0.930556 0.958333 0.986111 
0 0.1668490 0.7170660 0.9652250 0.6979560 0.9667650 0.7237250 0.1683890 0.742836
Разговоръ о предположеніи о семъ съ отцомъ.
0.011628 0.034884 0.058140 0.081395 0.104651 0.127907 0.151163 0.174419 0.197674 0.220930 0.244186 0.267442 0.290698 0.313953 0.337209 0.360465 0.383721 0.406977 0.430233 0.453488 0.476744 0.500000 0.523256 0.546512 0.569767 0.593023 0.616279 0.639535 0.662791 0.686047 0.709302 0.732558 0.755814 0.779070 0.802326 0.825581 0.848837 0.872093 0.895349 0.918605 0.941860 0.965116 0.988372 
0 0.1656790 0.7525170 0.9328700 0.7341250 0.9343720 0.7592230 0.1671810 0.777615
21. Ѣздилъ на Ставецъ по заказу на
0.014706 0.044118 0.073529 0.102941 0.132353 0.161765 0.191176 0.220588 0.250000 0.279412 0.308824 0.338235 0.367647 0.397059 0.426471 0.455882 0.485294 0.514706 0.544118 0.573529 0.602941 0.632353 0.661765 0.691176 0.720588 0.750000 0.779412 0.808824 0.838235 0.867647 0.897059 0.926471 0.955882 0.985294 
0 0.1639790 0.7932190 0.6953770 0.7800850 0.6968310 0.8036420 0.1654330 0.816776
Варшавскую дорогу. — Холодно.
0.017241 0.051724 0.086207 0.120690 0.155172 0.189655 0.224138 0.258621 0.293103 0.327586 0.362069 0.396552 0.431034 0.465517 0.500000 0.534483 0.568966 0.603448 0.637931 0.672414 0.706897 0.741379 0.775862 0.810345 0.844828 0.879310 0.913793 0.948276 0.982759 
0 0.1665110 0.8291950 0.9451560 0.8142150 0.9463200 0.8384500 0.1676750 0.853430
22-е. 23-е Выѣздъ съ Выксы. Отъ пристани до
0.011628 0.034884 0.058140 0.081395 0.104651 0.127907 0.151163 0.174419 0.197674 0.220930 0.244186 0.267442 0.290698 0.313953 0.337209 0.360465 0.383721 0.406977 0.430233 0.453488 0.476744 0.500000 0.523256 0.546512 0.569767 0.593023 0.616279 0.639535 0.662791 0.686047 0.709302 0.732558 0.755814 0.779070 0.802326 0.825581 0.848837 0.872093 0.895349 0.918605 0.941860 0.965116 0.988372 
0 0.1608220 0.8673750 0.7438990 0.8590470 0.7446770 0.8808620 0.1616000 0.889190
Мурома ѣхалъ въ лодкѣ 2 часа.
0.017241 0.051724 0.086207 0.120690 0.155172 0.189655 0.224138 0.258621 0.293103 0.327586 0.362069 0.396552 0.431034 0.465517 0.500000 0.534483 0.568966 0.603448 0.637931 0.672414 0.706897 0.741379 0.775862 0.810345 0.844828 0.879310 0.913793 0.948276 0.982759 
0 0.1709350 0.8990000 0.9819690 0.8984690 0.9820140 0.9260830 0.1709810 0.926614
23. Вечеромъ въ 10-ть часовъ пріѣхалъ въ Москву.
0.010417 0.031250 0.052083 0.072917 0.093750 0.114583 0.135417 0.156250 0.177083 0.197917 0.218750 0.239583 0.260417 0.281250 0.302083 0.322917 0.343750 0.364583 0.385417 0.406250 0.427083 0.447917 0.468750 0.489583 0.510417 0.531250 0.552083 0.572917 0.593750 0.614583 0.635417 0.656250 0.677083 0.697917 0.718750 0.739583 0.760417 0.781250 0.802083 0.822917 0.843750 0.864583 0.885417 0.906250 0.927083 0.947917 0.968750 0.989583 
