0 0.0847620 0.0268690 0.3165530 0.0292490 0.3160010 0.0508440 0.0842100 0.048464
1855. Ноябрь.
0.038462 0.115385 0.192308 0.269231 0.346154 0.423077 0.500000 0.576923 0.653846 0.730769 0.807692 0.884615 0.961538 
0 0.1290820 0.0707560 0.2907130 0.0720560 0.2902810 0.0936690 0.1286500 0.092368
и споры
0.071429 0.214286 0.357143 0.500000 0.642857 0.785714 0.928571 
0 0.1321360 0.1004120 0.9598020 0.1138400 0.9588630 0.1371060 0.1311970 0.123678
начались немедленно, — не мнѣ а другому можно
0.011111 0.033333 0.055556 0.077778 0.100000 0.122222 0.144444 0.166667 0.188889 0.211111 0.233333 0.255556 0.277778 0.300000 0.322222 0.344444 0.366667 0.388889 0.411111 0.433333 0.455556 0.477778 0.500000 0.522222 0.544444 0.566667 0.588889 0.611111 0.633333 0.655556 0.677778 0.700000 0.722222 0.744444 0.766667 0.788889 0.811111 0.833333 0.855556 0.877778 0.900000 0.922222 0.944444 0.966667 0.988889 
0 0.1375840 0.1316060 0.9688130 0.1453530 0.9677490 0.1712090 0.1365210 0.157462
бы видѣть — что это была та переломная
0.013158 0.039474 0.065789 0.092105 0.118421 0.144737 0.171053 0.197368 0.223684 0.250000 0.276316 0.302632 0.328947 0.355263 0.381579 0.407895 0.434211 0.460526 0.486842 0.513158 0.539474 0.565789 0.592105 0.618421 0.644737 0.671053 0.697368 0.723684 0.750000 0.776316 0.802632 0.828947 0.855263 0.881579 0.907895 0.934211 0.960526 0.986842 
0 0.1330680 0.1639860 0.9633860 0.1792630 0.9623120 0.2027210 0.1319940 0.187444
минута за которой пр идетъ или успѣхъ или
0.012195 0.036585 0.060976 0.085366 0.109756 0.134146 0.158537 0.182927 0.207317 0.231707 0.256098 0.280488 0.304878 0.329268 0.353659 0.378049 0.402439 0.426829 0.451220 0.475610 0.500000 0.524390 0.548780 0.573171 0.597561 0.621951 0.646341 0.670732 0.695122 0.719512 0.743902 0.768293 0.792683 0.817073 0.841463 0.865854 0.890244 0.914634 0.939024 0.963415 0.987805 
0 0.1393140 0.1987960 0.9767310 0.2147140 0.9756110 0.2384010 0.1381940 0.222483
паденіе — интрига завязалась — публика стояла
0.011111 0.033333 0.055556 0.077778 0.100000 0.122222 0.144444 0.166667 0.188889 0.211111 0.233333 0.255556 0.277778 0.300000 0.322222 0.344444 0.366667 0.388889 0.411111 0.433333 0.455556 0.477778 0.500000 0.522222 0.544444 0.566667 0.588889 0.611111 0.633333 0.655556 0.677778 0.700000 0.722222 0.744444 0.766667 0.788889 0.811111 0.833333 0.855556 0.877778 0.900000 0.922222 0.944444 0.966667 0.988889 
0 0.1383210 0.2371980 0.9571120 0.2494550 0.9562230 0.2733230 0.1374320 0.261066
сама предъ собою вопросительнымъ знакомъ,
0.012195 0.036585 0.060976 0.085366 0.109756 0.134146 0.158537 0.182927 0.207317 0.231707 0.256098 0.280488 0.304878 0.329268 0.353659 0.378049 0.402439 0.426829 0.451220 0.475610 0.500000 0.524390 0.548780 0.573171 0.597561 0.621951 0.646341 0.670732 0.695122 0.719512 0.743902 0.768293 0.792683 0.817073 0.841463 0.865854 0.890244 0.914634 0.939024 0.963415 0.987805 
0 0.2891950 0.2588240 0.3655700 0.2581740 0.3660260 0.2797280 0.2896510 0.280377
еще
0.166667 0.500000 0.833333 
0 0.1416790 0.2746440 0.9702730 0.2848820 0.9696100 0.3064480 0.1410160 0.296210
который не есть знакъ восклицанія. Музыка
0.012195 0.036585 0.060976 0.085366 0.109756 0.134146 0.158537 0.182927 0.207317 0.231707 0.256098 0.280488 0.304878 0.329268 0.353659 0.378049 0.402439 0.426829 0.451220 0.475610 0.500000 0.524390 0.548780 0.573171 0.597561 0.621951 0.646341 0.670732 0.695122 0.719512 0.743902 0.768293 0.792683 0.817073 0.841463 0.865854 0.890244 0.914634 0.939024 0.963415 0.987805 
0 0.1463860 0.3117910 0.9705350 0.3277040 0.9694990 0.3492610 0.1453500 0.333348
заиграла зашумѣлъ занавѣсъ третій актъ.... ..
0.011111 0.033333 0.055556 0.077778 0.100000 0.122222 0.144444 0.166667 0.188889 0.211111 0.233333 0.255556 0.277778 0.300000 0.322222 0.344444 0.366667 0.388889 0.411111 0.433333 0.455556 0.477778 0.500000 0.522222 0.544444 0.566667 0.588889 0.611111 0.633333 0.655556 0.677778 0.700000 0.722222 0.744444 0.766667 0.788889 0.811111 0.833333 0.855556 0.877778 0.900000 0.922222 0.944444 0.966667 0.988889 
0 0.1434150 0.3480320 0.9666680 0.3565060 0.9660830 0.3793380 0.1428300 0.370864
Сцена Расплюева съ Ѳедоромъ двинула публику;
0.011364 0.034091 0.056818 0.079545 0.102273 0.125000 0.147727 0.170455 0.193182 0.215909 0.238636 0.261364 0.284091 0.306818 0.329545 0.352273 0.375000 0.397727 0.420455 0.443182 0.465909 0.488636 0.511364 0.534091 0.556818 0.579545 0.602273 0.625000 0.647727 0.670455 0.693182 0.715909 0.738636 0.761364 0.784091 0.806818 0.829545 0.852273 0.875000 0.897727 0.920455 0.943182 0.965909 0.988636 
0 0.1451050 0.3880840 0.9399410 0.3938860 0.9394870 0.4188960 0.1446510 0.413094
Сцена Расплюева съ Муромскимъ разразилась
0.012195 0.036585 0.060976 0.085366 0.109756 0.134146 0.158537 0.182927 0.207317 0.231707 0.256098 0.280488 0.304878 0.329268 0.353659 0.378049 0.402439 0.426829 0.451220 0.475610 0.500000 0.524390 0.548780 0.573171 0.597561 0.621951 0.646341 0.670732 0.695122 0.719512 0.743902 0.768293 0.792683 0.817073 0.841463 0.865854 0.890244 0.914634 0.939024 0.963415 0.987805 
0 0.1504050 0.4294620 0.8910780 0.4346480 0.8906570 0.4588580 0.1499840 0.453672
страшнымъ, могучимъ залпомъ хохота —
0.013889 0.041667 0.069444 0.097222 0.125000 0.152778 0.180556 0.208333 0.236111 0.263889 0.291667 0.319444 0.347222 0.375000 0.402778 0.430556 0.458333 0.486111 0.513889 0.541667 0.569444 0.597222 0.625000 0.652778 0.680556 0.708333 0.736111 0.763889 0.791667 0.819444 0.847222 0.875000 0.902778 0.930556 0.958333 0.986111 
0 0.1600080 0.4727990 0.9690670 0.4755590 0.9688650 0.4993490 0.1598060 0.496589
въ глубокомъ молчаніи прерываемомъ едва
0.012821 0.038462 0.064103 0.089744 0.115385 0.141026 0.166667 0.192308 0.217949 0.243590 0.269231 0.294872 0.320513 0.346154 0.371795 0.397436 0.423077 0.448718 0.474359 0.500000 0.525641 0.551282 0.576923 0.602564 0.628205 0.653846 0.679487 0.705128 0.730769 0.756410 0.782051 0.807692 0.833333 0.858974 0.884615 0.910256 0.935897 0.961538 0.987179 
0 0.1619390 0.5117000 0.9461290 0.5179710 0.9457000 0.5395490 0.1615100 0.533277
сдерживаемыми рукоплесканіями сошелъ
0.013889 0.041667 0.069444 0.097222 0.125000 0.152778 0.180556 0.208333 0.236111 0.263889 0.291667 0.319444 0.347222 0.375000 0.402778 0.430556 0.458333 0.486111 0.513889 0.541667 0.569444 0.597222 0.625000 0.652778 0.680556 0.708333 0.736111 0.763889 0.791667 0.819444 0.847222 0.875000 0.902778 0.930556 0.958333 0.986111 
0 0.1644950 0.5511080 0.9442450 0.5551270 0.9439690 0.5767160 0.1642180 0.572698
конецъ третьяго акта, я надѣлъ шубу —
0.013514 0.040541 0.067568 0.094595 0.121622 0.148649 0.175676 0.202703 0.229730 0.256757 0.283784 0.310811 0.337838 0.364865 0.391892 0.418919 0.445946 0.472973 0.500000 0.527027 0.554054 0.581081 0.608108 0.635135 0.662162 0.689189 0.716216 0.743243 0.770270 0.797297 0.824324 0.851351 0.878378 0.905405 0.932432 0.959459 0.986486 
0 0.1653360 0.5880230 0.9744000 0.5907510 0.9741940 0.6153120 0.1651300 0.612583
взялъ шляпу — послѣдняя минута наступила.
0.012195 0.036585 0.060976 0.085366 0.109756 0.134146 0.158537 0.182927 0.207317 0.231707 0.256098 0.280488 0.304878 0.329268 0.353659 0.378049 0.402439 0.426829 0.451220 0.475610 0.500000 0.524390 0.548780 0.573171 0.597561 0.621951 0.646341 0.670732 0.695122 0.719512 0.743902 0.768293 0.792683 0.817073 0.841463 0.865854 0.890244 0.914634 0.939024 0.963415 0.987805 
0 0.1689470 0.6279240 0.9238300 0.6314580 0.9235520 0.6553670 0.1686690 0.651833
Кудрявцевъ бывшій въ ложѣ обернулся ко
0.013158 0.039474 0.065789 0.092105 0.118421 0.144737 0.171053 0.197368 0.223684 0.250000 0.276316 0.302632 0.328947 0.355263 0.381579 0.407895 0.434211 0.460526 0.486842 0.513158 0.539474 0.565789 0.592105 0.618421 0.644737 0.671053 0.697368 0.723684 0.750000 0.776316 0.802632 0.828947 0.855263 0.881579 0.907895 0.934211 0.960526 0.986842 
0 0.1585430 0.6660610 0.9578530 0.6742670 0.9572140 0.6992850 0.1579040 0.691079
мнѣ блѣдный — сжалъ мою руку и сказалъ
0.013158 0.039474 0.065789 0.092105 0.118421 0.144737 0.171053 0.197368 0.223684 0.250000 0.276316 0.302632 0.328947 0.355263 0.381579 0.407895 0.434211 0.460526 0.486842 0.513158 0.539474 0.565789 0.592105 0.618421 0.644737 0.671053 0.697368 0.723684 0.750000 0.776316 0.802632 0.828947 0.855263 0.881579 0.907895 0.934211 0.960526 0.986842 
0 0.1652770 0.7087350 0.9219370 0.7105310 0.9218100 0.7321520 0.1651500 0.730356
Хорошо!! — Я ускользнулъ изъ ложи какъ
0.013158 0.039474 0.065789 0.092105 0.118421 0.144737 0.171053 0.197368 0.223684 0.250000 0.276316 0.302632 0.328947 0.355263 0.381579 0.407895 0.434211 0.460526 0.486842 0.513158 0.539474 0.565789 0.592105 0.618421 0.644737 0.671053 0.697368 0.723684 0.750000 0.776316 0.802632 0.828947 0.855263 0.881579 0.907895 0.934211 0.960526 0.986842 
0 0.1669700 0.7472600 0.9209670 0.7473920 0.9209570 0.7712490 0.1669600 0.771116
человѣкъ сдѣлавшій хорошій выстрѣлъ
0.014286 0.042857 0.071429 0.100000 0.128571 0.157143 0.185714 0.214286 0.242857 0.271429 0.300000 0.328571 0.357143 0.385714 0.414286 0.442857 0.471429 0.500000 0.528571 0.557143 0.585714 0.614286 0.642857 0.671429 0.700000 0.728571 0.757143 0.785714 0.814286 0.842857 0.871429 0.900000 0.928571 0.957143 0.985714 
0 0.1779100 0.7825320 0.9292400 0.7882390 0.9288320 0.8098200 0.1775020 0.804113
и въ Корридорѣ услышалъ цѣлый громъ
0.014286 0.042857 0.071429 0.100000 0.128571 0.157143 0.185714 0.214286 0.242857 0.271429 0.300000 0.328571 0.357143 0.385714 0.414286 0.442857 0.471429 0.500000 0.528571 0.557143 0.585714 0.614286 0.642857 0.671429 0.700000 0.728571 0.757143 0.785714 0.814286 0.842857 0.871429 0.900000 0.928571 0.957143 0.985714 
0 0.1676250 0.8233790 0.9561460 0.8344560 0.9552710 0.8594880 0.1667510 0.848410
рукоплесканій — Я прижалъ ближе къ груди
0.012500 0.037500 0.062500 0.087500 0.112500 0.137500 0.162500 0.187500 0.212500 0.237500 0.262500 0.287500 0.312500 0.337500 0.362500 0.387500 0.412500 0.437500 0.462500 0.487500 0.512500 0.537500 0.562500 0.587500 0.612500 0.637500 0.662500 0.687500 0.712500 0.737500 0.762500 0.787500 0.812500 0.837500 0.862500 0.887500 0.912500 0.937500 0.962500 0.987500 
0 0.1721490 0.8717980 0.9253140 0.8857850 0.9242250 0.9093480 0.1710610 0.895362
портретъ Луизы — и махнулъ рукою на
0.014286 0.042857 0.071429 0.100000 0.128571 0.157143 0.185714 0.214286 0.242857 0.271429 0.300000 0.328571 0.357143 0.385714 0.414286 0.442857 0.471429 0.500000 0.528571 0.557143 0.585714 0.614286 0.642857 0.671429 0.700000 0.728571 0.757143 0.785714 0.814286 0.842857 0.871429 0.900000 0.928571 0.957143 0.985714 
0 0.1682920 0.9164800 0.7189090 0.9228300 0.7182910 0.9443920 0.1676740 0.938042
рукоплесканія и публику. —
0.019231 0.057692 0.096154 0.134615 0.173077 0.211538 0.250000 0.288462 0.326923 0.365385 0.403846 0.442308 0.480769 0.519231 0.557692 0.596154 0.634615 0.673077 0.711538 0.750000 0.788462 0.826923 0.865385 0.903846 0.942308 0.980769 
