0 0.4332930 0.0493890 0.6925240 0.0510880 0.6921800 0.0723350 0.4329490 0.070636
1856. Іюль.
04 июл 1856
0 0.2127390 0.0665570 0.3902860 0.0654240 0.3906220 0.0867350 0.2130750 0.087868
6 Іюля
06 июл 1856
0 0.1559380 0.1083980 0.6874640 0.1137850 0.6869040 0.1361170 0.1553780 0.130730
Изъ Коноплянки свекла лучшая
06 июл 1856
0 0.0583280 0.1422110 0.2694420 0.1430060 0.2692430 0.1643960 0.0581290 0.163601
послѣ дождей
06 июл 1856
0 0.3713240 0.1541270 0.5790840 0.1552130 0.5788090 0.1765150 0.3710490 0.175428
Лишь длин
06 июл 1856
0 0.6393300 0.1527340 0.7042310 0.1527620 0.7042090 0.1739720 0.6393070 0.173944
19''
06 июл 1856
0 0.0864130 0.1833130 0.4997080 0.1902530 0.4987750 0.2127360 0.0854790 0.205796
4-го и 5-го числа толкутъ
05 июл 1856
0 0.6576520 0.1853980 0.7173290 0.1837040 0.7188170 0.2049210 0.6591400 0.206614
13''.
05 июл 1856
0 0.6738700 0.1973400 0.6951290 0.1970510 0.6958430 0.2182440 0.6745840 0.218534
4
05 июл 1856
0 0.7093700 0.0614620 0.8794720 0.0627310 0.8790380 0.0862140 0.7089370 0.084945
т.р. +21°.
05 июл 1856
0 0.7124990 0.0994870 0.9280900 0.0977870 0.9285040 0.1190340 0.7129130 0.120734
вечеромъ +19°.
05 июл 1856
0 0.7090790 0.1376880 0.9358590 0.1355120 0.9363630 0.1567540 0.7095820 0.158930
ночью +13°
05 июл 1856
0 0.0583870 0.1958870 0.1793380 0.1895390 0.1825290 0.2141430 0.0615790 0.220491
21. Калуга
21 июл 1856
0 0.0630280 0.2133720 0.1838770 0.2121360 0.1844140 0.2333830 0.0635650 0.234618
22 Расва
22 июл 1856
0 0.0617450 0.2382260 0.2046010 0.2389890 0.2043200 0.2602480 0.0614640 0.259484
23. Калуга
23 июл 1856
0 0.0552870 0.2651320 0.1779960 0.2617190 0.1794550 0.2829340 0.0567460 0.286348
24. Воскрес.
24 июл 1856
0 0.0573750 0.2916860 0.1912770 0.2887690 0.1924200 0.3099950 0.0585180 0.312912
25. Пріѣздъ въ
25 июл 1856
0 0.1055770 0.3111370 0.2185910 0.3089330 0.2196140 0.3301640 0.1066000 0.332367
Воск Москвы
25 июл 1856
0 0.2230030 0.2161720 0.4046480 0.2195570 0.4036710 0.2407870 0.2220250 0.237402
26. Москва.
26 июл 1856
0 0.2236080 0.2389440 0.4250250 0.2399350 0.4247670 0.2611910 0.2233500 0.260199
27. Москва —
27 июл 1856
0 0.2280600 0.2651010 0.4126900 0.2621990 0.4135150 0.2834340 0.2288850 0.286337
28 у Закрѣв. —
28 июл 1856
0 0.2270170 0.2899550 0.4213470 0.2911820 0.4210160 0.3124330 0.2266860 0.311206
29. Говѣлъ —
29 июл 1856
0 0.2411440 0.3110720 0.4824720 0.3122940 0.4822060 0.3335470 0.2408780 0.332325
30 Хлопоты по отъѣзду
30 июл 1856
0 0.2972660 0.3260140 0.4252020 0.3272500 0.4246950 0.3484980 0.2967590 0.347262
у Татищева
30 июл 1856
0 0.5778730 0.2419540 0.6402590 0.2147790 0.6595630 0.2327080 0.5971760 0.259883
#
30 июл 1856
0 0.6115050 0.2522070 0.6493740 0.2364870 0.6679680 0.2546090 0.6300990 0.270329
#
30 июл 1856
0 0.6281570 0.2729920 0.6634350 0.2531260 0.6862230 0.2694980 0.6509460 0.289364
#
30 июл 1856
0 0.7428790 0.2944320 0.8602260 0.2847000 0.8647030 0.3065430 0.7473570 0.316274
1852-мъ году.
30 июл 1856
0 0.7395680 0.3251640 0.7940180 0.3234070 0.7957090 0.3446150 0.7412600 0.346372
т: е:
30 июл 1856
0 0.2532130 0.3490690 0.4807540 0.3443610 0.4818620 0.3660240 0.2543210 0.370732
1. Въ Воскресенье.
01 июл 1856
0 0.2594840 0.3644580 0.5806330 0.3666260 0.5802780 0.3878710 0.2591300 0.385703
2. Въ Понедельникъ, у Закрѣв.
02 июл 1856
0 0.2453680 0.3794500 0.4270170 0.3827770 0.4260520 0.4040750 0.2444040 0.400748
3. Выѣздъ —
03 июл 1856
0 0.2440680 0.4112720 0.7024620 0.4172690 0.7016600 0.4420690 0.2432660 0.436073
4 Пріѣхалъ въ Алексѣев. Дождь Ванна 1-я
04 июл 1856
0 0.2286010 0.4529130 0.8771460 0.4635340 0.8761400 0.4883880 0.2275950 0.477767
5. Алексѣевское — дождь. Мыльная Ванна 1-я
05 июл 1856
0 0.2280750 0.4911550 0.9431060 0.4944990 0.9428610 0.5157410 0.2278290 0.512397
6. На свеклѣ. Афремовъ — чудная прогулка. Ванна 2-я Лице
06 июл 1856
0 0.6804090 0.5155790 0.9351610 0.5211060 0.9340230 0.5423310 0.6792710 0.536804
справляется. Pf. днемъ
06 июл 1856
0 0.6739630 0.5412510 0.7862330 0.5400120 0.7868130 0.5612560 0.6745430 0.562496
хорошо. —
06 июл 1856
0 0.2299200 0.5455020 0.6353660 0.5431700 0.6356720 0.5646770 0.2302260 0.567010
7 у Зыбиныхъ — простудился.
07 июл 1856
0 0.2312910 0.5740860 0.2749320 0.5741260 0.2748840 0.5953250 0.2312430 0.595284
8
08 июл 1856
0 0.2327180 0.6009320 0.4180890 0.5989700 0.4186590 0.6207580 0.2332880 0.622720
9} не здоровъ —
09 июл 1856
0 0.2342880 0.6278500 0.2734500 0.6275070 0.2739090 0.6487390 0.2347470 0.649082
10
10 июл 1856
0 0.3863280 0.6265330 0.5504320 0.6211530 0.5521510 0.6423620 0.3880460 0.647742
у Михелей
10 июл 1856
0 0.5907870 0.6197470 0.6280440 0.6166890 0.6323180 0.6377570 0.5950610 0.640815
<s>В</s>
10 июл 1856
0 0.2383530 0.6546960 0.9369310 0.6425770 0.9379670 0.6667330 0.2393890 0.678852
11. Утромъ <s>всталъ рано</s>. Ѣздилъ верхомъ ванна 1-я аромат.
11 июл 1856
0 0.2478440 0.6919600 0.9256540 0.6762380 0.9270960 0.7013850 0.2492860 0.717107
12. Утромъ <s>пол</s>. Poll. abandon — какъ-то смутно
12 июл 1856
0 0.2541750 0.7239370 0.8666310 0.7143980 0.8674480 0.7356310 0.2549920 0.745169
здоровымъ. <s>Занятія</s> Работы никакой. — Афремовъ
12 июл 1856
0 0.2492470 0.7588010 0.3790480 0.7578030 0.3794520 0.7790560 0.2496510 0.780054
вечеромъ.—.
12 июл 1856
0 0.2460420 0.7916620 0.8913330 0.7894830 0.8915320 0.8132770 0.2462400 0.815457
13. Всталъ въ 5 часовъ — сей часъ на работу
13 июл 1856
0 0.2339810 0.8254590 0.9124400 0.8270780 0.9122910 0.8522310 0.2338330 0.850612
и въ поле. На стройкѣ незаладилась извѣстка и
13 июл 1856
0 0.2363000 0.8586300 0.9457450 0.8556140 0.9459870 0.8787050 0.2365420 0.881722
кладка. Въ полѣ на Островѣ въ 2-й разъ продер-
13 июл 1856
0 0.2398960 0.8894420 0.9389000 0.8904000 0.9388080 0.9172740 0.2398050 0.916315
гиваютъ свекловицу — и за симъ тотчасъ распахива-
13 июл 1856
0 0.2358550 0.9225110 0.8915830 0.9243470 0.8914170 0.9483780 0.2356890 0.946542
ютъ. <s>/</s> На ходу и воротясь чувствовалъ себя крайне
13 июл 1856
0 0.2366290 0.9600050 0.3742620 0.9578070 0.3751000 0.9790400 0.2374680 0.981239
легко.—.
13 июл 1856
