0 0.0624350 0.0398060 0.2988410 0.0363980 0.2996210 0.0579500 0.0632150 0.061358
1855. Октяб.
0.041667 0.125000 0.208333 0.291667 0.375000 0.458333 0.541667 0.625000 0.708333 0.791667 0.875000 0.958333 
0 0.1162400 0.0689030 0.9549070 0.0651710 0.9552140 0.0927430 0.1165470 0.096475
15. Октября. Всталъ свѣжо — въ первый разъ — давно
0.010000 0.030000 0.050000 0.070000 0.090000 0.110000 0.130000 0.150000 0.170000 0.190000 0.210000 0.230000 0.250000 0.270000 0.290000 0.310000 0.330000 0.350000 0.370000 0.390000 0.410000 0.430000 0.450000 0.470000 0.490000 0.510000 0.530000 0.550000 0.570000 0.590000 0.610000 0.630000 0.650000 0.670000 0.690000 0.710000 0.730000 0.750000 0.770000 0.790000 0.810000 0.830000 0.850000 0.870000 0.890000 0.910000 0.930000 0.950000 0.970000 0.990000 
0 0.1232150 0.1079710 0.9282280 0.1051460 0.9284490 0.1301480 0.1234360 0.132973
не было. Столярничалъ. Селъ за переводъ шелъ
0.011364 0.034091 0.056818 0.079545 0.102273 0.125000 0.147727 0.170455 0.193182 0.215909 0.238636 0.261364 0.284091 0.306818 0.329545 0.352273 0.375000 0.397727 0.420455 0.443182 0.465909 0.488636 0.511364 0.534091 0.556818 0.579545 0.602273 0.625000 0.647727 0.670455 0.693182 0.715909 0.738636 0.761364 0.784091 0.806818 0.829545 0.852273 0.875000 0.897727 0.920455 0.943182 0.965909 0.988636 
0 0.1179320 0.1461370 0.9307040 0.1408320 0.9310790 0.1637290 0.1183070 0.169034
хорошо. Ходилъ пѣшкомъ на хуторъ. Ощущенія
0.011905 0.035714 0.059524 0.083333 0.107143 0.130952 0.154762 0.178571 0.202381 0.226190 0.250000 0.273810 0.297619 0.321429 0.345238 0.369048 0.392857 0.416667 0.440476 0.464286 0.488095 0.511905 0.535714 0.559524 0.583333 0.607143 0.630952 0.654762 0.678571 0.702381 0.726190 0.750000 0.773810 0.797619 0.821429 0.845238 0.869048 0.892857 0.916667 0.940476 0.964286 0.988095 
0 0.1221790 0.1826170 0.9487390 0.1759150 0.9492160 0.1993550 0.1226560 0.206057
силы нѣтъ, но и усталости никакой не чувствую.
0.010870 0.032609 0.054348 0.076087 0.097826 0.119565 0.141304 0.163043 0.184783 0.206522 0.228261 0.250000 0.271739 0.293478 0.315217 0.336957 0.358696 0.380435 0.402174 0.423913 0.445652 0.467391 0.489130 0.510870 0.532609 0.554348 0.576087 0.597826 0.619565 0.641304 0.663043 0.684783 0.706522 0.728261 0.750000 0.771739 0.793478 0.815217 0.836957 0.858696 0.880435 0.902174 0.923913 0.945652 0.967391 0.989130 
0 0.1375290 0.2211720 0.3868770 0.2177680 0.3876160 0.2393290 0.1382680 0.242733
О картофелѣ.
0.041667 0.125000 0.208333 0.291667 0.375000 0.458333 0.541667 0.625000 0.708333 0.791667 0.875000 0.958333 
0 0.2084370 0.2423940 0.4042900 0.2405310 0.4048040 0.2620760 0.2089510 0.263939
Въ уборкѣ
0.055556 0.166667 0.277778 0.388889 0.500000 0.611111 0.722222 0.833333 0.944444 
0 0.4520500 0.2403110 0.6349600 0.2358480 0.6363440 0.2584560 0.4534340 0.262919
8883 чет.
0.055556 0.166667 0.277778 0.388889 0.500000 0.611111 0.722222 0.833333 0.944444 
0 0.1974010 0.2719010 0.3656460 0.2710880 0.3659070 0.2926280 0.1976620 0.293441
На сѣмена
0.055556 0.166667 0.277778 0.388889 0.500000 0.611111 0.722222 0.833333 0.944444 
0 0.4538980 0.2707760 0.5660530 0.2684060 0.5671950 0.2899460 0.4550400 0.292315
1900.
0.100000 0.300000 0.500000 0.700000 0.900000 
0 0.2435450 0.3050650 0.3850400 0.3027240 0.3859350 0.3242830 0.2444400 0.326624
Въ терку
0.062500 0.187500 0.312500 0.437500 0.562500 0.687500 0.812500 0.937500 
0 0.4465280 0.3038100 0.5975160 0.3055890 0.5968780 0.3271690 0.4458900 0.325390
6983. —
0.071429 0.214286 0.357143 0.500000 0.642857 0.785714 0.928571 
0 0.1603160 0.3368520 0.9195840 0.3334860 0.9198520 0.3575350 0.1605840 0.360901
Прибавилъ подборку — въ терку до 7.000. четвер.
0.010638 0.031915 0.053191 0.074468 0.095745 0.117021 0.138298 0.159574 0.180851 0.202128 0.223404 0.244681 0.265957 0.287234 0.308511 0.329787 0.351064 0.372340 0.393617 0.414894 0.436170 0.457447 0.478723 0.500000 0.521277 0.542553 0.563830 0.585106 0.606383 0.627660 0.648936 0.670213 0.691489 0.712766 0.734043 0.755319 0.776596 0.797872 0.819149 0.840426 0.861702 0.882979 0.904255 0.925532 0.946809 0.968085 0.989362 
0 0.3070520 0.3720100 0.5762480 0.3712370 0.5764030 0.3927790 0.3072070 0.393552
Протерто на 12-е
0.031250 0.093750 0.156250 0.218750 0.281250 0.343750 0.406250 0.468750 0.531250 0.593750 0.656250 0.718750 0.781250 0.843750 0.906250 0.968750 
0 0.6255390 0.3711660 0.7152720 0.3711660 0.7152720 0.3921660 0.6255390 0.392166
1622.
0.100000 0.300000 0.500000 0.700000 0.900000 
0 0.2912400 0.4063520 0.4655250 0.4045700 0.4660780 0.4261520 0.2917940 0.427934
13-го 14-го и 15-го.
0.025000 0.075000 0.125000 0.175000 0.225000 0.275000 0.325000 0.375000 0.425000 0.475000 0.525000 0.575000 0.625000 0.675000 0.725000 0.775000 0.825000 0.875000 0.925000 0.975000 
0 0.6385520 0.3966050 0.7015260 0.3952950 0.7026520 0.4168390 0.6396780 0.418150
450.
0.125000 0.375000 0.625000 0.875000 
0 0.1583920 0.4373850 0.5682260 0.4334680 0.5687430 0.4550320 0.1589090 0.458949
осталось до 5000 четвер.
0.020833 0.062500 0.104167 0.145833 0.187500 0.229167 0.270833 0.312500 0.354167 0.395833 0.437500 0.479167 0.520833 0.562500 0.604167 0.645833 0.687500 0.729167 0.770833 0.812500 0.854167 0.895833 0.937500 0.979167 
0 0.6077970 0.4194510 0.7078780 0.4181760 0.7085680 0.4397540 0.6084870 0.441029
2072.
0.100000 0.300000 0.500000 0.700000 0.900000 
0 0.0926390 0.4662710 0.3687340 0.4623280 0.3695060 0.4838820 0.0934110 0.487824
См 16-е и 17-е прежде.
0.022727 0.068182 0.113636 0.159091 0.204545 0.250000 0.295455 0.340909 0.386364 0.431818 0.477273 0.522727 0.568182 0.613636 0.659091 0.704545 0.750000 0.795455 0.840909 0.886364 0.931818 0.977273 
0 0.1507570 0.4920810 0.9271450 0.4694240 0.9289170 0.4936250 0.1525290 0.516282
18-е. У меня обѣдали гости Афремовы, Зыбинъ и
0.011111 0.033333 0.055556 0.077778 0.100000 0.122222 0.144444 0.166667 0.188889 0.211111 0.233333 0.255556 0.277778 0.300000 0.322222 0.344444 0.366667 0.388889 0.411111 0.433333 0.455556 0.477778 0.500000 0.522222 0.544444 0.566667 0.588889 0.611111 0.633333 0.655556 0.677778 0.700000 0.722222 0.744444 0.766667 0.788889 0.811111 0.833333 0.855556 0.877778 0.900000 0.922222 0.944444 0.966667 0.988889 
0 0.1457750 0.5228400 0.9454560 0.5040170 0.9468600 0.5277820 0.1471790 0.546605
Карцевъ —. Открытіе бутеноповской молотилки,
0.011364 0.034091 0.056818 0.079545 0.102273 0.125000 0.147727 0.170455 0.193182 0.215909 0.238636 0.261364 0.284091 0.306818 0.329545 0.352273 0.375000 0.397727 0.420455 0.443182 0.465909 0.488636 0.511364 0.534091 0.556818 0.579545 0.602273 0.625000 0.647727 0.670455 0.693182 0.715909 0.738636 0.761364 0.784091 0.806818 0.829545 0.852273 0.875000 0.897727 0.920455 0.943182 0.965909 0.988636 
0 0.1474380 0.5546840 0.9463940 0.5392560 0.9476620 0.5654210 0.1487060 0.580849
потомъ обѣдъ — вчер вечеромъ разговоръ о разныхъ
0.010417 0.031250 0.052083 0.072917 0.093750 0.114583 0.135417 0.156250 0.177083 0.197917 0.218750 0.239583 0.260417 0.281250 0.302083 0.322917 0.343750 0.364583 0.385417 0.406250 0.427083 0.447917 0.468750 0.489583 0.510417 0.531250 0.552083 0.572917 0.593750 0.614583 0.635417 0.656250 0.677083 0.697917 0.718750 0.739583 0.760417 0.781250 0.802083 0.822917 0.843750 0.864583 0.885417 0.906250 0.927083 0.947917 0.968750 0.989583 
0 0.1573390 0.5893610 0.5024600 0.5843390 0.5032470 0.6058900 0.1581260 0.610912
курьезныхъ дѣлахъ.
0.027778 0.083333 0.138889 0.194444 0.250000 0.305556 0.361111 0.416667 0.472222 0.527778 0.583333 0.638889 0.694444 0.750000 0.805556 0.861111 0.916667 0.972222 
0 0.1599930 0.6276630 0.9098160 0.6041900 0.9116630 0.6276960 0.1618400 0.651169
19-е. Всталъ пораньше. Столярничалъ — потомъ
0.011364 0.034091 0.056818 0.079545 0.102273 0.125000 0.147727 0.170455 0.193182 0.215909 0.238636 0.261364 0.284091 0.306818 0.329545 0.352273 0.375000 0.397727 0.420455 0.443182 0.465909 0.488636 0.511364 0.534091 0.556818 0.579545 0.602273 0.625000 0.647727 0.670455 0.693182 0.715909 0.738636 0.761364 0.784091 0.806818 0.829545 0.852273 0.875000 0.897727 0.920455 0.943182 0.965909 0.988636 
0 0.1506650 0.6550890 0.9298750 0.6358450 0.9314510 0.6612780 0.1522410 0.680521
занимался — День чудесный и ясный. Отправился
0.011111 0.033333 0.055556 0.077778 0.100000 0.122222 0.144444 0.166667 0.188889 0.211111 0.233333 0.255556 0.277778 0.300000 0.322222 0.344444 0.366667 0.388889 0.411111 0.433333 0.455556 0.477778 0.500000 0.522222 0.544444 0.566667 0.588889 0.611111 0.633333 0.655556 0.677778 0.700000 0.722222 0.744444 0.766667 0.788889 0.811111 0.833333 0.855556 0.877778 0.900000 0.922222 0.944444 0.966667 0.988889 
0 0.1466360 0.6864170 0.8954480 0.6697520 0.8968340 0.6945680 0.1480220 0.711233
во 2-ой логъ — мѣсто прекрасное — осматривалъ
0.011111 0.033333 0.055556 0.077778 0.100000 0.122222 0.144444 0.166667 0.188889 0.211111 0.233333 0.255556 0.277778 0.300000 0.322222 0.344444 0.366667 0.388889 0.411111 0.433333 0.455556 0.477778 0.500000 0.522222 0.544444 0.566667 0.588889 0.611111 0.633333 0.655556 0.677778 0.700000 0.722222 0.744444 0.766667 0.788889 0.811111 0.833333 0.855556 0.877778 0.900000 0.922222 0.944444 0.966667 0.988889 
0 0.1561690 0.7194800 0.9550190 0.7021160 0.9563240 0.7260400 0.1574740 0.743404
#
0.500000 
0 0.1572620 0.7500490 0.9527700 0.7368470 0.9536670 0.7583830 0.1581590 0.771586
#
0.500000 
0 0.1581180 0.7775400 0.9442290 0.7686690 0.9450420 0.7973730 0.1589310 0.806244
#
0.500000 
0 0.1553490 0.8122880 0.9526110 0.7992310 0.9536860 0.8253830 0.1564240 0.838440
#
0.500000 
0 0.1727320 0.8473540 0.9354760 0.8363840 0.9363920 0.8617730 0.1736490 0.872742
#
0.500000 
0 0.1729830 0.8837560 0.9512970 0.8771970 0.9518680 0.9041970 0.1735540 0.910756
#
0.500000 
0 0.1559930 0.9226610 0.6512470 0.9203880 0.6514960 0.9419770 0.1562420 0.944250
#
0.500000 
