0 0.0866010 0.1087680 0.8955420 0.0939520 0.8962920 0.1205380 0.0873510 0.135354
#
0.500000 
0 0.0859310 0.1492030 0.4368360 0.1396520 0.4378080 0.1628310 0.0869030 0.172383
#
0.500000 
0 0.5457050 0.1408040 0.9200390 0.1328730 0.9207370 0.1542460 0.5464020 0.162177
#
0.500000 
0 0.0943080 0.1900210 0.6486370 0.1787530 0.6493070 0.2001340 0.0949770 0.211402
#
0.500000 
0 0.1171920 0.2256550 0.9003000 0.2064120 0.9012680 0.2319970 0.1181610 0.251240
#
0.500000 
0 0.1050750 0.2646100 0.8908520 0.2402060 0.8921170 0.2666400 0.1063400 0.291043
#
0.500000 
0 0.1095570 0.3016250 0.8939550 0.2728420 0.8955040 0.3002480 0.1111060 0.329031
#
0.500000 
0 0.1110150 0.3332570 0.9223050 0.3047310 0.9237330 0.3311000 0.1124440 0.359626
#
0.500000 
0 0.1380070 0.3679540 0.8826490 0.3423530 0.8839940 0.3677380 0.1393520 0.393339
#
0.500000 
0 0.1232460 0.4067770 0.8748030 0.3755520 0.8764140 0.4007270 0.1248580 0.431952
#
0.500000 
0 0.1201250 0.4378820 0.8122170 0.4088740 0.8137940 0.4332980 0.1217020 0.462306
#
0.500000 
0 0.1262570 0.4689070 0.4747710 0.4546000 0.4762400 0.4778240 0.1277260 0.492131
#
0.500000 
0 0.1275640 0.4973110 0.8946310 0.4606550 0.8965930 0.4872990 0.1295260 0.523955
#
0.500000 
0 0.1249000 0.5314640 0.8919450 0.4999840 0.8936290 0.5266250 0.1265840 0.558104
#
0.500000 
0 0.4650320 0.5330260 0.8732670 0.5199260 0.8744420 0.5436900 0.4662070 0.556790
#
0.500000 
0 0.1208500 0.5633280 0.9297920 0.5400670 0.9309500 0.5661880 0.1220070 0.589449
8-е. Не смотря на холодъ работалъ въ Саду. Обѣдалъ у Афремовыхъ
0.007937 0.023810 0.039683 0.055556 0.071429 0.087302 0.103175 0.119048 0.134921 0.150794 0.166667 0.182540 0.198413 0.214286 0.230159 0.246032 0.261905 0.277778 0.293651 0.309524 0.325397 0.341270 0.357143 0.373016 0.388889 0.404762 0.420635 0.436508 0.452381 0.468254 0.484127 0.500000 0.515873 0.531746 0.547619 0.563492 0.579365 0.595238 0.611111 0.626984 0.642857 0.658730 0.674603 0.690476 0.706349 0.722222 0.738095 0.753968 0.769841 0.785714 0.801587 0.817460 0.833333 0.849206 0.865079 0.880952 0.896825 0.912698 0.928571 0.944444 0.960317 0.976190 0.992063 
0 0.1284470 0.5920210 0.9464870 0.5805990 0.9470050 0.6046820 0.1289650 0.616104
Зыбины, Чулковъ. Карцевъ. Ѣхали обратно съ Чулковымъ въ его пролеткѣ.
0.007246 0.021739 0.036232 0.050725 0.065217 0.079710 0.094203 0.108696 0.123188 0.137681 0.152174 0.166667 0.181159 0.195652 0.210145 0.224638 0.239130 0.253623 0.268116 0.282609 0.297101 0.311594 0.326087 0.340580 0.355072 0.369565 0.384058 0.398551 0.413043 0.427536 0.442029 0.456522 0.471014 0.485507 0.500000 0.514493 0.528986 0.543478 0.557971 0.572464 0.586957 0.601449 0.615942 0.630435 0.644928 0.659420 0.673913 0.688406 0.702899 0.717391 0.731884 0.746377 0.760870 0.775362 0.789855 0.804348 0.818841 0.833333 0.847826 0.862319 0.876812 0.891304 0.905797 0.920290 0.934783 0.949275 0.963768 0.978261 0.992754 
0 0.1242250 0.6267290 0.9418180 0.6183510 0.9422050 0.6428460 0.1246110 0.651223
#
0.500000 
0 0.1313090 0.6639520 0.9010170 0.6532710 0.9015210 0.6768690 0.1318140 0.687550
#
0.500000 
0 0.1330420 0.7011090 0.7753620 0.6868450 0.7761820 0.7108020 0.1338610 0.725066
#
0.500000 
0 0.1328460 0.7367180 0.9141950 0.7196380 0.9151110 0.7468420 0.1337630 0.763922
#
0.500000 
0 0.1297910 0.7728940 0.9238670 0.7586480 0.9245320 0.7827050 0.1304560 0.796951
#
0.500000 
0 0.1312470 0.8065530 0.8823270 0.7939360 0.8829290 0.8172320 0.1318500 0.829848
#
0.500000 
0 0.1349810 0.8417760 0.9272230 0.8251080 0.9279160 0.8464890 0.1356740 0.863157
#
0.500000 
0 0.6493540 0.8460010 0.8446610 0.8439990 0.8449990 0.8654060 0.6496920 0.867408
#
0.500000 
0 0.1363170 0.8766840 0.9160690 0.8576780 0.9170650 0.8842130 0.1373140 0.903219
#
0.500000 
0 0.1441490 0.9073440 0.9090360 0.8954650 0.9096700 0.9219260 0.1447820 0.933805
#
0.500000 
