0 0.0996460 0.0742170 0.2380750 0.0755420 0.2375490 0.0971580 0.0991200 0.095833
Апрѣль
0.083333 0.250000 0.416667 0.583333 0.750000 0.916667 
0 0.3765940 0.0728770 0.5542010 0.0747120 0.5535740 0.0985590 0.3759660 0.096724
1853. годъ.—.
0.038462 0.115385 0.192308 0.269231 0.346154 0.423077 0.500000 0.576923 0.653846 0.730769 0.807692 0.884615 0.961538 
0 0.1269130 0.1119510 0.9739060 0.1188840 0.9734560 0.1404660 0.1264640 0.133533
26. ч. днемъ я былъ въ второмъ логу и гулялъ; воз-
0.010000 0.030000 0.050000 0.070000 0.090000 0.110000 0.130000 0.150000 0.170000 0.190000 0.210000 0.230000 0.250000 0.270000 0.290000 0.310000 0.330000 0.350000 0.370000 0.390000 0.410000 0.430000 0.450000 0.470000 0.490000 0.510000 0.530000 0.550000 0.570000 0.590000 0.610000 0.630000 0.650000 0.670000 0.690000 0.710000 0.730000 0.750000 0.770000 0.790000 0.810000 0.830000 0.850000 0.870000 0.890000 0.910000 0.930000 0.950000 0.970000 0.990000 
0 0.2319130 0.1450530 0.8894680 0.1548790 0.8886470 0.1764430 0.2310930 0.166617
духъ былъ совершенно тёплый — даже было жарко.—.
0.010417 0.031250 0.052083 0.072917 0.093750 0.114583 0.135417 0.156250 0.177083 0.197917 0.218750 0.239583 0.260417 0.281250 0.302083 0.322917 0.343750 0.364583 0.385417 0.406250 0.427083 0.447917 0.468750 0.489583 0.510417 0.531250 0.552083 0.572917 0.593750 0.614583 0.635417 0.656250 0.677083 0.697917 0.718750 0.739583 0.760417 0.781250 0.802083 0.822917 0.843750 0.864583 0.885417 0.906250 0.927083 0.947917 0.968750 0.989583 
0 0.1482050 0.1749720 0.9760450 0.1866300 0.9751660 0.2111500 0.1473260 0.199492
#
0.500000 
0 0.2155040 0.2066890 0.9695980 0.2176510 0.9688000 0.2392220 0.2147060 0.228260
#
0.500000 
0 0.2245860 0.2363690 0.9322320 0.2461880 0.9314700 0.2677610 0.2238240 0.257942
#
0.500000 
0 0.2252110 0.2654340 0.9319500 0.2694590 0.9316050 0.2932450 0.2248660 0.289221
#
0.500000 
0 0.2253270 0.2959240 0.9693930 0.3017890 0.9689000 0.3263620 0.2248340 0.320497
#
0.500000 
0 0.2228110 0.3242330 0.3858280 0.3266850 0.3850020 0.3482770 0.2219840 0.345825
#
0.500000 
0 0.2259780 0.3585950 0.8926520 0.3604030 0.8924900 0.3839060 0.2258160 0.382098
#
0.500000 
0 0.2237920 0.3928530 0.6800750 0.3899000 0.6804310 0.4115030 0.2241480 0.414457
#
0.500000 
0 0.2292260 0.4156910 0.5598250 0.4132870 0.5602250 0.4348990 0.2296260 0.437302
#
0.500000 
0 0.0542420 0.4332840 0.5460420 0.4396800 0.5453270 0.4612570 0.0535280 0.454860
Москва. (пріѣздъ изъ Алексѣевскаго)
0.014286 0.042857 0.071429 0.100000 0.128571 0.157143 0.185714 0.214286 0.242857 0.271429 0.300000 0.328571 0.357143 0.385714 0.414286 0.442857 0.471429 0.500000 0.528571 0.557143 0.585714 0.614286 0.642857 0.671429 0.700000 0.728571 0.757143 0.785714 0.814286 0.842857 0.871429 0.900000 0.928571 0.957143 0.985714 
0 0.0637520 0.4707310 0.9326050 0.4707310 0.9326050 0.4917310 0.0637520 0.491731
1-е Мая. Сѣв Вет. N.O. Сыро. Дождикъ. 8 ч.в. т.р. +5°.
0.009259 0.027778 0.046296 0.064815 0.083333 0.101852 0.120370 0.138889 0.157407 0.175926 0.194444 0.212963 0.231481 0.250000 0.268519 0.287037 0.305556 0.324074 0.342593 0.361111 0.379630 0.398148 0.416667 0.435185 0.453704 0.472222 0.490741 0.509259 0.527778 0.546296 0.564815 0.583333 0.601852 0.620370 0.638889 0.657407 0.675926 0.694444 0.712963 0.731481 0.750000 0.768519 0.787037 0.805556 0.824074 0.842593 0.861111 0.879630 0.898148 0.916667 0.935185 0.953704 0.972222 0.990741 
0 0.0613980 0.5030100 0.9384030 0.5106860 0.9378640 0.5348960 0.0608590 0.527220
#
0.500000 
0 0.0639310 0.5428820 0.9555510 0.5469520 0.9553000 0.5685520 0.0636790 0.564482
#
0.500000 
0 0.2378690 0.5772820 0.9664730 0.5800610 0.9662430 0.6036930 0.2376400 0.600914
#
0.500000 
0 0.0496380 0.6153740 0.8857010 0.6251740 0.8850570 0.6467470 0.0489940 0.636946
#
0.500000 
0 0.1176880 0.6371690 0.9209670 0.6565770 0.9194680 0.6809390 0.1161890 0.661531
#
0.500000 
0 0.3385540 0.6596160 0.3622400 0.6600280 0.3612970 0.6813050 0.3376110 0.680893
#
0.500000 
0 0.1137790 0.6701460 0.5436420 0.6794480 0.5424550 0.7009970 0.1125910 0.691695
#
0.500000 
0 0.1101400 0.6972160 0.9197570 0.7144520 0.9184560 0.7384490 0.1088390 0.721213
#
0.500000 
0 0.1090010 0.7317860 0.4049880 0.7364940 0.4041140 0.7580750 0.1081270 0.753367
#
0.500000 
0 0.1076450 0.7664930 0.8999800 0.7838800 0.8985570 0.8093420 0.1062220 0.791955
25-е Мая. Выѣхалъ въ Воскресенское. Вечеромъ было сыро и
0.008929 0.026786 0.044643 0.062500 0.080357 0.098214 0.116071 0.133929 0.151786 0.169643 0.187500 0.205357 0.223214 0.241071 0.258929 0.276786 0.294643 0.312500 0.330357 0.348214 0.366071 0.383929 0.401786 0.419643 0.437500 0.455357 0.473214 0.491071 0.508929 0.526786 0.544643 0.562500 0.580357 0.598214 0.616071 0.633929 0.651786 0.669643 0.687500 0.705357 0.723214 0.741071 0.758929 0.776786 0.794643 0.812500 0.830357 0.848214 0.866071 0.883929 0.901786 0.919643 0.937500 0.955357 0.973214 0.991071 
0 0.1077340 0.7965720 0.9100930 0.8172560 0.9085150 0.8412980 0.1061560 0.820614
холодно. Ветеръ сѣверный — ночью былъ легкій морозъ. —
0.009259 0.027778 0.046296 0.064815 0.083333 0.101852 0.120370 0.138889 0.157407 0.175926 0.194444 0.212963 0.231481 0.250000 0.268519 0.287037 0.305556 0.324074 0.342593 0.361111 0.379630 0.398148 0.416667 0.435185 0.453704 0.472222 0.490741 0.509259 0.527778 0.546296 0.564815 0.583333 0.601852 0.620370 0.638889 0.657407 0.675926 0.694444 0.712963 0.731481 0.750000 0.768519 0.787037 0.805556 0.824074 0.842593 0.861111 0.879630 0.898148 0.916667 0.935185 0.953704 0.972222 0.990741 
0 0.1096960 0.8306550 0.9184680 0.8530820 0.9166860 0.8783170 0.1079150 0.855889
26 Выѣхалъ съ Заболоцкимъ въ Тулу. Холодъ и снѣгъ.
0.010000 0.030000 0.050000 0.070000 0.090000 0.110000 0.130000 0.150000 0.170000 0.190000 0.210000 0.230000 0.250000 0.270000 0.290000 0.310000 0.330000 0.350000 0.370000 0.390000 0.410000 0.430000 0.450000 0.470000 0.490000 0.510000 0.530000 0.550000 0.570000 0.590000 0.610000 0.630000 0.650000 0.670000 0.690000 0.710000 0.730000 0.750000 0.770000 0.790000 0.810000 0.830000 0.850000 0.870000 0.890000 0.910000 0.930000 0.950000 0.970000 0.990000 
0 0.1065870 0.8715300 0.8752520 0.8870310 0.8739980 0.9114680 0.1053320 0.895967
27. Въ 11 часовъ вечера пріѣхалъ въ Алексѣевское.
0.010204 0.030612 0.051020 0.071429 0.091837 0.112245 0.132653 0.153061 0.173469 0.193878 0.214286 0.234694 0.255102 0.275510 0.295918 0.316327 0.336735 0.357143 0.377551 0.397959 0.418367 0.438776 0.459184 0.479592 0.500000 0.520408 0.540816 0.561224 0.581633 0.602041 0.622449 0.642857 0.663265 0.683673 0.704082 0.724490 0.744898 0.765306 0.785714 0.806122 0.826531 0.846939 0.867347 0.887755 0.908163 0.928571 0.948980 0.969388 0.989796 
0 0.1275470 0.9023850 0.9107890 0.9189520 0.9094980 0.9429290 0.1262560 0.926362
Въ 12 часовъ ночи было +4½ т.р. Къ утру на
0.011905 0.035714 0.059524 0.083333 0.107143 0.130952 0.154762 0.178571 0.202381 0.226190 0.250000 0.273810 0.297619 0.321429 0.345238 0.369048 0.392857 0.416667 0.440476 0.464286 0.488095 0.511905 0.535714 0.559524 0.583333 0.607143 0.630952 0.654762 0.678571 0.702381 0.726190 0.750000 0.773810 0.797619 0.821429 0.845238 0.869048 0.892857 0.916667 0.940476 0.964286 0.988095 
0 0.1226890 0.9349780 0.4077460 0.9397060 0.4068350 0.9612760 0.1217780 0.956548
28-е число морозъ.
0.027778 0.083333 0.138889 0.194444 0.250000 0.305556 0.361111 0.416667 0.472222 0.527778 0.583333 0.638889 0.694444 0.750000 0.805556 0.861111 0.916667 0.972222 
