0 0.0543840 0.0749670 0.9456710 0.0755560 0.9456330 0.0991830 0.0543460 0.098594
Обедъ у Карцевыхъ въ Лаговчинѣ — Воротился вѣрьхомъ
0.009804 0.029412 0.049020 0.068627 0.088235 0.107843 0.127451 0.147059 0.166667 0.186275 0.205882 0.225490 0.245098 0.264706 0.284314 0.303922 0.323529 0.343137 0.362745 0.382353 0.401961 0.421569 0.441176 0.460784 0.480392 0.500000 0.519608 0.539216 0.558824 0.578431 0.598039 0.617647 0.637255 0.656863 0.676471 0.696078 0.715686 0.735294 0.754902 0.774510 0.794118 0.813725 0.833333 0.852941 0.872549 0.892157 0.911765 0.931373 0.950980 0.970588 0.990196 
0 0.0601830 0.1109020 0.8781210 0.1068390 0.8784160 0.1311380 0.0604790 0.135201
на Ромео сопровождаемый двумя фонарями — ѣхалъ
0.010870 0.032609 0.054348 0.076087 0.097826 0.119565 0.141304 0.163043 0.184783 0.206522 0.228261 0.250000 0.271739 0.293478 0.315217 0.336957 0.358696 0.380435 0.402174 0.423913 0.445652 0.467391 0.489130 0.510870 0.532609 0.554348 0.576087 0.597826 0.619565 0.641304 0.663043 0.684783 0.706522 0.728261 0.750000 0.771739 0.793478 0.815217 0.836957 0.858696 0.880435 0.902174 0.923913 0.945652 0.967391 0.989130 
0 0.0613190 0.1423900 0.8438840 0.1434160 0.8438050 0.1679970 0.0612400 0.166970
очень пріятно. Время мягкое мороза и снѣга
0.011905 0.035714 0.059524 0.083333 0.107143 0.130952 0.154762 0.178571 0.202381 0.226190 0.250000 0.273810 0.297619 0.321429 0.345238 0.369048 0.392857 0.416667 0.440476 0.464286 0.488095 0.511905 0.535714 0.559524 0.583333 0.607143 0.630952 0.654762 0.678571 0.702381 0.726190 0.750000 0.773810 0.797619 0.821429 0.845238 0.869048 0.892857 0.916667 0.940476 0.964286 0.988095 
0 0.0619050 0.1771430 0.9273060 0.1721130 0.9276130 0.1936810 0.0622120 0.198711
нѣтъ. Замѣчательная осень. Въ теченіе всего Октября
0.009804 0.029412 0.049020 0.068627 0.088235 0.107843 0.127451 0.147059 0.166667 0.186275 0.205882 0.225490 0.245098 0.264706 0.284314 0.303922 0.323529 0.343137 0.362745 0.382353 0.401961 0.421569 0.441176 0.460784 0.480392 0.500000 0.519608 0.539216 0.558824 0.578431 0.598039 0.617647 0.637255 0.656863 0.676471 0.696078 0.715686 0.735294 0.754902 0.774510 0.794118 0.813725 0.833333 0.852941 0.872549 0.892157 0.911765 0.931373 0.950980 0.970588 0.990196 
0 0.0644730 0.2095940 0.9195330 0.2050030 0.9198510 0.2291850 0.0647910 0.233775
едва ли было 4. легкихъ мороза. Нынчѣ на 2-мъ логу
0.010000 0.030000 0.050000 0.070000 0.090000 0.110000 0.130000 0.150000 0.170000 0.190000 0.210000 0.230000 0.250000 0.270000 0.290000 0.310000 0.330000 0.350000 0.370000 0.390000 0.410000 0.430000 0.450000 0.470000 0.490000 0.510000 0.530000 0.550000 0.570000 0.590000 0.610000 0.630000 0.650000 0.670000 0.690000 0.710000 0.730000 0.750000 0.770000 0.790000 0.810000 0.830000 0.850000 0.870000 0.890000 0.910000 0.930000 0.950000 0.970000 0.990000 
0 0.0653460 0.2494550 0.5157380 0.2470400 0.5160470 0.2705000 0.0656540 0.272915
посадили 2/т корней березы.
0.018519 0.055556 0.092593 0.129630 0.166667 0.203704 0.240741 0.277778 0.314815 0.351852 0.388889 0.425926 0.462963 0.500000 0.537037 0.574074 0.611111 0.648148 0.685185 0.722222 0.759259 0.796296 0.833333 0.870370 0.907407 0.944444 0.981481 
0 0.0659230 0.2826520 0.8934220 0.2725860 0.8941890 0.2983240 0.0666900 0.308390
29-е. Всталъ не рано. Столярничалъ — переводъ шелъ
0.010000 0.030000 0.050000 0.070000 0.090000 0.110000 0.130000 0.150000 0.170000 0.190000 0.210000 0.230000 0.250000 0.270000 0.290000 0.310000 0.330000 0.350000 0.370000 0.390000 0.410000 0.430000 0.450000 0.470000 0.490000 0.510000 0.530000 0.550000 0.570000 0.590000 0.610000 0.630000 0.650000 0.670000 0.690000 0.710000 0.730000 0.750000 0.770000 0.790000 0.810000 0.830000 0.850000 0.870000 0.890000 0.910000 0.930000 0.950000 0.970000 0.990000 
0 0.0624320 0.3164220 0.8813340 0.3062530 0.8821340 0.3325370 0.0632310 0.342706
порядочно — ходилъ пешкомъ на садку и во вни
0.011364 0.034091 0.056818 0.079545 0.102273 0.125000 0.147727 0.170455 0.193182 0.215909 0.238636 0.261364 0.284091 0.306818 0.329545 0.352273 0.375000 0.397727 0.420455 0.443182 0.465909 0.488636 0.511364 0.534091 0.556818 0.579545 0.602273 0.625000 0.647727 0.670455 0.693182 0.715909 0.738636 0.761364 0.784091 0.806818 0.829545 0.852273 0.875000 0.897727 0.920455 0.943182 0.965909 0.988636 
0 0.0605110 0.3580110 0.8896670 0.3413300 0.8907280 0.3628720 0.0615720 0.379553
на хуторъ и сходилъ очень легко — обѣдалъ съ хоро-
0.010000 0.030000 0.050000 0.070000 0.090000 0.110000 0.130000 0.150000 0.170000 0.190000 0.210000 0.230000 0.250000 0.270000 0.290000 0.310000 0.330000 0.350000 0.370000 0.390000 0.410000 0.430000 0.450000 0.470000 0.490000 0.510000 0.530000 0.550000 0.570000 0.590000 0.610000 0.630000 0.650000 0.670000 0.690000 0.710000 0.730000 0.750000 0.770000 0.790000 0.810000 0.830000 0.850000 0.870000 0.890000 0.910000 0.930000 0.950000 0.970000 0.990000 
0 0.0630940 0.3929460 0.7351130 0.3791410 0.7363770 0.4042660 0.0643580 0.418071
шимъ аппетитомъ — Легъ въ 10 часовъ.
0.013889 0.041667 0.069444 0.097222 0.125000 0.152778 0.180556 0.208333 0.236111 0.263889 0.291667 0.319444 0.347222 0.375000 0.402778 0.430556 0.458333 0.486111 0.513889 0.541667 0.569444 0.597222 0.625000 0.652778 0.680556 0.708333 0.736111 0.763889 0.791667 0.819444 0.847222 0.875000 0.902778 0.930556 0.958333 0.986111 
0 0.0684120 0.4274370 0.8716910 0.4142300 0.8727170 0.4397080 0.0694380 0.452915
#
0.500000 
0 0.0719720 0.4598920 0.9201220 0.4495960 0.9208120 0.4727800 0.0726620 0.483076
#
0.500000 
0 0.0743690 0.5007870 0.8785040 0.4857640 0.8794900 0.5073090 0.0753550 0.522333
#
0.500000 
0 0.0702100 0.5338570 0.9114300 0.5231990 0.9121790 0.5473440 0.0709600 0.558002
#
0.500000 
0 0.0753660 0.5730420 0.9286870 0.5614190 0.9294570 0.5844910 0.0761360 0.596114
#
0.500000 
0 0.0814360 0.6094630 0.9295940 0.5988580 0.9303150 0.6224010 0.0821580 0.633006
#
0.500000 
0 0.0865000 0.6496330 0.8604320 0.6383000 0.8613020 0.6625590 0.0873700 0.673891
#
0.500000 
0 0.0830180 0.6890030 0.8742100 0.6766990 0.8751230 0.7006610 0.0839310 0.712965
#
0.500000 
0 0.0777610 0.7289530 0.6592290 0.7176160 0.6603380 0.7408370 0.0788700 0.752175
#
0.500000 
0 0.0691320 0.7637000 0.8879380 0.7487460 0.8889750 0.7719220 0.0701690 0.786876
#
0.500000 
0 0.0694220 0.7922790 0.9209870 0.7833270 0.9216390 0.8086450 0.0700740 0.817597
#
0.500000 
0 0.0688150 0.8215750 0.8651900 0.8170930 0.8654870 0.8386640 0.0691120 0.843147
#
0.500000 
0 0.0730880 0.8520070 0.8358530 0.8476310 0.8361900 0.8716190 0.0734250 0.875995
#
0.500000 
0 0.0723040 0.8823940 0.8755900 0.8792340 0.8758200 0.9031520 0.0725350 0.906312
#
0.500000 
0 0.0804030 0.9120900 0.8051410 0.9147530 0.8049260 0.9386700 0.0801870 0.936007
#
0.500000 
