0 0.1397360 0.1406540 0.9339920 0.1251500 0.9346350 0.1465310 0.1403790 0.162035
#
0.500000 
0 0.1596170 0.1811860 0.9395130 0.1639840 0.9403950 0.1899550 0.1604990 0.207156
#
0.500000 
0 0.1729980 0.2254640 0.9208550 0.2068290 0.9217780 0.2308880 0.1739210 0.249523
#
0.500000 
0 0.1777060 0.2670050 0.9531200 0.2430780 0.9543940 0.2699100 0.1789800 0.293837
#
0.500000 
0 0.1903130 0.3081970 0.9490670 0.2904290 0.9499930 0.3161180 0.1912390 0.333886
#
0.500000 
0 0.1646620 0.3527940 0.9382810 0.3391840 0.9389310 0.3631750 0.1653120 0.376785
#
0.500000 
0 0.1950680 0.3961110 0.8073830 0.3799270 0.8083780 0.4043770 0.1960630 0.420561
#
0.500000 
0 0.1854540 0.4385380 0.9370490 0.4167010 0.9382080 0.4426110 0.1866130 0.464448
#
0.500000 
0 0.1999930 0.4753170 0.9200450 0.4607900 0.9207680 0.4840640 0.2007160 0.498590
#
0.500000 
0 0.1956760 0.5144170 0.9247700 0.4988480 0.9255690 0.5231700 0.1964760 0.538740
#
0.500000 
0 0.1989600 0.5595340 0.9252570 0.5424270 0.9261260 0.5663900 0.1998290 0.583497
#
0.500000 
0 0.2028140 0.6008950 0.9132480 0.5844250 0.9141290 0.6091010 0.2036950 0.625571
#
0.500000 
0 0.2097240 0.6462860 0.3814870 0.6403630 0.3826210 0.6617290 0.2108580 0.667652
#
0.500000 
0 0.1917020 0.6747370 0.8979270 0.6575220 0.8988640 0.6824790 0.1926380 0.699695
3-е. Всталъ рано. Гулять не ходилъ. Всё утро писалъ
0.009804 0.029412 0.049020 0.068627 0.088235 0.107843 0.127451 0.147059 0.166667 0.186275 0.205882 0.225490 0.245098 0.264706 0.284314 0.303922 0.323529 0.343137 0.362745 0.382353 0.401961 0.421569 0.441176 0.460784 0.480392 0.500000 0.519608 0.539216 0.558824 0.578431 0.598039 0.617647 0.637255 0.656863 0.676471 0.696078 0.715686 0.735294 0.754902 0.774510 0.794118 0.813725 0.833333 0.852941 0.872549 0.892157 0.911765 0.931373 0.950980 0.970588 0.990196 
0 0.2115360 0.7100330 0.8995540 0.6973580 0.9002840 0.7231060 0.2122670 0.735780
піэссу Лидочьку. Вечеромъ ходилъ гулять мало. —
0.010638 0.031915 0.053191 0.074468 0.095745 0.117021 0.138298 0.159574 0.180851 0.202128 0.223404 0.244681 0.265957 0.287234 0.308511 0.329787 0.351064 0.372340 0.393617 0.414894 0.436170 0.457447 0.478723 0.500000 0.521277 0.542553 0.563830 0.585106 0.606383 0.627660 0.648936 0.670213 0.691489 0.712766 0.734043 0.755319 0.776596 0.797872 0.819149 0.840426 0.861702 0.882979 0.904255 0.925532 0.946809 0.968085 0.989362 
0 0.2026350 0.7502860 0.8964370 0.7319350 0.8974030 0.7556720 0.2036010 0.774023
4. Всталъ рано. Не много прошелся. Всё утро
0.011628 0.034884 0.058140 0.081395 0.104651 0.127907 0.151163 0.174419 0.197674 0.220930 0.244186 0.267442 0.290698 0.313953 0.337209 0.360465 0.383721 0.406977 0.430233 0.453488 0.476744 0.500000 0.523256 0.546512 0.569767 0.593023 0.616279 0.639535 0.662791 0.686047 0.709302 0.732558 0.755814 0.779070 0.802326 0.825581 0.848837 0.872093 0.895349 0.918605 0.941860 0.965116 0.988372 
0 0.2075440 0.7890950 0.9007850 0.7713670 0.9017230 0.7952030 0.2084820 0.812932
писалъ піэссу — и написалъ всѣ первыя сцены
0.011628 0.034884 0.058140 0.081395 0.104651 0.127907 0.151163 0.174419 0.197674 0.220930 0.244186 0.267442 0.290698 0.313953 0.337209 0.360465 0.383721 0.406977 0.430233 0.453488 0.476744 0.500000 0.523256 0.546512 0.569767 0.593023 0.616279 0.639535 0.662791 0.686047 0.709302 0.732558 0.755814 0.779070 0.802326 0.825581 0.848837 0.872093 0.895349 0.918605 0.941860 0.965116 0.988372 
0 0.2098270 0.8306150 0.8815920 0.8104430 0.8825800 0.8318150 0.2108150 0.851986
2-го Дѣйствія. Въ внутри себя хорошо. Получилъ
0.010870 0.032609 0.054348 0.076087 0.097826 0.119565 0.141304 0.163043 0.184783 0.206522 0.228261 0.250000 0.271739 0.293478 0.315217 0.336957 0.358696 0.380435 0.402174 0.423913 0.445652 0.467391 0.489130 0.510870 0.532609 0.554348 0.576087 0.597826 0.619565 0.641304 0.663043 0.684783 0.706522 0.728261 0.750000 0.771739 0.793478 0.815217 0.836957 0.858696 0.880435 0.902174 0.923913 0.945652 0.967391 0.989130 
0 0.2176610 0.8637630 0.8774660 0.8490160 0.8782020 0.8703950 0.2183960 0.885143
письмо отъ отца, что хлопочетъ о покупкѣ
0.012500 0.037500 0.062500 0.087500 0.112500 0.137500 0.162500 0.187500 0.212500 0.237500 0.262500 0.287500 0.312500 0.337500 0.362500 0.387500 0.412500 0.437500 0.462500 0.487500 0.512500 0.537500 0.562500 0.587500 0.612500 0.637500 0.662500 0.687500 0.712500 0.737500 0.762500 0.787500 0.812500 0.837500 0.862500 0.887500 0.912500 0.937500 0.962500 0.987500 
0 0.2237220 0.9043290 0.8663020 0.8872520 0.8672350 0.9100640 0.2246560 0.927141
сдѣсь имѣнія у Колодничевой и продаетъ Заводъ
0.011111 0.033333 0.055556 0.077778 0.100000 0.122222 0.144444 0.166667 0.188889 0.211111 0.233333 0.255556 0.277778 0.300000 0.322222 0.344444 0.366667 0.388889 0.411111 0.433333 0.455556 0.477778 0.500000 0.522222 0.544444 0.566667 0.588889 0.611111 0.633333 0.655556 0.677778 0.700000 0.722222 0.744444 0.766667 0.788889 0.811111 0.833333 0.855556 0.877778 0.900000 0.922222 0.944444 0.966667 0.988889 
