0 0.0834000 0.0803610 0.6608640 0.0769410 0.6611840 0.0985270 0.0837210 0.101947
Вечеромъ работалъ. Спалъ какъ убитый.
0.013514 0.040541 0.067568 0.094595 0.121622 0.148649 0.175676 0.202703 0.229730 0.256757 0.283784 0.310811 0.337838 0.364865 0.391892 0.418919 0.445946 0.472973 0.500000 0.527027 0.554054 0.581081 0.608108 0.635135 0.662162 0.689189 0.716216 0.743243 0.770270 0.797297 0.824324 0.851351 0.878378 0.905405 0.932432 0.959459 0.986486 
0 0.0863710 0.1083680 0.9103260 0.1106330 0.9101630 0.1342370 0.0862090 0.131972
4-е. Воскресенье. Чувствую себя хорошо. Холодъ страшный.
0.008929 0.026786 0.044643 0.062500 0.080357 0.098214 0.116071 0.133929 0.151786 0.169643 0.187500 0.205357 0.223214 0.241071 0.258929 0.276786 0.294643 0.312500 0.330357 0.348214 0.366071 0.383929 0.401786 0.419643 0.437500 0.455357 0.473214 0.491071 0.508929 0.526786 0.544643 0.562500 0.580357 0.598214 0.616071 0.633929 0.651786 0.669643 0.687500 0.705357 0.723214 0.741071 0.758929 0.776786 0.794643 0.812500 0.830357 0.848214 0.866071 0.883929 0.901786 0.919643 0.937500 0.955357 0.973214 0.991071 
0 0.0909720 0.1376980 0.9535850 0.1423530 0.9532010 0.1707440 0.0905880 0.166089
Дѣлалъ визиты — у Кат. Гагариной — въ высшемъ обществѣ
0.009259 0.027778 0.046296 0.064815 0.083333 0.101852 0.120370 0.138889 0.157407 0.175926 0.194444 0.212963 0.231481 0.250000 0.268519 0.287037 0.305556 0.324074 0.342593 0.361111 0.379630 0.398148 0.416667 0.435185 0.453704 0.472222 0.490741 0.509259 0.527778 0.546296 0.564815 0.583333 0.601852 0.620370 0.638889 0.657407 0.675926 0.694444 0.712963 0.731481 0.750000 0.768519 0.787037 0.805556 0.824074 0.842593 0.861111 0.879630 0.898148 0.916667 0.935185 0.953704 0.972222 0.990741 
0 0.0877170 0.1803820 0.9142860 0.1745210 0.9147190 0.1988850 0.0881500 0.204745
меня называютъ Octave Feuillet. Кн. Меньщиковъ проситъ
0.009259 0.027778 0.046296 0.064815 0.083333 0.101852 0.120370 0.138889 0.157407 0.175926 0.194444 0.212963 0.231481 0.250000 0.268519 0.287037 0.305556 0.324074 0.342593 0.361111 0.379630 0.398148 0.416667 0.435185 0.453704 0.472222 0.490741 0.509259 0.527778 0.546296 0.564815 0.583333 0.601852 0.620370 0.638889 0.657407 0.675926 0.694444 0.712963 0.731481 0.750000 0.768519 0.787037 0.805556 0.824074 0.842593 0.861111 0.879630 0.898148 0.916667 0.935185 0.953704 0.972222 0.990741 
0 0.0941070 0.2176530 0.9057260 0.2158800 0.9058440 0.2374930 0.0942250 0.239267
прочитать піэссу. Обѣдалъ у Дяди — ему лучше. Въ
0.010417 0.031250 0.052083 0.072917 0.093750 0.114583 0.135417 0.156250 0.177083 0.197917 0.218750 0.239583 0.260417 0.281250 0.302083 0.322917 0.343750 0.364583 0.385417 0.406250 0.427083 0.447917 0.468750 0.489583 0.510417 0.531250 0.552083 0.572917 0.593750 0.614583 0.635417 0.656250 0.677083 0.697917 0.718750 0.739583 0.760417 0.781250 0.802083 0.822917 0.843750 0.864583 0.885417 0.906250 0.927083 0.947917 0.968750 0.989583 
0 0.0949190 0.2560140 0.5438610 0.2542320 0.5440760 0.2758430 0.0951340 0.277624
ихъ кругу успѣхъ огромный —
0.018519 0.055556 0.092593 0.129630 0.166667 0.203704 0.240741 0.277778 0.314815 0.351852 0.388889 0.425926 0.462963 0.500000 0.537037 0.574074 0.611111 0.648148 0.685185 0.722222 0.759259 0.796296 0.833333 0.870370 0.907407 0.944444 0.981481 
0 0.1008670 0.2909700 0.9476970 0.2837030 0.9482480 0.3093050 0.1014180 0.316572
5-е. Понедѣльникъ. Работалъ. Писалъ письмо къ Дядѣ — пора
0.008772 0.026316 0.043860 0.061404 0.078947 0.096491 0.114035 0.131579 0.149123 0.166667 0.184211 0.201754 0.219298 0.236842 0.254386 0.271930 0.289474 0.307018 0.324561 0.342105 0.359649 0.377193 0.394737 0.412281 0.429825 0.447368 0.464912 0.482456 0.500000 0.517544 0.535088 0.552632 0.570175 0.587719 0.605263 0.622807 0.640351 0.657895 0.675439 0.692982 0.710526 0.728070 0.745614 0.763158 0.780702 0.798246 0.815789 0.833333 0.850877 0.868421 0.885965 0.903509 0.921053 0.938596 0.956140 0.973684 0.991228 
0 0.0974450 0.3235940 0.9662990 0.3178530 0.9667180 0.3431400 0.0978650 0.348881
заняться дѣломъ т:е: пріискать земли для Сахар. За-
0.009804 0.029412 0.049020 0.068627 0.088235 0.107843 0.127451 0.147059 0.166667 0.186275 0.205882 0.225490 0.245098 0.264706 0.284314 0.303922 0.323529 0.343137 0.362745 0.382353 0.401961 0.421569 0.441176 0.460784 0.480392 0.500000 0.519608 0.539216 0.558824 0.578431 0.598039 0.617647 0.637255 0.656863 0.676471 0.696078 0.715686 0.735294 0.754902 0.774510 0.794118 0.813725 0.833333 0.852941 0.872549 0.892157 0.911765 0.931373 0.950980 0.970588 0.990196 
0 0.0948260 0.3575340 0.9249360 0.3522940 0.9253240 0.3767890 0.0952140 0.382030
вода. Вечеромъ въ Театрѣ. Je suis le Roi de la Coulisse.
0.008929 0.026786 0.044643 0.062500 0.080357 0.098214 0.116071 0.133929 0.151786 0.169643 0.187500 0.205357 0.223214 0.241071 0.258929 0.276786 0.294643 0.312500 0.330357 0.348214 0.366071 0.383929 0.401786 0.419643 0.437500 0.455357 0.473214 0.491071 0.508929 0.526786 0.544643 0.562500 0.580357 0.598214 0.616071 0.633929 0.651786 0.669643 0.687500 0.705357 0.723214 0.741071 0.758929 0.776786 0.794643 0.812500 0.830357 0.848214 0.866071 0.883929 0.901786 0.919643 0.937500 0.955357 0.973214 0.991071 
0 0.0990980 0.3916530 0.9027930 0.3837860 0.9033220 0.4053510 0.0996270 0.413219
Всѣ кланяются. Директоры и начальство бѣгаютъ за
0.010417 0.031250 0.052083 0.072917 0.093750 0.114583 0.135417 0.156250 0.177083 0.197917 0.218750 0.239583 0.260417 0.281250 0.302083 0.322917 0.343750 0.364583 0.385417 0.406250 0.427083 0.447917 0.468750 0.489583 0.510417 0.531250 0.552083 0.572917 0.593750 0.614583 0.635417 0.656250 0.677083 0.697917 0.718750 0.739583 0.760417 0.781250 0.802083 0.822917 0.843750 0.864583 0.885417 0.906250 0.927083 0.947917 0.968750 0.989583 
0 0.0994110 0.4205590 0.8943050 0.4193020 0.8943910 0.4409240 0.0994970 0.442181
мною и угощаютъ, подаютъ стулья — дѣло въ томъ
0.010870 0.032609 0.054348 0.076087 0.097826 0.119565 0.141304 0.163043 0.184783 0.206522 0.228261 0.250000 0.271739 0.293478 0.315217 0.336957 0.358696 0.380435 0.402174 0.423913 0.445652 0.467391 0.489130 0.510870 0.532609 0.554348 0.576087 0.597826 0.619565 0.641304 0.663043 0.684783 0.706522 0.728261 0.750000 0.771739 0.793478 0.815217 0.836957 0.858696 0.880435 0.902174 0.923913 0.945652 0.967391 0.989130 
0 0.1031650 0.4467390 0.9130250 0.4500350 0.9127890 0.4730690 0.1029300 0.469773
что нынѣшнее представленіе (4-е) Театръ набитъ бит-
0.009804 0.029412 0.049020 0.068627 0.088235 0.107843 0.127451 0.147059 0.166667 0.186275 0.205882 0.225490 0.245098 0.264706 0.284314 0.303922 0.323529 0.343137 0.362745 0.382353 0.401961 0.421569 0.441176 0.460784 0.480392 0.500000 0.519608 0.539216 0.558824 0.578431 0.598039 0.617647 0.637255 0.656863 0.676471 0.696078 0.715686 0.735294 0.754902 0.774510 0.794118 0.813725 0.833333 0.852941 0.872549 0.892157 0.911765 0.931373 0.950980 0.970588 0.990196 
0 0.1086030 0.4795760 0.9413620 0.4867820 0.9408190 0.5118140 0.1080600 0.504608
комъ — на Середу (5-e представленіе) всё взято — на Воскресенье
0.007937 0.023810 0.039683 0.055556 0.071429 0.087302 0.103175 0.119048 0.134921 0.150794 0.166667 0.182540 0.198413 0.214286 0.230159 0.246032 0.261905 0.277778 0.293651 0.309524 0.325397 0.341270 0.357143 0.373016 0.388889 0.404762 0.420635 0.436508 0.452381 0.468254 0.484127 0.500000 0.515873 0.531746 0.547619 0.563492 0.579365 0.595238 0.611111 0.626984 0.642857 0.658730 0.674603 0.690476 0.706349 0.722222 0.738095 0.753968 0.769841 0.785714 0.801587 0.817460 0.833333 0.849206 0.865079 0.880952 0.896825 0.912698 0.928571 0.944444 0.960317 0.976190 0.992063 
0 0.1223890 0.5168810 0.9410500 0.5175180 0.9410040 0.5410820 0.1223430 0.540445
(6-е пред.) всѣ ложи взяты — записываются на 7-е кото-
0.009259 0.027778 0.046296 0.064815 0.083333 0.101852 0.120370 0.138889 0.157407 0.175926 0.194444 0.212963 0.231481 0.250000 0.268519 0.287037 0.305556 0.324074 0.342593 0.361111 0.379630 0.398148 0.416667 0.435185 0.453704 0.472222 0.490741 0.509259 0.527778 0.546296 0.564815 0.583333 0.601852 0.620370 0.638889 0.657407 0.675926 0.694444 0.712963 0.731481 0.750000 0.768519 0.787037 0.805556 0.824074 0.842593 0.861111 0.879630 0.898148 0.916667 0.935185 0.953704 0.972222 0.990741 
0 0.1228550 0.5540470 0.9503190 0.5456730 0.9509260 0.5696070 0.1234620 0.577982
рое еще не назначено. Мнѣ говорилъ Пороховщиковъ
0.010417 0.031250 0.052083 0.072917 0.093750 0.114583 0.135417 0.156250 0.177083 0.197917 0.218750 0.239583 0.260417 0.281250 0.302083 0.322917 0.343750 0.364583 0.385417 0.406250 0.427083 0.447917 0.468750 0.489583 0.510417 0.531250 0.552083 0.572917 0.593750 0.614583 0.635417 0.656250 0.677083 0.697917 0.718750 0.739583 0.760417 0.781250 0.802083 0.822917 0.843750 0.864583 0.885417 0.906250 0.927083 0.947917 0.968750 0.989583 
0 0.1203350 0.5873550 0.8879360 0.5825750 0.8882980 0.6057770 0.1206970 0.610557
что такого примѣра у нихъ не запомнятъ.
0.012821 0.038462 0.064103 0.089744 0.115385 0.141026 0.166667 0.192308 0.217949 0.243590 0.269231 0.294872 0.320513 0.346154 0.371795 0.397436 0.423077 0.448718 0.474359 0.500000 0.525641 0.551282 0.576923 0.602564 0.628205 0.653846 0.679487 0.705128 0.730769 0.756410 0.782051 0.807692 0.833333 0.858974 0.884615 0.910256 0.935897 0.961538 0.987179 
0 0.1210370 0.6184720 0.9106230 0.6102310 0.9112490 0.6341260 0.1216620 0.642367
6-е. Холодъ страшный — 24° Реом. съ вѣтромъ.
0.011364 0.034091 0.056818 0.079545 0.102273 0.125000 0.147727 0.170455 0.193182 0.215909 0.238636 0.261364 0.284091 0.306818 0.329545 0.352273 0.375000 0.397727 0.420455 0.443182 0.465909 0.488636 0.511364 0.534091 0.556818 0.579545 0.602273 0.625000 0.647727 0.670455 0.693182 0.715909 0.738636 0.761364 0.784091 0.806818 0.829545 0.852273 0.875000 0.897727 0.920455 0.943182 0.965909 0.988636 
0 0.1238360 0.6517360 0.9363500 0.6464850 0.9367330 0.6701350 0.1242190 0.675386
Я ходилъ пѣшкомъ къ Бахмѣтьевой и Четвер-
0.012195 0.036585 0.060976 0.085366 0.109756 0.134146 0.158537 0.182927 0.207317 0.231707 0.256098 0.280488 0.304878 0.329268 0.353659 0.378049 0.402439 0.426829 0.451220 0.475610 0.500000 0.524390 0.548780 0.573171 0.597561 0.621951 0.646341 0.670732 0.695122 0.719512 0.743902 0.768293 0.792683 0.817073 0.841463 0.865854 0.890244 0.914634 0.939024 0.963415 0.987805 
0 0.1222980 0.6851520 0.9119100 0.6838930 0.9119970 0.7055150 0.1223850 0.706773
тинскимъ — первыя приняли меня холодно —
0.012500 0.037500 0.062500 0.087500 0.112500 0.137500 0.162500 0.187500 0.212500 0.237500 0.262500 0.287500 0.312500 0.337500 0.362500 0.387500 0.412500 0.437500 0.462500 0.487500 0.512500 0.537500 0.562500 0.587500 0.612500 0.637500 0.662500 0.687500 0.712500 0.737500 0.762500 0.787500 0.812500 0.837500 0.862500 0.887500 0.912500 0.937500 0.962500 0.987500 
0 0.1230090 0.7169210 0.8914920 0.7128500 0.8918050 0.7364060 0.1233220 0.740477
не знаю — Четвертинская Вѣра расказывала, что
0.011111 0.033333 0.055556 0.077778 0.100000 0.122222 0.144444 0.166667 0.188889 0.211111 0.233333 0.255556 0.277778 0.300000 0.322222 0.344444 0.366667 0.388889 0.411111 0.433333 0.455556 0.477778 0.500000 0.522222 0.544444 0.566667 0.588889 0.611111 0.633333 0.655556 0.677778 0.700000 0.722222 0.744444 0.766667 0.788889 0.811111 0.833333 0.855556 0.877778 0.900000 0.922222 0.944444 0.966667 0.988889 
0 0.1229950 0.7485190 0.9152590 0.7436250 0.9156240 0.7671940 0.1233600 0.772087
явленіе этой піэссы называютъ новою Эрою въ
0.011628 0.034884 0.058140 0.081395 0.104651 0.127907 0.151163 0.174419 0.197674 0.220930 0.244186 0.267442 0.290698 0.313953 0.337209 0.360465 0.383721 0.406977 0.430233 0.453488 0.476744 0.500000 0.523256 0.546512 0.569767 0.593023 0.616279 0.639535 0.662791 0.686047 0.709302 0.732558 0.755814 0.779070 0.802326 0.825581 0.848837 0.872093 0.895349 0.918605 0.941860 0.965116 0.988372 
0 0.6995520 0.7626990 0.8465570 0.7587680 0.8481250 0.7821530 0.7011200 0.786084
#
0.500000 
0 0.1213960 0.7868580 0.9382970 0.7850850 0.9384140 0.8066990 0.1215130 0.808472
Литтературѣ. Обѣдалъ у Соломона Степановича
0.011628 0.034884 0.058140 0.081395 0.104651 0.127907 0.151163 0.174419 0.197674 0.220930 0.244186 0.267442 0.290698 0.313953 0.337209 0.360465 0.383721 0.406977 0.430233 0.453488 0.476744 0.500000 0.523256 0.546512 0.569767 0.593023 0.616279 0.639535 0.662791 0.686047 0.709302 0.732558 0.755814 0.779070 0.802326 0.825581 0.848837 0.872093 0.895349 0.918605 0.941860 0.965116 0.988372 
0 0.1252070 0.8206330 0.3628810 0.8219070 0.3625900 0.8435190 0.1249160 0.842246
Мирзоева.
0.055556 0.166667 0.277778 0.388889 0.500000 0.611111 0.722222 0.833333 0.944444 
0 0.1267610 0.8521480 0.9128520 0.8521480 0.9128520 0.8731480 0.1267610 0.873148
6-е. Вторникъ. Начинаю опять столярничать —
0.011628 0.034884 0.058140 0.081395 0.104651 0.127907 0.151163 0.174419 0.197674 0.220930 0.244186 0.267442 0.290698 0.313953 0.337209 0.360465 0.383721 0.406977 0.430233 0.453488 0.476744 0.500000 0.523256 0.546512 0.569767 0.593023 0.616279 0.639535 0.662791 0.686047 0.709302 0.732558 0.755814 0.779070 0.802326 0.825581 0.848837 0.872093 0.895349 0.918605 0.941860 0.965116 0.988372 
0 0.1244610 0.8855140 0.9325760 0.8919050 0.9320970 0.9160890 0.1239810 0.909697
мнѣ лучше. Аппетиту мало — изъ Петербурга
0.012195 0.036585 0.060976 0.085366 0.109756 0.134146 0.158537 0.182927 0.207317 0.231707 0.256098 0.280488 0.304878 0.329268 0.353659 0.378049 0.402439 0.426829 0.451220 0.475610 0.500000 0.524390 0.548780 0.573171 0.597561 0.621951 0.646341 0.670732 0.695122 0.719512 0.743902 0.768293 0.792683 0.817073 0.841463 0.865854 0.890244 0.914634 0.939024 0.963415 0.987805 
