0 0.1988410 0.0939580 0.9335550 0.0958870 0.9334150 0.1178850 0.1987000 0.115956
Соня уѣхала въ Петербургъ... Вечеромъ 27-го
0.011628 0.034884 0.058140 0.081395 0.104651 0.127907 0.151163 0.174419 0.197674 0.220930 0.244186 0.267442 0.290698 0.313953 0.337209 0.360465 0.383721 0.406977 0.430233 0.453488 0.476744 0.500000 0.523256 0.546512 0.569767 0.593023 0.616279 0.639535 0.662791 0.686047 0.709302 0.732558 0.755814 0.779070 0.802326 0.825581 0.848837 0.872093 0.895349 0.918605 0.941860 0.965116 0.988372 
0 0.1869940 0.1399890 0.7544390 0.1391250 0.7545190 0.1607000 0.1870740 0.161564
читалъ Сушкову свою Комедію...
0.016667 0.050000 0.083333 0.116667 0.150000 0.183333 0.216667 0.250000 0.283333 0.316667 0.350000 0.383333 0.416667 0.450000 0.483333 0.516667 0.550000 0.583333 0.616667 0.650000 0.683333 0.716667 0.750000 0.783333 0.816667 0.850000 0.883333 0.916667 0.950000 0.983333 
0 0.1923760 0.1776180 0.9315780 0.1761940 0.9316920 0.2005440 0.1924900 0.201968
29-е. Гребъ на лодкѣ съ Фадѣемъ вмѣстѣ.
0.012821 0.038462 0.064103 0.089744 0.115385 0.141026 0.166667 0.192308 0.217949 0.243590 0.269231 0.294872 0.320513 0.346154 0.371795 0.397436 0.423077 0.448718 0.474359 0.500000 0.525641 0.551282 0.576923 0.602564 0.628205 0.653846 0.679487 0.705128 0.730769 0.756410 0.782051 0.807692 0.833333 0.858974 0.884615 0.910256 0.935897 0.961538 0.987179 
0 0.1924460 0.2145270 0.9073740 0.2145270 0.9073740 0.2355270 0.1924460 0.235527
Чувствовалъ себя посредственно — поутру
0.012821 0.038462 0.064103 0.089744 0.115385 0.141026 0.166667 0.192308 0.217949 0.243590 0.269231 0.294872 0.320513 0.346154 0.371795 0.397436 0.423077 0.448718 0.474359 0.500000 0.525641 0.551282 0.576923 0.602564 0.628205 0.653846 0.679487 0.705128 0.730769 0.756410 0.782051 0.807692 0.833333 0.858974 0.884615 0.910256 0.935897 0.961538 0.987179 
0 0.1943320 0.2560680 0.8921810 0.2575660 0.8920550 0.2817020 0.1942060 0.280204
работалъ надъ Комедіей. Вечеромъ игралъ въ
0.011905 0.035714 0.059524 0.083333 0.107143 0.130952 0.154762 0.178571 0.202381 0.226190 0.250000 0.273810 0.297619 0.321429 0.345238 0.369048 0.392857 0.416667 0.440476 0.464286 0.488095 0.511905 0.535714 0.559524 0.583333 0.607143 0.630952 0.654762 0.678571 0.702381 0.726190 0.750000 0.773810 0.797619 0.821429 0.845238 0.869048 0.892857 0.916667 0.940476 0.964286 0.988095 
0 0.1962060 0.2954530 0.9318170 0.2983270 0.9315960 0.3215890 0.1959850 0.318715
шахматъ съ Потуловымъ.—. Pf. плохо. — ощу-
0.011905 0.035714 0.059524 0.083333 0.107143 0.130952 0.154762 0.178571 0.202381 0.226190 0.250000 0.273810 0.297619 0.321429 0.345238 0.369048 0.392857 0.416667 0.440476 0.464286 0.488095 0.511905 0.535714 0.559524 0.583333 0.607143 0.630952 0.654762 0.678571 0.702381 0.726190 0.750000 0.773810 0.797619 0.821429 0.845238 0.869048 0.892857 0.916667 0.940476 0.964286 0.988095 
0 0.2029430 0.3423080 0.5086960 0.3398800 0.5091130 0.3614960 0.2033600 0.363924
щеніе бѣдности.
0.033333 0.100000 0.166667 0.233333 0.300000 0.366667 0.433333 0.500000 0.566667 0.633333 0.700000 0.766667 0.833333 0.900000 0.966667 
0 0.1980880 0.3763510 0.9237700 0.3644580 0.9246990 0.3877740 0.1990170 0.399668
30-е. всталъ въ 6 ч. Гребъ на лодкѣ при-
0.012500 0.037500 0.062500 0.087500 0.112500 0.137500 0.162500 0.187500 0.212500 0.237500 0.262500 0.287500 0.312500 0.337500 0.362500 0.387500 0.412500 0.437500 0.462500 0.487500 0.512500 0.537500 0.562500 0.587500 0.612500 0.637500 0.662500 0.687500 0.712500 0.737500 0.762500 0.787500 0.812500 0.837500 0.862500 0.887500 0.912500 0.937500 0.962500 0.987500 
0 0.1912690 0.4128560 0.9313920 0.4079920 0.9317670 0.4314740 0.1916450 0.436337
мѣрно два часа, заковало, особливо ноги.
0.012500 0.037500 0.062500 0.087500 0.112500 0.137500 0.162500 0.187500 0.212500 0.237500 0.262500 0.287500 0.312500 0.337500 0.362500 0.387500 0.412500 0.437500 0.462500 0.487500 0.512500 0.537500 0.562500 0.587500 0.612500 0.637500 0.662500 0.687500 0.712500 0.737500 0.762500 0.787500 0.812500 0.837500 0.862500 0.887500 0.912500 0.937500 0.962500 0.987500 
0 0.1950430 0.4509750 0.9405450 0.4489200 0.9407040 0.4726410 0.1952020 0.474696
Чай пилъ въ 9-ть. Собою доволенъ.—. Погода
0.011905 0.035714 0.059524 0.083333 0.107143 0.130952 0.154762 0.178571 0.202381 0.226190 0.250000 0.273810 0.297619 0.321429 0.345238 0.369048 0.392857 0.416667 0.440476 0.464286 0.488095 0.511905 0.535714 0.559524 0.583333 0.607143 0.630952 0.654762 0.678571 0.702381 0.726190 0.750000 0.773810 0.797619 0.821429 0.845238 0.869048 0.892857 0.916667 0.940476 0.964286 0.988095 
0 0.1976020 0.4945480 0.8360900 0.4904230 0.8364290 0.5120240 0.1979410 0.516149
разгулялась. Солнце; хоть и холодно.
0.013889 0.041667 0.069444 0.097222 0.125000 0.152778 0.180556 0.208333 0.236111 0.263889 0.291667 0.319444 0.347222 0.375000 0.402778 0.430556 0.458333 0.486111 0.513889 0.541667 0.569444 0.597222 0.625000 0.652778 0.680556 0.708333 0.736111 0.763889 0.791667 0.819444 0.847222 0.875000 0.902778 0.930556 0.958333 0.986111 
0 0.1967140 0.5308750 0.8666770 0.5267580 0.8670000 0.5483610 0.1970370 0.552478
Переводъ нѣсколько дней уже не трогалъ.
0.012821 0.038462 0.064103 0.089744 0.115385 0.141026 0.166667 0.192308 0.217949 0.243590 0.269231 0.294872 0.320513 0.346154 0.371795 0.397436 0.423077 0.448718 0.474359 0.500000 0.525641 0.551282 0.576923 0.602564 0.628205 0.653846 0.679487 0.705128 0.730769 0.756410 0.782051 0.807692 0.833333 0.858974 0.884615 0.910256 0.935897 0.961538 0.987179 
0 0.1957930 0.5654770 0.8927350 0.5607870 0.8930880 0.5823860 0.1961470 0.587076
Сдѣлалъ Тетрадь Славянскаго Словаря.
0.013889 0.041667 0.069444 0.097222 0.125000 0.152778 0.180556 0.208333 0.236111 0.263889 0.291667 0.319444 0.347222 0.375000 0.402778 0.430556 0.458333 0.486111 0.513889 0.541667 0.569444 0.597222 0.625000 0.652778 0.680556 0.708333 0.736111 0.763889 0.791667 0.819444 0.847222 0.875000 0.902778 0.930556 0.958333 0.986111 
0 0.1956780 0.6018230 0.9079060 0.5948110 0.9084230 0.6163990 0.1961950 0.623412
Тихо провелъ день. Послѣ обѣда ходилъ гу-
0.012195 0.036585 0.060976 0.085366 0.109756 0.134146 0.158537 0.182927 0.207317 0.231707 0.256098 0.280488 0.304878 0.329268 0.353659 0.378049 0.402439 0.426829 0.451220 0.475610 0.500000 0.524390 0.548780 0.573171 0.597561 0.621951 0.646341 0.670732 0.695122 0.719512 0.743902 0.768293 0.792683 0.817073 0.841463 0.865854 0.890244 0.914634 0.939024 0.963415 0.987805 
0 0.1956850 0.6364250 0.8611500 0.6299890 0.8616580 0.6515770 0.1961920 0.658013
лять въ кремль съ Ветлицынымъ.
0.016667 0.050000 0.083333 0.116667 0.150000 0.183333 0.216667 0.250000 0.283333 0.316667 0.350000 0.383333 0.416667 0.450000 0.483333 0.516667 0.550000 0.583333 0.616667 0.650000 0.683333 0.716667 0.750000 0.783333 0.816667 0.850000 0.883333 0.916667 0.950000 0.983333 
0 0.1948710 0.6672390 0.9286680 0.6617430 0.9291220 0.6867170 0.1953260 0.692212
Особенно понравилась мнѣ маленькая Ба-
0.013158 0.039474 0.065789 0.092105 0.118421 0.144737 0.171053 0.197368 0.223684 0.250000 0.276316 0.302632 0.328947 0.355263 0.381579 0.407895 0.434211 0.460526 0.486842 0.513158 0.539474 0.565789 0.592105 0.618421 0.644737 0.671053 0.697368 0.723684 0.750000 0.776316 0.802632 0.828947 0.855263 0.881579 0.907895 0.934211 0.960526 0.986842 
0 0.1912880 0.7019750 0.9224180 0.6971190 0.9228180 0.7218930 0.1916880 0.726749
шенка у Спаской башни. Много хара-
0.014706 0.044118 0.073529 0.102941 0.132353 0.161765 0.191176 0.220588 0.250000 0.279412 0.308824 0.338235 0.367647 0.397059 0.426471 0.455882 0.485294 0.514706 0.544118 0.573529 0.602941 0.632353 0.661765 0.691176 0.720588 0.750000 0.779412 0.808824 0.838235 0.867647 0.897059 0.926471 0.955882 0.985294 
0 0.1870500 0.7393250 0.4937050 0.7393250 0.4937050 0.7603250 0.1870500 0.760325
ктеристическаго.
0.031250 0.093750 0.156250 0.218750 0.281250 0.343750 0.406250 0.468750 0.531250 0.593750 0.656250 0.718750 0.781250 0.843750 0.906250 0.968750 
0 0.2096120 0.7762300 0.8552980 0.7776470 0.8551810 0.7994040 0.2094960 0.797987
31. Всталъ въ 7. часовъ на лодку не
0.014286 0.042857 0.071429 0.100000 0.128571 0.157143 0.185714 0.214286 0.242857 0.271429 0.300000 0.328571 0.357143 0.385714 0.414286 0.442857 0.471429 0.500000 0.528571 0.557143 0.585714 0.614286 0.642857 0.671429 0.700000 0.728571 0.757143 0.785714 0.814286 0.842857 0.871429 0.900000 0.928571 0.957143 0.985714 
0 0.2025470 0.8127990 0.8356390 0.8163440 0.8353450 0.8379530 0.2022530 0.834407
ходилъ. Гулялъ просто по городу. Этого
0.013158 0.039474 0.065789 0.092105 0.118421 0.144737 0.171053 0.197368 0.223684 0.250000 0.276316 0.302632 0.328947 0.355263 0.381579 0.407895 0.434211 0.460526 0.486842 0.513158 0.539474 0.565789 0.592105 0.618421 0.644737 0.671053 0.697368 0.723684 0.750000 0.776316 0.802632 0.828947 0.855263 0.881579 0.907895 0.934211 0.960526 0.986842 
0 0.1986240 0.8516000 0.9342440 0.8494250 0.9344280 0.8749690 0.1988070 0.877144
недостаточно. Чувствую себя по слабѣе.
0.013158 0.039474 0.065789 0.092105 0.118421 0.144737 0.171053 0.197368 0.223684 0.250000 0.276316 0.302632 0.328947 0.355263 0.381579 0.407895 0.434211 0.460526 0.486842 0.513158 0.539474 0.565789 0.592105 0.618421 0.644737 0.671053 0.697368 0.723684 0.750000 0.776316 0.802632 0.828947 0.855263 0.881579 0.907895 0.934211 0.960526 0.986842 
0 0.1969930 0.8890940 0.4065140 0.8842750 0.4077200 0.9058340 0.1981990 0.910652
День ясный..
0.041667 0.125000 0.208333 0.291667 0.375000 0.458333 0.541667 0.625000 0.708333 0.791667 0.875000 0.958333 
