0 0.3045300 0.1193330 0.5427090 0.1158960 0.5434860 0.1376240 0.3053070 0.141060
1853 Годъ.
0.050000 0.150000 0.250000 0.350000 0.450000 0.550000 0.650000 0.750000 0.850000 0.950000 
0 0.0446790 0.1521930 0.4844800 0.1428550 0.4857360 0.1667200 0.0459350 0.176058
Осень. Sommaire. 1852. года.
0.017857 0.053571 0.089286 0.125000 0.160714 0.196429 0.232143 0.267857 0.303571 0.339286 0.375000 0.410714 0.446429 0.482143 0.517857 0.553571 0.589286 0.625000 0.660714 0.696429 0.732143 0.767857 0.803571 0.839286 0.875000 0.910714 0.946429 0.982143 
0 0.0491740 0.2119960 0.9305220 0.1937120 0.9316300 0.2152700 0.0502820 0.233554
3. Числа Октября выпалъ первый снѣгъ, 4-го насту-
0.010204 0.030612 0.051020 0.071429 0.091837 0.112245 0.132653 0.153061 0.173469 0.193878 0.214286 0.234694 0.255102 0.275510 0.295918 0.316327 0.336735 0.357143 0.377551 0.397959 0.418367 0.438776 0.459184 0.479592 0.500000 0.520408 0.540816 0.561224 0.581633 0.602041 0.622449 0.642857 0.663265 0.683673 0.704082 0.724490 0.744898 0.765306 0.785714 0.806122 0.826531 0.846939 0.867347 0.887755 0.908163 0.928571 0.948980 0.969388 0.989796 
0 0.0464900 0.2468420 0.9384540 0.2285100 0.9396630 0.2522420 0.0477000 0.270574
пилъ морозъ такъ что распашка картофеля сдѣла-
0.010870 0.032609 0.054348 0.076087 0.097826 0.119565 0.141304 0.163043 0.184783 0.206522 0.228261 0.250000 0.271739 0.293478 0.315217 0.336957 0.358696 0.380435 0.402174 0.423913 0.445652 0.467391 0.489130 0.510870 0.532609 0.554348 0.576087 0.597826 0.619565 0.641304 0.663043 0.684783 0.706522 0.728261 0.750000 0.771739 0.793478 0.815217 0.836957 0.858696 0.880435 0.902174 0.923913 0.945652 0.967391 0.989130 
0 0.0498410 0.2831080 0.9550290 0.2593670 0.9567140 0.2852950 0.0515270 0.309036
лась затруднительна, и пахать можно было только
0.010638 0.031915 0.053191 0.074468 0.095745 0.117021 0.138298 0.159574 0.180851 0.202128 0.223404 0.244681 0.265957 0.287234 0.308511 0.329787 0.351064 0.372340 0.393617 0.414894 0.436170 0.457447 0.478723 0.500000 0.521277 0.542553 0.563830 0.585106 0.606383 0.627660 0.648936 0.670213 0.691489 0.712766 0.734043 0.755319 0.776596 0.797872 0.819149 0.840426 0.861702 0.882979 0.904255 0.925532 0.946809 0.968085 0.989362 
0 0.0524980 0.3160610 0.9578140 0.2925810 0.9593640 0.3166870 0.0540480 0.340167
плугомъ. 13 числа морозъ совершенно сватилъ землю
0.010204 0.030612 0.051020 0.071429 0.091837 0.112245 0.132653 0.153061 0.173469 0.193878 0.214286 0.234694 0.255102 0.275510 0.295918 0.316327 0.336735 0.357143 0.377551 0.397959 0.418367 0.438776 0.459184 0.479592 0.500000 0.520408 0.540816 0.561224 0.581633 0.602041 0.622449 0.642857 0.663265 0.683673 0.704082 0.724490 0.744898 0.765306 0.785714 0.806122 0.826531 0.846939 0.867347 0.887755 0.908163 0.928571 0.948980 0.969388 0.989796 
0 0.0559500 0.3473630 0.9602350 0.3200390 0.9621980 0.3462450 0.0579130 0.373569
15. числа началась мятель и 42 десятины картофеля
0.010204 0.030612 0.051020 0.071429 0.091837 0.112245 0.132653 0.153061 0.173469 0.193878 0.214286 0.234694 0.255102 0.275510 0.295918 0.316327 0.336735 0.357143 0.377551 0.397959 0.418367 0.438776 0.459184 0.479592 0.500000 0.520408 0.540816 0.561224 0.581633 0.602041 0.622449 0.642857 0.663265 0.683673 0.704082 0.724490 0.744898 0.765306 0.785714 0.806122 0.826531 0.846939 0.867347 0.887755 0.908163 0.928571 0.948980 0.969388 0.989796 
0 0.0573290 0.3802600 0.4899720 0.3727480 0.4909010 0.3943120 0.0582580 0.401825
осталось подъ снѣгомъ.—.
0.020833 0.062500 0.104167 0.145833 0.187500 0.229167 0.270833 0.312500 0.354167 0.395833 0.437500 0.479167 0.520833 0.562500 0.604167 0.645833 0.687500 0.729167 0.770833 0.812500 0.854167 0.895833 0.937500 0.979167 
0 0.0081530 0.4191230 0.8652990 0.3877230 0.8676270 0.4133550 0.0104810 0.444755
1853. Вѣсна. 12 Апрѣля наступила ясная погода; — Снѣгъ
0.009259 0.027778 0.046296 0.064815 0.083333 0.101852 0.120370 0.138889 0.157407 0.175926 0.194444 0.212963 0.231481 0.250000 0.268519 0.287037 0.305556 0.324074 0.342593 0.361111 0.379630 0.398148 0.416667 0.435185 0.453704 0.472222 0.490741 0.509259 0.527778 0.546296 0.564815 0.583333 0.601852 0.620370 0.638889 0.657407 0.675926 0.694444 0.712963 0.731481 0.750000 0.768519 0.787037 0.805556 0.824074 0.842593 0.861111 0.879630 0.898148 0.916667 0.935185 0.953704 0.972222 0.990741 
0 0.0599810 0.4469580 0.3480530 0.4366050 0.3502210 0.4609480 0.0621500 0.471301
сходитъ быстро.
0.033333 0.100000 0.166667 0.233333 0.300000 0.366667 0.433333 0.500000 0.566667 0.633333 0.700000 0.766667 0.833333 0.900000 0.966667 
0 0.0948520 0.4794810 0.8154230 0.4553720 0.8176250 0.4819120 0.0970530 0.506021
#
0.500000 
0 0.1117180 0.5171650 0.8866520 0.4917800 0.8889790 0.5204400 0.1140450 0.545825
#
0.500000 
0 0.1125370 0.5310420 0.9126510 0.5160630 0.9137480 0.5397080 0.1136340 0.554687
#
0.500000 
0 0.1002560 0.5556680 0.8897760 0.5313450 0.8917290 0.5569180 0.1022090 0.581242
#
0.500000 
0 0.1073280 0.5988040 0.8644240 0.5709750 0.8667370 0.5963580 0.1096420 0.624188
#
0.500000 
0 0.2832130 0.6302800 0.6995660 0.6151570 0.7016990 0.6388510 0.2853460 0.653974
#
0.500000 
0 0.2552140 0.6605050 0.8421230 0.6489500 0.8432900 0.6728530 0.2563800 0.684408
#
0.500000 
0 0.1154080 0.6992790 0.9137590 0.6898580 0.9145380 0.7164810 0.1161870 0.725902
#
0.500000 
0 0.1185500 0.7381950 0.9024410 0.7204860 0.9039930 0.7482060 0.1201020 0.765915
#
0.500000 
0 0.2188530 0.7714150 0.8994810 0.7619570 0.9002960 0.7856020 0.2196670 0.795060
#
0.500000 
0 0.2200120 0.8005020 0.9033490 0.7952260 0.9037930 0.8184040 0.2204560 0.823680
#
0.500000 
0 0.2217490 0.8346500 0.9014870 0.8289590 0.9019980 0.8535920 0.2222600 0.859283
#
0.500000 
0 0.2233390 0.8666870 0.9369350 0.8571610 0.9377540 0.8819190 0.2241580 0.891445
#
0.500000 
0 0.1325510 0.8943710 0.8675410 0.9034160 0.8667990 0.9277180 0.1318100 0.918672
#
0.500000 
0 0.2269070 0.9241460 0.9655070 0.9300440 0.9650050 0.9553590 0.2264060 0.949461
#
0.500000 
