0 0.1200550 0.0460430 0.4280100 0.0454190 0.4281190 0.0684630 0.1201640 0.069087
1856. Февраль.
0.035714 0.107143 0.178571 0.250000 0.321429 0.392857 0.464286 0.535714 0.607143 0.678571 0.750000 0.821429 0.892857 0.964286 
0 0.1612770 0.1033640 0.9387660 0.0964100 0.9392790 0.1209560 0.1617900 0.127910
#
0.500000 
0 0.1603300 0.1494350 0.9386780 0.1407940 0.9392540 0.1629680 0.1609060 0.171610
#
0.500000 
0 0.1572710 0.1908630 0.9288380 0.1890850 0.9289660 0.2128580 0.1573990 0.214636
#
0.500000 
0 0.1516280 0.2321970 0.9197030 0.2188580 0.9207170 0.2438300 0.1526430 0.257168
#
0.500000 
0 0.1499870 0.2650080 0.9265820 0.2519810 0.9275480 0.2765980 0.1509540 0.289626
#
0.500000 
0 0.1388490 0.3018270 0.9450130 0.2854190 0.9461410 0.3091240 0.1399770 0.325532
25. Спалъ тяжело, всталъ тяжело съ головною
0.011628 0.034884 0.058140 0.081395 0.104651 0.127907 0.151163 0.174419 0.197674 0.220930 0.244186 0.267442 0.290698 0.313953 0.337209 0.360465 0.383721 0.406977 0.430233 0.453488 0.476744 0.500000 0.523256 0.546512 0.569767 0.593023 0.616279 0.639535 0.662791 0.686047 0.709302 0.732558 0.755814 0.779070 0.802326 0.825581 0.848837 0.872093 0.895349 0.918605 0.941860 0.965116 0.988372 
0 0.1426420 0.3334410 0.9471620 0.3257420 0.9476980 0.3496870 0.1431780 0.357386
болью. Отправилъ обмѣривать Конный дворъ
0.012500 0.037500 0.062500 0.087500 0.112500 0.137500 0.162500 0.187500 0.212500 0.237500 0.262500 0.287500 0.312500 0.337500 0.362500 0.387500 0.412500 0.437500 0.462500 0.487500 0.512500 0.537500 0.562500 0.587500 0.612500 0.637500 0.662500 0.687500 0.712500 0.737500 0.762500 0.787500 0.812500 0.837500 0.862500 0.887500 0.912500 0.937500 0.962500 0.987500 
0 0.1447570 0.3703830 0.9373230 0.3533920 0.9385410 0.3776780 0.1459760 0.394670
всё это въ страшную мятель и морозъ —
0.013514 0.040541 0.067568 0.094595 0.121622 0.148649 0.175676 0.202703 0.229730 0.256757 0.283784 0.310811 0.337838 0.364865 0.391892 0.418919 0.445946 0.472973 0.500000 0.527027 0.554054 0.581081 0.608108 0.635135 0.662162 0.689189 0.716216 0.743243 0.770270 0.797297 0.824324 0.851351 0.878378 0.905405 0.932432 0.959459 0.986486 
0 0.1457090 0.4043620 0.9316240 0.3906390 0.9326070 0.4146990 0.1466920 0.428423
нанесли на планъ — кажется выходитъ
0.014286 0.042857 0.071429 0.100000 0.128571 0.157143 0.185714 0.214286 0.242857 0.271429 0.300000 0.328571 0.357143 0.385714 0.414286 0.442857 0.471429 0.500000 0.528571 0.557143 0.585714 0.614286 0.642857 0.671429 0.700000 0.728571 0.757143 0.785714 0.814286 0.842857 0.871429 0.900000 0.928571 0.957143 0.985714 
0 0.1524670 0.4380150 0.9190010 0.4245090 0.9199840 0.4483650 0.1534510 0.461871
отлично — всё умышленно какъ будто по
0.013514 0.040541 0.067568 0.094595 0.121622 0.148649 0.175676 0.202703 0.229730 0.256757 0.283784 0.310811 0.337838 0.364865 0.391892 0.418919 0.445946 0.472973 0.500000 0.527027 0.554054 0.581081 0.608108 0.635135 0.662162 0.689189 0.716216 0.743243 0.770270 0.797297 0.824324 0.851351 0.878378 0.905405 0.932432 0.959459 0.986486 
0 0.1537550 0.4757410 0.9167410 0.4539340 0.9183370 0.4777860 0.1553500 0.499593
заказу — Полагаю это важный моментъ!!...
0.012500 0.037500 0.062500 0.087500 0.112500 0.137500 0.162500 0.187500 0.212500 0.237500 0.262500 0.287500 0.312500 0.337500 0.362500 0.387500 0.412500 0.437500 0.462500 0.487500 0.512500 0.537500 0.562500 0.587500 0.612500 0.637500 0.662500 0.687500 0.712500 0.737500 0.762500 0.787500 0.812500 0.837500 0.862500 0.887500 0.912500 0.937500 0.962500 0.987500 
0 0.3041100 0.4953200 0.9386230 0.4879410 0.9392510 0.5110150 0.3047380 0.518393
Вечеромъ болѣла голова, заниматься
0.014706 0.044118 0.073529 0.102941 0.132353 0.161765 0.191176 0.220588 0.250000 0.279412 0.308824 0.338235 0.367647 0.397059 0.426471 0.455882 0.485294 0.514706 0.544118 0.573529 0.602941 0.632353 0.661765 0.691176 0.720588 0.750000 0.779412 0.808824 0.838235 0.867647 0.897059 0.926471 0.955882 0.985294 
0 0.1450960 0.5331220 0.9453530 0.5235500 0.9460800 0.5495340 0.1458240 0.559105
не могу, работать также. Вечеромъ читалъ
0.012500 0.037500 0.062500 0.087500 0.112500 0.137500 0.162500 0.187500 0.212500 0.237500 0.262500 0.287500 0.312500 0.337500 0.362500 0.387500 0.412500 0.437500 0.462500 0.487500 0.512500 0.537500 0.562500 0.587500 0.612500 0.637500 0.662500 0.687500 0.712500 0.737500 0.762500 0.787500 0.812500 0.837500 0.862500 0.887500 0.912500 0.937500 0.962500 0.987500 
0 0.1425770 0.5728440 0.9310970 0.5644960 0.9317010 0.5888710 0.1431800 0.597220
повѣсть Тургенева: Рудинъ — хорошая, до-
0.012500 0.037500 0.062500 0.087500 0.112500 0.137500 0.162500 0.187500 0.212500 0.237500 0.262500 0.287500 0.312500 0.337500 0.362500 0.387500 0.412500 0.437500 0.462500 0.487500 0.512500 0.537500 0.562500 0.587500 0.612500 0.637500 0.662500 0.687500 0.712500 0.737500 0.762500 0.787500 0.812500 0.837500 0.862500 0.887500 0.912500 0.937500 0.962500 0.987500 
0 0.1456660 0.6134850 0.8910060 0.6000480 0.8921430 0.6270020 0.1468030 0.640440
бротная вещь — Этюдъ весьма вѣрный
0.014706 0.044118 0.073529 0.102941 0.132353 0.161765 0.191176 0.220588 0.250000 0.279412 0.308824 0.338235 0.367647 0.397059 0.426471 0.455882 0.485294 0.514706 0.544118 0.573529 0.602941 0.632353 0.661765 0.691176 0.720588 0.750000 0.779412 0.808824 0.838235 0.867647 0.897059 0.926471 0.955882 0.985294 
0 0.1448300 0.6489880 0.9450730 0.6359810 0.9460830 0.6625250 0.1458390 0.675532
изложенъ хорошо, не безъ всякаго блеска — умно.
0.010638 0.031915 0.053191 0.074468 0.095745 0.117021 0.138298 0.159574 0.180851 0.202128 0.223404 0.244681 0.265957 0.287234 0.308511 0.329787 0.351064 0.372340 0.393617 0.414894 0.436170 0.457447 0.478723 0.500000 0.521277 0.542553 0.563830 0.585106 0.606383 0.627660 0.648936 0.670213 0.691489 0.712766 0.734043 0.755319 0.776596 0.797872 0.819149 0.840426 0.861702 0.882979 0.904255 0.925532 0.946809 0.968085 0.989362 
0 0.1479620 0.6945800 0.9321630 0.6736700 0.9337090 0.6984420 0.1495070 0.719352
Вообще начало пребыванія въ Кобылинкѣ
0.013514 0.040541 0.067568 0.094595 0.121622 0.148649 0.175676 0.202703 0.229730 0.256757 0.283784 0.310811 0.337838 0.364865 0.391892 0.418919 0.445946 0.472973 0.500000 0.527027 0.554054 0.581081 0.608108 0.635135 0.662162 0.689189 0.716216 0.743243 0.770270 0.797297 0.824324 0.851351 0.878378 0.905405 0.932432 0.959459 0.986486 
0 0.1538560 0.7378720 0.9312760 0.7178110 0.9326800 0.7410620 0.1552600 0.761123
еще не оказывается благопріятно — какая-то
0.011905 0.035714 0.059524 0.083333 0.107143 0.130952 0.154762 0.178571 0.202381 0.226190 0.250000 0.273810 0.297619 0.321429 0.345238 0.369048 0.392857 0.416667 0.440476 0.464286 0.488095 0.511905 0.535714 0.559524 0.583333 0.607143 0.630952 0.654762 0.678571 0.702381 0.726190 0.750000 0.773810 0.797619 0.821429 0.845238 0.869048 0.892857 0.916667 0.940476 0.964286 0.988095 
0 0.1571900 0.7769610 0.9440520 0.7599070 0.9453830 0.7861390 0.1585200 0.803193
во мнѣ усталость, старость, руки опу-
0.013514 0.040541 0.067568 0.094595 0.121622 0.148649 0.175676 0.202703 0.229730 0.256757 0.283784 0.310811 0.337838 0.364865 0.391892 0.418919 0.445946 0.472973 0.500000 0.527027 0.554054 0.581081 0.608108 0.635135 0.662162 0.689189 0.716216 0.743243 0.770270 0.797297 0.824324 0.851351 0.878378 0.905405 0.932432 0.959459 0.986486 
0 0.1615590 0.8163120 0.9482780 0.7996930 0.9495350 0.8251340 0.1628160 0.841754
скаются, голова вяла и какъ бы высохла,
0.012821 0.038462 0.064103 0.089744 0.115385 0.141026 0.166667 0.192308 0.217949 0.243590 0.269231 0.294872 0.320513 0.346154 0.371795 0.397436 0.423077 0.448718 0.474359 0.500000 0.525641 0.551282 0.576923 0.602564 0.628205 0.653846 0.679487 0.705128 0.730769 0.756410 0.782051 0.807692 0.833333 0.858974 0.884615 0.910256 0.935897 0.961538 0.987179 
0 0.1566640 0.8592470 0.9544580 0.8436180 0.9554450 0.8651640 0.1576510 0.880793
лицо посунулось, волосы какъ-то рѣдѣютъ —
0.012195 0.036585 0.060976 0.085366 0.109756 0.134146 0.158537 0.182927 0.207317 0.231707 0.256098 0.280488 0.304878 0.329268 0.353659 0.378049 0.402439 0.426829 0.451220 0.475610 0.500000 0.524390 0.548780 0.573171 0.597561 0.621951 0.646341 0.670732 0.695122 0.719512 0.743902 0.768293 0.792683 0.817073 0.841463 0.865854 0.890244 0.914634 0.939024 0.963415 0.987805 
0 0.1656950 0.8988940 0.9362880 0.8794740 0.9377480 0.9042260 0.1671540 0.923646
во всемъ мнѣ пахнетъ осенью — кажется и
0.012821 0.038462 0.064103 0.089744 0.115385 0.141026 0.166667 0.192308 0.217949 0.243590 0.269231 0.294872 0.320513 0.346154 0.371795 0.397436 0.423077 0.448718 0.474359 0.500000 0.525641 0.551282 0.576923 0.602564 0.628205 0.653846 0.679487 0.705128 0.730769 0.756410 0.782051 0.807692 0.833333 0.858974 0.884615 0.910256 0.935897 0.961538 0.987179 
