0 0.0996560 0.0988770 0.9024580 0.0851740 0.9034730 0.1098040 0.1006710 0.123507
12. Погода теплая. Утро шелъ пѣшкомъ изъ
0.012500 0.037500 0.062500 0.087500 0.112500 0.137500 0.162500 0.187500 0.212500 0.237500 0.262500 0.287500 0.312500 0.337500 0.362500 0.387500 0.412500 0.437500 0.462500 0.487500 0.512500 0.537500 0.562500 0.587500 0.612500 0.637500 0.662500 0.687500 0.712500 0.737500 0.762500 0.787500 0.812500 0.837500 0.862500 0.887500 0.912500 0.937500 0.962500 0.987500 
0 0.1831840 0.1329640 0.9125630 0.1239310 0.9132620 0.1472910 0.1838830 0.156324
Саларева гдѣ ночевалъ. Вечеръ Скачьки.—.
0.012500 0.037500 0.062500 0.087500 0.112500 0.137500 0.162500 0.187500 0.212500 0.237500 0.262500 0.287500 0.312500 0.337500 0.362500 0.387500 0.412500 0.437500 0.462500 0.487500 0.512500 0.537500 0.562500 0.587500 0.612500 0.637500 0.662500 0.687500 0.712500 0.737500 0.762500 0.787500 0.812500 0.837500 0.862500 0.887500 0.912500 0.937500 0.962500 0.987500 
0 0.1651670 0.1693230 0.9106820 0.1570830 0.9115370 0.1786580 0.1660220 0.190898
Манькевичь проигралъ.—. Вадимъ выигралъ —
0.012195 0.036585 0.060976 0.085366 0.109756 0.134146 0.158537 0.182927 0.207317 0.231707 0.256098 0.280488 0.304878 0.329268 0.353659 0.378049 0.402439 0.426829 0.451220 0.475610 0.500000 0.524390 0.548780 0.573171 0.597561 0.621951 0.646341 0.670732 0.695122 0.719512 0.743902 0.768293 0.792683 0.817073 0.841463 0.865854 0.890244 0.914634 0.939024 0.963415 0.987805 
0 0.1024800 0.2068030 0.5970990 0.1991840 0.5979020 0.2207630 0.1032830 0.228382
13. Утро скакалъ по кругу. —
0.017857 0.053571 0.089286 0.125000 0.160714 0.196429 0.232143 0.267857 0.303571 0.339286 0.375000 0.410714 0.446429 0.482143 0.517857 0.553571 0.589286 0.625000 0.660714 0.696429 0.732143 0.767857 0.803571 0.839286 0.875000 0.910714 0.946429 0.982143 
0 0.1552110 0.2404850 0.9328490 0.2253840 0.9339730 0.2493650 0.1563350 0.264467
Въ полдень Anaïs sur le chemin de Bratowa..
0.011628 0.034884 0.058140 0.081395 0.104651 0.127907 0.151163 0.174419 0.197674 0.220930 0.244186 0.267442 0.290698 0.313953 0.337209 0.360465 0.383721 0.406977 0.430233 0.453488 0.476744 0.500000 0.523256 0.546512 0.569767 0.593023 0.616279 0.639535 0.662791 0.686047 0.709302 0.732558 0.755814 0.779070 0.802326 0.825581 0.848837 0.872093 0.895349 0.918605 0.941860 0.965116 0.988372 
0 0.1092960 0.2794260 0.9444070 0.2629670 0.9456260 0.2885810 0.1105150 0.305040
14. Скачьки. Жарко — вечеромъ въ 11 ч. т.р. +13°
0.010417 0.031250 0.052083 0.072917 0.093750 0.114583 0.135417 0.156250 0.177083 0.197917 0.218750 0.239583 0.260417 0.281250 0.302083 0.322917 0.343750 0.364583 0.385417 0.406250 0.427083 0.447917 0.468750 0.489583 0.510417 0.531250 0.552083 0.572917 0.593750 0.614583 0.635417 0.656250 0.677083 0.697917 0.718750 0.739583 0.760417 0.781250 0.802083 0.822917 0.843750 0.864583 0.885417 0.906250 0.927083 0.947917 0.968750 0.989583 
0 0.2305240 0.3025610 0.3694050 0.3000700 0.3703400 0.3216600 0.2314600 0.324152
Вода 17°.
0.055556 0.166667 0.277778 0.388889 0.500000 0.611111 0.722222 0.833333 0.944444 
0 0.1139700 0.3237970 0.9311940 0.3098570 0.9321760 0.3337090 0.1149520 0.347649
15. Утро и день жаркіе. Купался цѣлый часъ —
0.011364 0.034091 0.056818 0.079545 0.102273 0.125000 0.147727 0.170455 0.193182 0.215909 0.238636 0.261364 0.284091 0.306818 0.329545 0.352273 0.375000 0.397727 0.420455 0.443182 0.465909 0.488636 0.511364 0.534091 0.556818 0.579545 0.602273 0.625000 0.647727 0.670455 0.693182 0.715909 0.738636 0.761364 0.784091 0.806818 0.829545 0.852273 0.875000 0.897727 0.920455 0.943182 0.965909 0.988636 
0 0.0896270 0.3679400 0.9523900 0.3470860 0.9538080 0.3713830 0.0910450 0.392237
былъ вечеръ у Бессана. Въ 12 ч. ночи т.р. +14°. —
0.010204 0.030612 0.051020 0.071429 0.091837 0.112245 0.132653 0.153061 0.173469 0.193878 0.214286 0.234694 0.255102 0.275510 0.295918 0.316327 0.336735 0.357143 0.377551 0.397959 0.418367 0.438776 0.459184 0.479592 0.500000 0.520408 0.540816 0.561224 0.581633 0.602041 0.622449 0.642857 0.663265 0.683673 0.704082 0.724490 0.744898 0.765306 0.785714 0.806122 0.826531 0.846939 0.867347 0.887755 0.908163 0.928571 0.948980 0.969388 0.989796 
0 0.1208360 0.4093450 0.9587030 0.3907190 0.9600630 0.4160590 0.1221960 0.434684
16.—. День жаркій. Вода +18°. Въ 12 часовъ ночи т.р. +13°.
0.008621 0.025862 0.043103 0.060345 0.077586 0.094828 0.112069 0.129310 0.146552 0.163793 0.181034 0.198276 0.215517 0.232759 0.250000 0.267241 0.284483 0.301724 0.318966 0.336207 0.353448 0.370690 0.387931 0.405172 0.422414 0.439655 0.456897 0.474138 0.491379 0.508621 0.525862 0.543103 0.560345 0.577586 0.594828 0.612069 0.629310 0.646552 0.663793 0.681034 0.698276 0.715517 0.732759 0.750000 0.767241 0.784483 0.801724 0.818966 0.836207 0.853448 0.870690 0.887931 0.905172 0.922414 0.939655 0.956897 0.974138 0.991379 
0 0.1787860 0.4420920 0.5882810 0.4373550 0.5888840 0.4589440 0.1793890 0.463681
Скачьки. Аросъ проигралъ. —
0.018519 0.055556 0.092593 0.129630 0.166667 0.203704 0.240741 0.277778 0.314815 0.351852 0.388889 0.425926 0.462963 0.500000 0.537037 0.574074 0.611111 0.648148 0.685185 0.722222 0.759259 0.796296 0.833333 0.870370 0.907407 0.944444 0.981481 
0 0.1272940 0.4805490 0.9559450 0.4489410 0.9584370 0.4760010 0.1297860 0.507608
17. — День жаркій — Вода +18°. Въ 12 часовъ вечера +15°
0.009091 0.027273 0.045455 0.063636 0.081818 0.100000 0.118182 0.136364 0.154545 0.172727 0.190909 0.209091 0.227273 0.245455 0.263636 0.281818 0.300000 0.318182 0.336364 0.354545 0.372727 0.390909 0.409091 0.427273 0.445455 0.463636 0.481818 0.500000 0.518182 0.536364 0.554545 0.572727 0.590909 0.609091 0.627273 0.645455 0.663636 0.681818 0.700000 0.718182 0.736364 0.754545 0.772727 0.790909 0.809091 0.827273 0.845455 0.863636 0.881818 0.900000 0.918182 0.936364 0.954545 0.972727 0.990909 
0 0.5129370 0.4974180 0.9296560 0.4836650 0.9315550 0.5074990 0.5148350 0.521252
# обѣдъ у
0.055556 0.166667 0.277778 0.388889 0.500000 0.611111 0.722222 0.833333 0.944444 
0 0.8256250 0.5082430 0.9645100 0.5095760 0.9640090 0.5312010 0.8251250 0.529868
Шевалье.
0.062500 0.187500 0.312500 0.437500 0.562500 0.687500 0.812500 0.937500 
0 0.1340070 0.5343650 0.3580170 0.5319160 0.3585870 0.5535220 0.1345770 0.555971
18. Тоже.
0.055556 0.166667 0.277778 0.388889 0.500000 0.611111 0.722222 0.833333 0.944444 
0 0.3969260 0.5300440 0.9578610 0.5296810 0.9578970 0.5529370 0.3969630 0.553300
Вода +18. Вечеромъ въ 12 ч. +16½°
0.015152 0.045455 0.075758 0.106061 0.136364 0.166667 0.196970 0.227273 0.257576 0.287879 0.318182 0.348485 0.378788 0.409091 0.439394 0.469697 0.500000 0.530303 0.560606 0.590909 0.621212 0.651515 0.681818 0.712121 0.742424 0.772727 0.803030 0.833333 0.863636 0.893939 0.924242 0.954545 0.984848 
0 0.4735370 0.5510840 0.9269390 0.5452050 0.9276150 0.5667920 0.4742130 0.572671
Утро на кругу — Anaïs до 11 ч. утра —
0.013514 0.040541 0.067568 0.094595 0.121622 0.148649 0.175676 0.202703 0.229730 0.256757 0.283784 0.310811 0.337838 0.364865 0.391892 0.418919 0.445946 0.472973 0.500000 0.527027 0.554054 0.581081 0.608108 0.635135 0.662162 0.689189 0.716216 0.743243 0.770270 0.797297 0.824324 0.851351 0.878378 0.905405 0.932432 0.959459 0.986486 
0 0.6859060 0.5608980 0.9645750 0.5573030 0.9652480 0.5788930 0.6865780 0.582488
#
0.500000 
0 0.1352030 0.5828670 0.3332180 0.5774720 0.3346360 0.5990290 0.1366210 0.604424
19. Тоже.
0.055556 0.166667 0.277778 0.388889 0.500000 0.611111 0.722222 0.833333 0.944444 
0 0.4008370 0.5775850 0.4886400 0.5761640 0.4894840 0.5977450 0.4016810 0.599166
Вода
0.125000 0.375000 0.625000 0.875000 
0 0.6248320 0.5737960 0.9151410 0.5688630 0.9160270 0.5904390 0.6257170 0.595373
Вечеромъ не смотрелъ
0.025000 0.075000 0.125000 0.175000 0.225000 0.275000 0.325000 0.375000 0.425000 0.475000 0.525000 0.575000 0.625000 0.675000 0.725000 0.775000 0.825000 0.875000 0.925000 0.975000 
0 0.1100840 0.6207040 0.1453970 0.6155490 0.1804350 0.7149630 0.1451220 0.720119
#
0.500000 
0 0.3210990 0.6082320 0.9375480 0.5990770 0.9383870 0.6224920 0.3219380 0.631647
на теплый дождь въ 12 ч. ночи +17°.
0.014286 0.042857 0.071429 0.100000 0.128571 0.157143 0.185714 0.214286 0.242857 0.271429 0.300000 0.328571 0.357143 0.385714 0.414286 0.442857 0.471429 0.500000 0.528571 0.557143 0.585714 0.614286 0.642857 0.671429 0.700000 0.728571 0.757143 0.785714 0.814286 0.842857 0.871429 0.900000 0.928571 0.957143 0.985714 
0 0.0914510 0.6675720 0.1258570 0.6607340 0.1575730 0.7268310 0.1231670 0.733670
#
0.500000 
0 0.1900320 0.6438190 0.9551610 0.6279150 0.9563940 0.6524790 0.1912650 0.668383
Скачька. Вадимъ на скачькѣ 5 в. съ перескачькою
0.010638 0.031915 0.053191 0.074468 0.095745 0.117021 0.138298 0.159574 0.180851 0.202128 0.223404 0.244681 0.265957 0.287234 0.308511 0.329787 0.351064 0.372340 0.393617 0.414894 0.436170 0.457447 0.478723 0.500000 0.521277 0.542553 0.563830 0.585106 0.606383 0.627660 0.648936 0.670213 0.691489 0.712766 0.734043 0.755319 0.776596 0.797872 0.819149 0.840426 0.861702 0.882979 0.904255 0.925532 0.946809 0.968085 0.989362 
0 0.4037440 0.6646870 0.9189740 0.6593950 0.9195100 0.6809850 0.4042790 0.686278
на второмъ гидѣ захромалъ.
0.019231 0.057692 0.096154 0.134615 0.173077 0.211538 0.250000 0.288462 0.326923 0.365385 0.403846 0.442308 0.480769 0.519231 0.557692 0.596154 0.634615 0.673077 0.711538 0.750000 0.788462 0.826923 0.865385 0.903846 0.942308 0.980769 
0 0.2591680 0.7022050 0.9437490 0.6893720 0.9447260 0.7109450 0.2601440 0.723777
Призъ взяла Талюнъ Черкаскаго отъ Гремо-
0.012500 0.037500 0.062500 0.087500 0.112500 0.137500 0.162500 0.187500 0.212500 0.237500 0.262500 0.287500 0.312500 0.337500 0.362500 0.387500 0.412500 0.437500 0.462500 0.487500 0.512500 0.537500 0.562500 0.587500 0.612500 0.637500 0.662500 0.687500 0.712500 0.737500 0.762500 0.787500 0.812500 0.837500 0.862500 0.887500 0.912500 0.937500 0.962500 0.987500 
0 0.2647750 0.7367910 0.4162040 0.7349050 0.4168540 0.7565180 0.2654250 0.758404
лиуса...
0.062500 0.187500 0.312500 0.437500 0.562500 0.687500 0.812500 0.937500 
0 0.1421140 0.7698920 0.6214870 0.7651350 0.6220440 0.7883890 0.1426710 0.793146
20-е. День средній, дождь —
0.018519 0.055556 0.092593 0.129630 0.166667 0.203704 0.240741 0.277778 0.314815 0.351852 0.388889 0.425926 0.462963 0.500000 0.537037 0.574074 0.611111 0.648148 0.685185 0.722222 0.759259 0.796296 0.833333 0.870370 0.907407 0.944444 0.981481 
0 0.5961440 0.7800540 0.8398650 0.7758700 0.8407600 0.7974550 0.5970380 0.801639
#
0.500000 
0 0.1507420 0.8115350 0.9517210 0.7966860 0.9527770 0.8203000 0.1517990 0.835149
#
0.500000 
0 0.1513060 0.8451640 0.9586560 0.8426430 0.9588300 0.8657540 0.1514800 0.868275
#
0.500000 
0 0.1671100 0.8814010 0.4197950 0.8844230 0.4191710 0.9060250 0.1664870 0.903003
#
0.500000 
0 0.5085350 0.8861520 0.7200000 0.8837030 0.7206040 0.9053100 0.5091390 0.907760
#
0.500000 
0 0.1668980 0.9213650 0.3362450 0.9182990 0.3371890 0.9398800 0.1678420 0.942947
#
0.500000 
0 0.5239510 0.9172990 0.7255610 0.9159690 0.7259060 0.9376000 0.5242950 0.938930
#
0.500000 
