0 0.0582140 0.0938460 0.8615330 0.0974940 0.8613670 0.1218490 0.0580480 0.118201
хорошо — а у худого — тоже. Другіе говорятъ: какая же это Свобода —
0.007463 0.022388 0.037313 0.052239 0.067164 0.082090 0.097015 0.111940 0.126866 0.141791 0.156716 0.171642 0.186567 0.201493 0.216418 0.231343 0.246269 0.261194 0.276119 0.291045 0.305970 0.320896 0.335821 0.350746 0.365672 0.380597 0.395522 0.410448 0.425373 0.440299 0.455224 0.470149 0.485075 0.500000 0.514925 0.529851 0.544776 0.559701 0.574627 0.589552 0.604478 0.619403 0.634328 0.649254 0.664179 0.679104 0.694030 0.708955 0.723881 0.738806 0.753731 0.768657 0.783582 0.798507 0.813433 0.828358 0.843284 0.858209 0.873134 0.888060 0.902985 0.917910 0.932836 0.947761 0.962687 0.977612 0.992537 
0 0.0606070 0.1270610 0.9234650 0.1308330 0.9232940 0.1569490 0.0604360 0.153177
этой свободы цѣлый векъ не дождешься. и т. дал. По сіе время сильно
0.007463 0.022388 0.037313 0.052239 0.067164 0.082090 0.097015 0.111940 0.126866 0.141791 0.156716 0.171642 0.186567 0.201493 0.216418 0.231343 0.246269 0.261194 0.276119 0.291045 0.305970 0.320896 0.335821 0.350746 0.365672 0.380597 0.395522 0.410448 0.425373 0.440299 0.455224 0.470149 0.485075 0.500000 0.514925 0.529851 0.544776 0.559701 0.574627 0.589552 0.604478 0.619403 0.634328 0.649254 0.664179 0.679104 0.694030 0.708955 0.723881 0.738806 0.753731 0.768657 0.783582 0.798507 0.813433 0.828358 0.843284 0.858209 0.873134 0.888060 0.902985 0.917910 0.932836 0.947761 0.962687 0.977612 0.992537 
0 0.0595560 0.1604180 0.9014600 0.1613490 0.9014170 0.1870170 0.0595140 0.186086
взволнованныхъ Страстей не видно. На Зумѣ помѣщики собравши
0.008475 0.025424 0.042373 0.059322 0.076271 0.093220 0.110169 0.127119 0.144068 0.161017 0.177966 0.194915 0.211864 0.228814 0.245763 0.262712 0.279661 0.296610 0.313559 0.330508 0.347458 0.364407 0.381356 0.398305 0.415254 0.432203 0.449153 0.466102 0.483051 0.500000 0.516949 0.533898 0.550847 0.567797 0.584746 0.601695 0.618644 0.635593 0.652542 0.669492 0.686441 0.703390 0.720339 0.737288 0.754237 0.771186 0.788136 0.805085 0.822034 0.838983 0.855932 0.872881 0.889831 0.906780 0.923729 0.940678 0.957627 0.974576 0.991525 
0 0.0653210 0.1965590 0.9129270 0.1990790 0.9128170 0.2236110 0.0652110 0.221091
своихъ людей, передали имъ Рескриптъ и отправили ихъ къ грамо-
0.008065 0.024194 0.040323 0.056452 0.072581 0.088710 0.104839 0.120968 0.137097 0.153226 0.169355 0.185484 0.201613 0.217742 0.233871 0.250000 0.266129 0.282258 0.298387 0.314516 0.330645 0.346774 0.362903 0.379032 0.395161 0.411290 0.427419 0.443548 0.459677 0.475806 0.491935 0.508065 0.524194 0.540323 0.556452 0.572581 0.588710 0.604839 0.620968 0.637097 0.653226 0.669355 0.685484 0.701613 0.717742 0.733871 0.750000 0.766129 0.782258 0.798387 0.814516 0.830645 0.846774 0.862903 0.879032 0.895161 0.911290 0.927419 0.943548 0.959677 0.975806 0.991935 
0 0.0673630 0.2368740 0.5216480 0.2317600 0.5220090 0.2531550 0.0677240 0.258268
тнымъ людямъ, чтобы читали.—.
0.017241 0.051724 0.086207 0.120690 0.155172 0.189655 0.224138 0.258621 0.293103 0.327586 0.362069 0.396552 0.431034 0.465517 0.500000 0.534483 0.568966 0.603448 0.637931 0.672414 0.706897 0.741379 0.775862 0.810345 0.844828 0.879310 0.913793 0.948276 0.982759 
0 0.1876430 0.2528470 0.2009800 0.2525810 0.2016130 0.2737640 0.1882760 0.274030
и
0.500000 
0 0.0684050 0.2611550 0.9269740 0.2569710 0.9271870 0.2860470 0.0686170 0.290231
31. Всталъ только было занялся Логикой какъ взошелъ Семенъ Иванычъ
0.007576 0.022727 0.037879 0.053030 0.068182 0.083333 0.098485 0.113636 0.128788 0.143939 0.159091 0.174242 0.189394 0.204545 0.219697 0.234848 0.250000 0.265152 0.280303 0.295455 0.310606 0.325758 0.340909 0.356061 0.371212 0.386364 0.401515 0.416667 0.431818 0.446970 0.462121 0.477273 0.492424 0.507576 0.522727 0.537879 0.553030 0.568182 0.583333 0.598485 0.613636 0.628788 0.643939 0.659091 0.674242 0.689394 0.704545 0.719697 0.734848 0.750000 0.765152 0.780303 0.795455 0.810606 0.825758 0.840909 0.856061 0.871212 0.886364 0.901515 0.916667 0.931818 0.946970 0.962121 0.977273 0.992424 
0 0.0650910 0.2986240 0.9188960 0.2941680 0.9190950 0.3194970 0.0652890 0.323952
и объявилъ, что заторгованные сѣмена пропали — ибо мы не
0.008929 0.026786 0.044643 0.062500 0.080357 0.098214 0.116071 0.133929 0.151786 0.169643 0.187500 0.205357 0.223214 0.241071 0.258929 0.276786 0.294643 0.312500 0.330357 0.348214 0.366071 0.383929 0.401786 0.419643 0.437500 0.455357 0.473214 0.491071 0.508929 0.526786 0.544643 0.562500 0.580357 0.598214 0.616071 0.633929 0.651786 0.669643 0.687500 0.705357 0.723214 0.741071 0.758929 0.776786 0.794643 0.812500 0.830357 0.848214 0.866071 0.883929 0.901786 0.919643 0.937500 0.955357 0.973214 0.991071 
0 0.0684300 0.3337850 0.8836720 0.3292590 0.8838650 0.3524020 0.0686220 0.356929
выслали денегъ. Сей часъ собралъ Ѳедора и отправилъ въ Москву
0.008197 0.024590 0.040984 0.057377 0.073770 0.090164 0.106557 0.122951 0.139344 0.155738 0.172131 0.188525 0.204918 0.221311 0.237705 0.254098 0.270492 0.286885 0.303279 0.319672 0.336066 0.352459 0.368852 0.385246 0.401639 0.418033 0.434426 0.450820 0.467213 0.483607 0.500000 0.516393 0.532787 0.549180 0.565574 0.581967 0.598361 0.614754 0.631148 0.647541 0.663934 0.680328 0.696721 0.713115 0.729508 0.745902 0.762295 0.778689 0.795082 0.811475 0.827869 0.844262 0.860656 0.877049 0.893443 0.909836 0.926230 0.942623 0.959016 0.975410 0.991803 
0 0.0701770 0.3661330 0.8973300 0.3566320 0.8977350 0.3801390 0.0705820 0.389639
къ отцу. Писалъ письма. Le petit rom. взволновалъ такъ что
0.008621 0.025862 0.043103 0.060345 0.077586 0.094828 0.112069 0.129310 0.146552 0.163793 0.181034 0.198276 0.215517 0.232759 0.250000 0.267241 0.284483 0.301724 0.318966 0.336207 0.353448 0.370690 0.387931 0.405172 0.422414 0.439655 0.456897 0.474138 0.491379 0.508621 0.525862 0.543103 0.560345 0.577586 0.594828 0.612069 0.629310 0.646552 0.663793 0.681034 0.698276 0.715517 0.732759 0.750000 0.767241 0.784483 0.801724 0.818966 0.836207 0.853448 0.870690 0.887931 0.905172 0.922414 0.939655 0.956897 0.974138 0.991379 
0 0.0687160 0.3969680 0.8886820 0.3859560 0.8891680 0.4101220 0.0692020 0.421134
весь день въ tuhr. Страшная боль. Думалъ что она пройдетъ
0.008772 0.026316 0.043860 0.061404 0.078947 0.096491 0.114035 0.131579 0.149123 0.166667 0.184211 0.201754 0.219298 0.236842 0.254386 0.271930 0.289474 0.307018 0.324561 0.342105 0.359649 0.377193 0.394737 0.412281 0.429825 0.447368 0.464912 0.482456 0.500000 0.517544 0.535088 0.552632 0.570175 0.587719 0.605263 0.622807 0.640351 0.657895 0.675439 0.692982 0.710526 0.728070 0.745614 0.763158 0.780702 0.798246 0.815789 0.833333 0.850877 0.868421 0.885965 0.903509 0.921053 0.938596 0.956140 0.973684 0.991228 
0 0.0733450 0.4285270 0.8885520 0.4141590 0.8892060 0.4389040 0.0739980 0.453272
отъ прогулки — нисколько. Вечеромъ легъ спать Pf. 120°. Am.
0.008475 0.025424 0.042373 0.059322 0.076271 0.093220 0.110169 0.127119 0.144068 0.161017 0.177966 0.194915 0.211864 0.228814 0.245763 0.262712 0.279661 0.296610 0.313559 0.330508 0.347458 0.364407 0.381356 0.398305 0.415254 0.432203 0.449153 0.466102 0.483051 0.500000 0.516949 0.533898 0.550847 0.567797 0.584746 0.601695 0.618644 0.635593 0.652542 0.669492 0.686441 0.703390 0.720339 0.737288 0.754237 0.771186 0.788136 0.805085 0.822034 0.838983 0.855932 0.872881 0.889831 0.906780 0.923729 0.940678 0.957627 0.974576 0.991525 
0 0.0714750 0.4632620 0.3024250 0.4588960 0.3030320 0.4802880 0.0720820 0.484654
высокой степени —
0.029412 0.088235 0.147059 0.205882 0.264706 0.323529 0.382353 0.441176 0.500000 0.558824 0.617647 0.676471 0.735294 0.794118 0.852941 0.911765 0.970588 
0 0.3715760 0.4928700 0.5834740 0.4853390 0.5846110 0.5066960 0.3727140 0.514226
#
0.500000 
0 0.0807550 0.5295690 0.8858540 0.5081850 0.8869050 0.5345850 0.0818060 0.555969
#
0.500000 
0 0.0813950 0.5685260 0.8723910 0.5529070 0.8730820 0.5762570 0.0820860 0.591875
#
0.500000 
0 0.0760800 0.6036690 0.8622550 0.5860830 0.8630590 0.6100700 0.0768850 0.627656
#
0.500000 
0 0.0748910 0.6410810 0.8491800 0.6181970 0.8503080 0.6436750 0.0760200 0.666558
#
0.500000 
0 0.0753110 0.6717180 0.8686550 0.6613600 0.8691770 0.6880790 0.0758340 0.698436
#
0.500000 
0 0.0778980 0.7017420 0.9045560 0.6961400 0.9048230 0.7224530 0.0781660 0.728054
#
0.500000 
0 0.0780610 0.7374890 0.8742400 0.7238110 0.8749160 0.7500670 0.0787380 0.763746
#
0.500000 
0 0.0762370 0.7709520 0.8752200 0.7561880 0.8758910 0.7804080 0.0769080 0.795171
#
0.500000 
0 0.0801990 0.8029720 0.8787610 0.7953050 0.8791340 0.8212470 0.0805720 0.828914
#
0.500000 
0 0.0864880 0.8364570 0.8412500 0.8314670 0.8414900 0.8556390 0.0867270 0.860629
#
0.500000 
0 0.0863420 0.8749450 0.8529930 0.8651480 0.8534550 0.8893030 0.0868050 0.899099
#
0.500000 
0 0.0922400 0.9101420 0.8517630 0.9054340 0.8519620 0.9268330 0.0924390 0.931540
#
0.500000 
