0 0.3278980 0.0999490 0.5236810 0.0954260 0.5248550 0.1166430 0.3290720 0.121166
1857. Годъ.
0.045455 0.136364 0.227273 0.318182 0.409091 0.500000 0.590909 0.681818 0.772727 0.863636 0.954545 
0 0.1466220 0.1292160 0.9217870 0.1156200 0.9228960 0.1420080 0.1477310 0.155605
Начинаю этотъ годъ темъ, что высказываю мое устойное
0.009615 0.028846 0.048077 0.067308 0.086538 0.105769 0.125000 0.144231 0.163462 0.182692 0.201923 0.221154 0.240385 0.259615 0.278846 0.298077 0.317308 0.336538 0.355769 0.375000 0.394231 0.413462 0.432692 0.451923 0.471154 0.490385 0.509615 0.528846 0.548077 0.567308 0.586538 0.605769 0.625000 0.644231 0.663462 0.682692 0.701923 0.721154 0.740385 0.759615 0.778846 0.798077 0.817308 0.836538 0.855769 0.875000 0.894231 0.913462 0.932692 0.951923 0.971154 0.990385 
0 0.1447230 0.1573150 0.9180780 0.1426540 0.9192900 0.1693470 0.1459350 0.184007
намѣреніе жениться въ этомъ году и жениться такъ какъ я
0.009091 0.027273 0.045455 0.063636 0.081818 0.100000 0.118182 0.136364 0.154545 0.172727 0.190909 0.209091 0.227273 0.245455 0.263636 0.281818 0.300000 0.318182 0.336364 0.354545 0.372727 0.390909 0.409091 0.427273 0.445455 0.463636 0.481818 0.500000 0.518182 0.536364 0.554545 0.572727 0.590909 0.609091 0.627273 0.645455 0.663636 0.681818 0.700000 0.718182 0.736364 0.754545 0.772727 0.790909 0.809091 0.827273 0.845455 0.863636 0.881818 0.900000 0.918182 0.936364 0.954545 0.972727 0.990909 
0 0.1483870 0.1917390 0.2450040 0.1893160 0.2462780 0.2105350 0.1496610 0.212958
думаю.
0.083333 0.250000 0.416667 0.583333 0.750000 0.916667 
0 0.2612550 0.2047230 0.8693270 0.1960410 0.8701750 0.2208370 0.2621030 0.229519
Франклинъ предписываетъ каждому три сдѣлать
0.011628 0.034884 0.058140 0.081395 0.104651 0.127907 0.151163 0.174419 0.197674 0.220930 0.244186 0.267442 0.290698 0.313953 0.337209 0.360465 0.383721 0.406977 0.430233 0.453488 0.476744 0.500000 0.523256 0.546512 0.569767 0.593023 0.616279 0.639535 0.662791 0.686047 0.709302 0.732558 0.755814 0.779070 0.802326 0.825581 0.848837 0.872093 0.895349 0.918605 0.941860 0.965116 0.988372 
0 0.2125720 0.2433940 0.4744620 0.2360330 0.4758890 0.2572390 0.2139990 0.264600
въ жизни три вещи.
0.027778 0.083333 0.138889 0.194444 0.250000 0.305556 0.361111 0.416667 0.472222 0.527778 0.583333 0.638889 0.694444 0.750000 0.805556 0.861111 0.916667 0.972222 
0 0.3783380 0.2621410 0.6097200 0.2588030 0.6104540 0.2800350 0.3790720 0.283373
1. Построить домъ.
0.027778 0.083333 0.138889 0.194444 0.250000 0.305556 0.361111 0.416667 0.472222 0.527778 0.583333 0.638889 0.694444 0.750000 0.805556 0.861111 0.916667 0.972222 
0 0.3784350 0.2888940 0.6221680 0.2860350 0.6227650 0.3072710 0.3790320 0.310130
2. Написать Книгу.
0.027778 0.083333 0.138889 0.194444 0.250000 0.305556 0.361111 0.416667 0.472222 0.527778 0.583333 0.638889 0.694444 0.750000 0.805556 0.861111 0.916667 0.972222 
0 0.3860830 0.3104930 0.5789620 0.3083320 0.5795310 0.3295700 0.3866520 0.331730
3. Жениться.
0.041667 0.125000 0.208333 0.291667 0.375000 0.458333 0.541667 0.625000 0.708333 0.791667 0.875000 0.958333 
0 0.1146130 0.3317050 0.9206400 0.3286000 0.9208690 0.3534180 0.1148420 0.356522
Домъ мой построенъ, книга написана, другая переведена.
0.009259 0.027778 0.046296 0.064815 0.083333 0.101852 0.120370 0.138889 0.157407 0.175926 0.194444 0.212963 0.231481 0.250000 0.268519 0.287037 0.305556 0.324074 0.342593 0.361111 0.379630 0.398148 0.416667 0.435185 0.453704 0.472222 0.490741 0.509259 0.527778 0.546296 0.564815 0.583333 0.601852 0.620370 0.638889 0.657407 0.675926 0.694444 0.712963 0.731481 0.750000 0.768519 0.787037 0.805556 0.824074 0.842593 0.861111 0.879630 0.898148 0.916667 0.935185 0.953704 0.972222 0.990741 
0 0.1366350 0.3649640 0.4057940 0.3599750 0.4067360 0.3812040 0.1375780 0.386193
Осталось третье.
0.031250 0.093750 0.156250 0.218750 0.281250 0.343750 0.406250 0.468750 0.531250 0.593750 0.656250 0.718750 0.781250 0.843750 0.906250 0.968750 
0 0.1205480 0.3876720 0.9247980 0.3804540 0.9253390 0.4056280 0.1210890 0.412846
#
0.500000 
0 0.1477010 0.4144860 0.9134100 0.4038790 0.9141140 0.4251100 0.1484060 0.435716
#
0.500000 
0 0.1519110 0.4396480 0.9263200 0.4274050 0.9272160 0.4510690 0.1528070 0.463312
#
0.500000 
0 0.1228710 0.4649720 0.9046180 0.4555700 0.9054220 0.4835040 0.1236760 0.492906
#
0.500000 
0 0.1477190 0.4900910 0.9127390 0.4821860 0.9133730 0.5078010 0.1483520 0.515706
#
0.500000 
0 0.1463060 0.5187020 0.9556240 0.5108540 0.9562080 0.5360070 0.1468900 0.543856
#
0.500000 
0 0.1518310 0.5505960 0.8976040 0.5382570 0.8985750 0.5627570 0.1528020 0.575096
#
0.500000 
0 0.1468320 0.5768230 0.9227400 0.5653940 0.9235980 0.5897260 0.1476900 0.601154
#
0.500000 
0 0.1486780 0.6046100 0.5540390 0.5985740 0.5548810 0.6221960 0.1495200 0.628231
#
0.500000 
0 0.1279910 0.6287950 0.8787900 0.6183700 0.8796040 0.6428530 0.1288050 0.653278
3-е. 4-е. 5-е. Постоянно занимаюсь утрами Гегелемъ и пишу введеніе къ
0.007246 0.021739 0.036232 0.050725 0.065217 0.079710 0.094203 0.108696 0.123188 0.137681 0.152174 0.166667 0.181159 0.195652 0.210145 0.224638 0.239130 0.253623 0.268116 0.282609 0.297101 0.311594 0.326087 0.340580 0.355072 0.369565 0.384058 0.398551 0.413043 0.427536 0.442029 0.456522 0.471014 0.485507 0.500000 0.514493 0.528986 0.543478 0.557971 0.572464 0.586957 0.601449 0.615942 0.630435 0.644928 0.659420 0.673913 0.688406 0.702899 0.717391 0.731884 0.746377 0.760870 0.775362 0.789855 0.804348 0.818841 0.833333 0.847826 0.862319 0.876812 0.891304 0.905797 0.920290 0.934783 0.949275 0.963768 0.978261 0.992754 
0 0.1407260 0.6499380 0.8831490 0.6389770 0.8839760 0.6623460 0.1415520 0.673307
переводу. Съ 2-хъ часовъ до 5-ти хожу во второй Логъ. Вечеръ читаю газеты
0.006849 0.020548 0.034247 0.047945 0.061644 0.075342 0.089041 0.102740 0.116438 0.130137 0.143836 0.157534 0.171233 0.184932 0.198630 0.212329 0.226027 0.239726 0.253425 0.267123 0.280822 0.294521 0.308219 0.321918 0.335616 0.349315 0.363014 0.376712 0.390411 0.404110 0.417808 0.431507 0.445205 0.458904 0.472603 0.486301 0.500000 0.513699 0.527397 0.541096 0.554795 0.568493 0.582192 0.595890 0.609589 0.623288 0.636986 0.650685 0.664384 0.678082 0.691781 0.705479 0.719178 0.732877 0.746575 0.760274 0.773973 0.787671 0.801370 0.815068 0.828767 0.842466 0.856164 0.869863 0.883562 0.897260 0.910959 0.924658 0.938356 0.952055 0.965753 0.979452 0.993151 
0 0.1434710 0.6738880 0.3886550 0.6688970 0.3896900 0.6901210 0.1445060 0.695112
и хожу на Заводъ.
0.029412 0.088235 0.147059 0.205882 0.264706 0.323529 0.382353 0.441176 0.500000 0.558824 0.617647 0.676471 0.735294 0.794118 0.852941 0.911765 0.970588 
0 0.1306060 0.6945120 0.8774620 0.6858620 0.8781530 0.7107920 0.1312980 0.719442
#
0.500000 
0 0.1510650 0.7172410 0.5415060 0.7095520 0.5426000 0.7327580 0.1521590 0.740446
#
0.500000 
0 0.1328440 0.7397990 0.8760070 0.7242520 0.8771630 0.7473330 0.1340000 0.762881
7. 8. 9. Опять утрами занимаюсь Гегелемъ. Начинаю ясно понимать всё
0.007463 0.022388 0.037313 0.052239 0.067164 0.082090 0.097015 0.111940 0.126866 0.141791 0.156716 0.171642 0.186567 0.201493 0.216418 0.231343 0.246269 0.261194 0.276119 0.291045 0.305970 0.320896 0.335821 0.350746 0.365672 0.380597 0.395522 0.410448 0.425373 0.440299 0.455224 0.470149 0.485075 0.500000 0.514925 0.529851 0.544776 0.559701 0.574627 0.589552 0.604478 0.619403 0.634328 0.649254 0.664179 0.679104 0.694030 0.708955 0.723881 0.738806 0.753731 0.768657 0.783582 0.798507 0.813433 0.828358 0.843284 0.858209 0.873134 0.888060 0.902985 0.917910 0.932836 0.947761 0.962687 0.977612 0.992537 
0 0.1405870 0.7568660 0.9139210 0.7433790 0.9148900 0.7665930 0.1415570 0.780080
построеніе его системы. Кашель и болитъ грудь. Мне кажется у меня начало
0.006944 0.020833 0.034722 0.048611 0.062500 0.076389 0.090278 0.104167 0.118056 0.131944 0.145833 0.159722 0.173611 0.187500 0.201389 0.215278 0.229167 0.243056 0.256944 0.270833 0.284722 0.298611 0.312500 0.326389 0.340278 0.354167 0.368056 0.381944 0.395833 0.409722 0.423611 0.437500 0.451389 0.465278 0.479167 0.493056 0.506944 0.520833 0.534722 0.548611 0.562500 0.576389 0.590278 0.604167 0.618056 0.631944 0.645833 0.659722 0.673611 0.687500 0.701389 0.715278 0.729167 0.743056 0.756944 0.770833 0.784722 0.798611 0.812500 0.826389 0.840278 0.854167 0.868056 0.881944 0.895833 0.909722 0.923611 0.937500 0.951389 0.965278 0.979167 0.993056 
0 0.1462690 0.7768070 0.8120940 0.7687800 0.8127500 0.7914960 0.1469250 0.799522
астма. Агентъ общества Саламандра произвелъ оцѣнку всего Завода
0.007937 0.023810 0.039683 0.055556 0.071429 0.087302 0.103175 0.119048 0.134921 0.150794 0.166667 0.182540 0.198413 0.214286 0.230159 0.246032 0.261905 0.277778 0.293651 0.309524 0.325397 0.341270 0.357143 0.373016 0.388889 0.404762 0.420635 0.436508 0.452381 0.468254 0.484127 0.500000 0.515873 0.531746 0.547619 0.563492 0.579365 0.595238 0.611111 0.626984 0.642857 0.658730 0.674603 0.690476 0.706349 0.722222 0.738095 0.753968 0.769841 0.785714 0.801587 0.817460 0.833333 0.849206 0.865079 0.880952 0.896825 0.912698 0.928571 0.944444 0.960317 0.976190 0.992063 
0 0.3048850 0.7921350 0.6499630 0.7933420 0.6497850 0.8145930 0.3047070 0.813386
Строеніе и крыша ... 16.800.
0.017857 0.053571 0.089286 0.125000 0.160714 0.196429 0.232143 0.267857 0.303571 0.339286 0.375000 0.410714 0.446429 0.482143 0.517857 0.553571 0.589286 0.625000 0.660714 0.696429 0.732143 0.767857 0.803571 0.839286 0.875000 0.910714 0.946429 0.982143 
0 0.6586870 0.8026940 0.7484060 0.8039220 0.7477100 0.8251630 0.6579910 0.823935
42.800
0.083333 0.250000 0.416667 0.583333 0.750000 0.916667 
0 0.3072390 0.8133040 0.6181730 0.8127730 0.6182600 0.8340350 0.3073260 0.834566
Машинъ и аппаратовъ на 26.
0.019231 0.057692 0.096154 0.134615 0.173077 0.211538 0.250000 0.288462 0.326923 0.365385 0.403846 0.442308 0.480769 0.519231 0.557692 0.596154 0.634615 0.673077 0.711538 0.750000 0.788462 0.826923 0.865385 0.903846 0.942308 0.980769 
0 0.1614910 0.8323300 0.9133500 0.8219590 0.9141380 0.8458010 0.1622790 0.856172
Онъ уѣхалъ 9-го числа въ Тулу чтобы разузнать можно ли получить
0.007937 0.023810 0.039683 0.055556 0.071429 0.087302 0.103175 0.119048 0.134921 0.150794 0.166667 0.182540 0.198413 0.214286 0.230159 0.246032 0.261905 0.277778 0.293651 0.309524 0.325397 0.341270 0.357143 0.373016 0.388889 0.404762 0.420635 0.436508 0.452381 0.468254 0.484127 0.500000 0.515873 0.531746 0.547619 0.563492 0.579365 0.595238 0.611111 0.626984 0.642857 0.658730 0.674603 0.690476 0.706349 0.722222 0.738095 0.753968 0.769841 0.785714 0.801587 0.817460 0.833333 0.849206 0.865079 0.880952 0.896825 0.912698 0.928571 0.944444 0.960317 0.976190 0.992063 
0 0.1627340 0.8534440 0.8946620 0.8461340 0.8951700 0.8673690 0.1632420 0.874679
подъ это застрахованіе ссуду. Въ Заводѣ опять сломался Валъ,
0.008333 0.025000 0.041667 0.058333 0.075000 0.091667 0.108333 0.125000 0.141667 0.158333 0.175000 0.191667 0.208333 0.225000 0.241667 0.258333 0.275000 0.291667 0.308333 0.325000 0.341667 0.358333 0.375000 0.391667 0.408333 0.425000 0.441667 0.458333 0.475000 0.491667 0.508333 0.525000 0.541667 0.558333 0.575000 0.591667 0.608333 0.625000 0.641667 0.658333 0.675000 0.691667 0.708333 0.725000 0.741667 0.758333 0.775000 0.791667 0.808333 0.825000 0.841667 0.858333 0.875000 0.891667 0.908333 0.925000 0.941667 0.958333 0.975000 0.991667 
0 0.1658990 0.8729500 0.9272590 0.8643560 0.9278890 0.8876310 0.1665280 0.896226
его сварили и онъ опять сломался. — Опять остановка. Семенъ Иванычъ
0.007463 0.022388 0.037313 0.052239 0.067164 0.082090 0.097015 0.111940 0.126866 0.141791 0.156716 0.171642 0.186567 0.201493 0.216418 0.231343 0.246269 0.261194 0.276119 0.291045 0.305970 0.320896 0.335821 0.350746 0.365672 0.380597 0.395522 0.410448 0.425373 0.440299 0.455224 0.470149 0.485075 0.500000 0.514925 0.529851 0.544776 0.559701 0.574627 0.589552 0.604478 0.619403 0.634328 0.649254 0.664179 0.679104 0.694030 0.708955 0.723881 0.738806 0.753731 0.768657 0.783582 0.798507 0.813433 0.828358 0.843284 0.858209 0.873134 0.888060 0.902985 0.917910 0.932836 0.947761 0.962687 0.977612 0.992537 
0 0.1711550 0.8973380 0.9237880 0.8912070 0.9242020 0.9124420 0.1715690 0.918573
ручается, что 2/т пудовъ Сахару онъ выставитъ. — Еслибы получить въ
0.007463 0.022388 0.037313 0.052239 0.067164 0.082090 0.097015 0.111940 0.126866 0.141791 0.156716 0.171642 0.186567 0.201493 0.216418 0.231343 0.246269 0.261194 0.276119 0.291045 0.305970 0.320896 0.335821 0.350746 0.365672 0.380597 0.395522 0.410448 0.425373 0.440299 0.455224 0.470149 0.485075 0.500000 0.514925 0.529851 0.544776 0.559701 0.574627 0.589552 0.604478 0.619403 0.634328 0.649254 0.664179 0.679104 0.694030 0.708955 0.723881 0.738806 0.753731 0.768657 0.783582 0.798507 0.813433 0.828358 0.843284 0.858209 0.873134 0.888060 0.902985 0.917910 0.932836 0.947761 0.962687 0.977612 0.992537 
0 0.1705530 0.9201030 0.9257290 0.9165590 0.9259680 0.9377990 0.1707920 0.941343
Ссуду тысячъ до 30 — да сахару продать на 20 — было бы отлично!....
0.007463 0.022388 0.037313 0.052239 0.067164 0.082090 0.097015 0.111940 0.126866 0.141791 0.156716 0.171642 0.186567 0.201493 0.216418 0.231343 0.246269 0.261194 0.276119 0.291045 0.305970 0.320896 0.335821 0.350746 0.365672 0.380597 0.395522 0.410448 0.425373 0.440299 0.455224 0.470149 0.485075 0.500000 0.514925 0.529851 0.544776 0.559701 0.574627 0.589552 0.604478 0.619403 0.634328 0.649254 0.664179 0.679104 0.694030 0.708955 0.723881 0.738806 0.753731 0.768657 0.783582 0.798507 0.813433 0.828358 0.843284 0.858209 0.873134 0.888060 0.902985 0.917910 0.932836 0.947761 0.962687 0.977612 0.992537 
