0 0.1154690 0.0778060 0.7417950 0.0759130 0.7419790 0.1011560 0.1156530 0.103048
#
0.500000 
0 0.0862030 0.1185050 0.8057510 0.1219180 0.8054870 0.1450020 0.0859390 0.141589
#
0.500000 
0 0.0870240 0.1557280 0.8208900 0.1572850 0.8207530 0.1840270 0.0868870 0.182471
#
0.500000 
0 0.0921900 0.1986950 0.7472070 0.1968520 0.7473540 0.2184880 0.0923370 0.220330
#
0.500000 
0 0.1048120 0.2375950 0.9229090 0.2369900 0.9229530 0.2616460 0.1048560 0.262251
#
0.500000 
0 0.0883140 0.2789380 0.8876270 0.2709200 0.8881900 0.2941810 0.0888770 0.302200
#
0.500000 
0 0.0814610 0.3187670 0.4757250 0.3179040 0.4758390 0.3394780 0.0815750 0.340342
#
0.500000 
0 0.1106180 0.3540170 0.9026750 0.3440490 0.9034080 0.3681670 0.1113510 0.378135
27. День довольно ясный. Купался Вода +15½° — Ан.
0.010204 0.030612 0.051020 0.071429 0.091837 0.112245 0.132653 0.153061 0.173469 0.193878 0.214286 0.234694 0.255102 0.275510 0.295918 0.316327 0.336735 0.357143 0.377551 0.397959 0.418367 0.438776 0.459184 0.479592 0.500000 0.520408 0.540816 0.561224 0.581633 0.602041 0.622449 0.642857 0.663265 0.683673 0.704082 0.724490 0.744898 0.765306 0.785714 0.806122 0.826531 0.846939 0.867347 0.887755 0.908163 0.928571 0.948980 0.969388 0.989796 
0 0.0908720 0.3944210 0.5988560 0.3878240 0.5996500 0.4131500 0.0916660 0.419747
Гол. и Сут. уѣхали въ С. Петербургъ.—.
0.013158 0.039474 0.065789 0.092105 0.118421 0.144737 0.171053 0.197368 0.223684 0.250000 0.276316 0.302632 0.328947 0.355263 0.381579 0.407895 0.434211 0.460526 0.486842 0.513158 0.539474 0.565789 0.592105 0.618421 0.644737 0.671053 0.697368 0.723684 0.750000 0.776316 0.802632 0.828947 0.855263 0.881579 0.907895 0.934211 0.960526 0.986842 
0 0.1078110 0.4261090 0.8828740 0.4144110 0.8837310 0.4379480 0.1086680 0.449645
28. Дождь. Сыро. Обѣдъ въ членской бесѣдкѣ.
0.011628 0.034884 0.058140 0.081395 0.104651 0.127907 0.151163 0.174419 0.197674 0.220930 0.244186 0.267442 0.290698 0.313953 0.337209 0.360465 0.383721 0.406977 0.430233 0.453488 0.476744 0.500000 0.523256 0.546512 0.569767 0.593023 0.616279 0.639535 0.662791 0.686047 0.709302 0.732558 0.755814 0.779070 0.802326 0.825581 0.848837 0.872093 0.895349 0.918605 0.941860 0.965116 0.988372 
0 0.1080210 0.4616900 0.9090940 0.4529490 0.9096630 0.4745250 0.1085900 0.483266
По кругу скачькомъ Боецъ (мой) 12', 2 версты. Скачьки
0.009434 0.028302 0.047170 0.066038 0.084906 0.103774 0.122642 0.141509 0.160377 0.179245 0.198113 0.216981 0.235849 0.254717 0.273585 0.292453 0.311321 0.330189 0.349057 0.367925 0.386792 0.405660 0.424528 0.443396 0.462264 0.481132 0.500000 0.518868 0.537736 0.556604 0.575472 0.594340 0.613208 0.632075 0.650943 0.669811 0.688679 0.707547 0.726415 0.745283 0.764151 0.783019 0.801887 0.820755 0.839623 0.858491 0.877358 0.896226 0.915094 0.933962 0.952830 0.971698 0.990566 
0 0.1131770 0.4986020 0.8765590 0.4861510 0.8774760 0.5094580 0.1140940 0.521910
на гакахъ. Салтыковъ, Ленскій, я и Карцевъ. Воротился
0.009434 0.028302 0.047170 0.066038 0.084906 0.103774 0.122642 0.141509 0.160377 0.179245 0.198113 0.216981 0.235849 0.254717 0.273585 0.292453 0.311321 0.330189 0.349057 0.367925 0.386792 0.405660 0.424528 0.443396 0.462264 0.481132 0.500000 0.518868 0.537736 0.556604 0.575472 0.594340 0.613208 0.632075 0.650943 0.669811 0.688679 0.707547 0.726415 0.745283 0.764151 0.783019 0.801887 0.820755 0.839623 0.858491 0.877358 0.896226 0.915094 0.933962 0.952830 0.971698 0.990566 
0 0.1092290 0.5294190 0.9665470 0.5060540 0.9683150 0.5329330 0.1109980 0.556298
и былъ боленъ. Статутъ. Indigestion du me ramène à la Maison.
0.008197 0.024590 0.040984 0.057377 0.073770 0.090164 0.106557 0.122951 0.139344 0.155738 0.172131 0.188525 0.204918 0.221311 0.237705 0.254098 0.270492 0.286885 0.303279 0.319672 0.336066 0.352459 0.368852 0.385246 0.401639 0.418033 0.434426 0.450820 0.467213 0.483607 0.500000 0.516393 0.532787 0.549180 0.565574 0.581967 0.598361 0.614754 0.631148 0.647541 0.663934 0.680328 0.696721 0.713115 0.729508 0.745902 0.762295 0.778689 0.795082 0.811475 0.827869 0.844262 0.860656 0.877049 0.893443 0.909836 0.926230 0.942623 0.959016 0.975410 0.991803 
0 0.1181280 0.5648740 0.7883780 0.5458400 0.7900720 0.5705510 0.1198220 0.589585
29. Вѣсь день просидѣлъ въ халатѣ (Anaïs).
0.011905 0.035714 0.059524 0.083333 0.107143 0.130952 0.154762 0.178571 0.202381 0.226190 0.250000 0.273810 0.297619 0.321429 0.345238 0.369048 0.392857 0.416667 0.440476 0.464286 0.488095 0.511905 0.535714 0.559524 0.583333 0.607143 0.630952 0.654762 0.678571 0.702381 0.726190 0.750000 0.773810 0.797619 0.821429 0.845238 0.869048 0.892857 0.916667 0.940476 0.964286 0.988095 
0 0.1174190 0.6023370 0.8395770 0.5861410 0.8408270 0.6092400 0.1186700 0.625436
30. Купался. День средній Вода 15½ градусовъ —
0.010870 0.032609 0.054348 0.076087 0.097826 0.119565 0.141304 0.163043 0.184783 0.206522 0.228261 0.250000 0.271739 0.293478 0.315217 0.336957 0.358696 0.380435 0.402174 0.423913 0.445652 0.467391 0.489130 0.510870 0.532609 0.554348 0.576087 0.597826 0.619565 0.641304 0.663043 0.684783 0.706522 0.728261 0.750000 0.771739 0.793478 0.815217 0.836957 0.858696 0.880435 0.902174 0.923913 0.945652 0.967391 0.989130 
0 0.1145760 0.6366580 0.3286740 0.6310900 0.3301260 0.6542070 0.1160280 0.659776
Вечеръ теплый.
0.035714 0.107143 0.178571 0.250000 0.321429 0.392857 0.464286 0.535714 0.607143 0.678571 0.750000 0.821429 0.892857 0.964286 
0 0.1218030 0.6683000 0.8593310 0.6530210 0.8605970 0.6783490 0.1230700 0.693629
31. День жаркій. Купался. Вода 17. градусовъ. Въ
0.010417 0.031250 0.052083 0.072917 0.093750 0.114583 0.135417 0.156250 0.177083 0.197917 0.218750 0.239583 0.260417 0.281250 0.302083 0.322917 0.343750 0.364583 0.385417 0.406250 0.427083 0.447917 0.468750 0.489583 0.510417 0.531250 0.552083 0.572917 0.593750 0.614583 0.635417 0.656250 0.677083 0.697917 0.718750 0.739583 0.760417 0.781250 0.802083 0.822917 0.843750 0.864583 0.885417 0.906250 0.927083 0.947917 0.968750 0.989583 
0 0.0983030 0.7045110 0.8671470 0.6853360 0.8686830 0.7108480 0.0998390 0.730023
10. ч. вечера т.р. +19°. Въ Покровскомъ гулялъ
0.010870 0.032609 0.054348 0.076087 0.097826 0.119565 0.141304 0.163043 0.184783 0.206522 0.228261 0.250000 0.271739 0.293478 0.315217 0.336957 0.358696 0.380435 0.402174 0.423913 0.445652 0.467391 0.489130 0.510870 0.532609 0.554348 0.576087 0.597826 0.619565 0.641304 0.663043 0.684783 0.706522 0.728261 0.750000 0.771739 0.793478 0.815217 0.836957 0.858696 0.880435 0.902174 0.923913 0.945652 0.967391 0.989130 
0 0.1111200 0.7420340 0.2150500 0.7395160 0.2163110 0.7610840 0.1123810 0.763601
одинъ.
0.083333 0.250000 0.416667 0.583333 0.750000 0.916667 
0 0.0946280 0.7969510 0.8733580 0.7905800 0.8738340 0.8146690 0.0951040 0.821040
1853. Годъ. Мука картоф. на сей 185¾ годъ
0.012195 0.036585 0.060976 0.085366 0.109756 0.134146 0.158537 0.182927 0.207317 0.231707 0.256098 0.280488 0.304878 0.329268 0.353659 0.378049 0.402439 0.426829 0.451220 0.475610 0.500000 0.524390 0.548780 0.573171 0.597561 0.621951 0.646341 0.670732 0.695122 0.719512 0.743902 0.768293 0.792683 0.817073 0.841463 0.865854 0.890244 0.914634 0.939024 0.963415 0.987805 
0 0.1825250 0.8324980 0.6493610 0.8290660 0.6497480 0.8508670 0.1829120 0.854299
#
0.500000 
0 0.1808460 0.8694050 0.6145370 0.8675530 0.6147600 0.8891850 0.1810690 0.891037
#
0.500000 
0 0.1782750 0.9058120 0.6146430 0.8946620 0.6159730 0.9162210 0.1796050 0.927372
#
0.500000 
