0 0.0475660 0.1192090 0.8240030 0.1090150 0.8244920 0.1331850 0.0480550 0.143379
#
0.500000 
0 0.0690950 0.1634620 0.8977540 0.1551760 0.8981640 0.1817420 0.0695050 0.190028
#
0.500000 
0 0.0681720 0.2115980 0.9044560 0.2015170 0.9048540 0.2229050 0.0685690 0.232985
#
0.500000 
0 0.0694500 0.2544230 0.4016640 0.2481690 0.4022850 0.2695520 0.0700710 0.275807
#
0.500000 
0 0.0534430 0.3007450 0.8532270 0.2789800 0.8542490 0.3033360 0.0544650 0.325100
#
0.500000 
0 0.0567700 0.3376570 0.9351340 0.3152610 0.9360900 0.3395870 0.0577260 0.361983
#
0.500000 
0 0.0616190 0.3748050 0.9089530 0.3583770 0.9097480 0.3849860 0.0624140 0.401414
#
0.500000 
0 0.0694610 0.4134090 0.8756080 0.4015360 0.8761750 0.4265490 0.0700280 0.438422
#
0.500000 
0 0.0647120 0.4501020 0.8746140 0.4364100 0.8752550 0.4610050 0.0653530 0.474697
#
0.500000 
0 0.0715170 0.4908240 0.4012380 0.4802730 0.4024650 0.5051530 0.0727440 0.515705
#
0.500000 
0 0.0651320 0.5275880 0.9062020 0.5032390 0.9074040 0.5301860 0.0663340 0.554534
29. Всталъ рано. Не работалъ. Принялся писать письмо къ Вел.
0.008333 0.025000 0.041667 0.058333 0.075000 0.091667 0.108333 0.125000 0.141667 0.158333 0.175000 0.191667 0.208333 0.225000 0.241667 0.258333 0.275000 0.291667 0.308333 0.325000 0.341667 0.358333 0.375000 0.391667 0.408333 0.425000 0.441667 0.458333 0.475000 0.491667 0.508333 0.525000 0.541667 0.558333 0.575000 0.591667 0.608333 0.625000 0.641667 0.658333 0.675000 0.691667 0.708333 0.725000 0.741667 0.758333 0.775000 0.791667 0.808333 0.825000 0.841667 0.858333 0.875000 0.891667 0.908333 0.925000 0.941667 0.958333 0.975000 0.991667 
0 0.0699320 0.5688160 0.9186680 0.5426970 0.9198750 0.5681460 0.0711390 0.594265
Кн. День пасмурный, и малый дождичекъ. — Кончилъ письмо
0.009091 0.027273 0.045455 0.063636 0.081818 0.100000 0.118182 0.136364 0.154545 0.172727 0.190909 0.209091 0.227273 0.245455 0.263636 0.281818 0.300000 0.318182 0.336364 0.354545 0.372727 0.390909 0.409091 0.427273 0.445455 0.463636 0.481818 0.500000 0.518182 0.536364 0.554545 0.572727 0.590909 0.609091 0.627273 0.645455 0.663636 0.681818 0.700000 0.718182 0.736364 0.754545 0.772727 0.790909 0.809091 0.827273 0.845455 0.863636 0.881818 0.900000 0.918182 0.936364 0.954545 0.972727 0.990909 
0 0.0802540 0.6100030 0.9159350 0.5890100 0.9169390 0.6149440 0.0812580 0.635937
Былъ съ визитомъ у Бодиско и у Зыбина. Вечеромъ выдалъ
0.009259 0.027778 0.046296 0.064815 0.083333 0.101852 0.120370 0.138889 0.157407 0.175926 0.194444 0.212963 0.231481 0.250000 0.268519 0.287037 0.305556 0.324074 0.342593 0.361111 0.379630 0.398148 0.416667 0.435185 0.453704 0.472222 0.490741 0.509259 0.527778 0.546296 0.564815 0.583333 0.601852 0.620370 0.638889 0.657407 0.675926 0.694444 0.712963 0.731481 0.750000 0.768519 0.787037 0.805556 0.824074 0.842593 0.861111 0.879630 0.898148 0.916667 0.935185 0.953704 0.972222 0.990741 
0 0.0812380 0.6501650 0.9222370 0.6307430 0.9231430 0.6562100 0.0821440 0.675631
Александровичу первыя деньги (150 р. Сереб.) за свеклу изъ Ли-
0.008065 0.024194 0.040323 0.056452 0.072581 0.088710 0.104839 0.120968 0.137097 0.153226 0.169355 0.185484 0.201613 0.217742 0.233871 0.250000 0.266129 0.282258 0.298387 0.314516 0.330645 0.346774 0.362903 0.379032 0.395161 0.411290 0.427419 0.443548 0.459677 0.475806 0.491935 0.508065 0.524194 0.540323 0.556452 0.572581 0.588710 0.604839 0.620968 0.637097 0.653226 0.669355 0.685484 0.701613 0.717742 0.733871 0.750000 0.766129 0.782258 0.798387 0.814516 0.830645 0.846774 0.862903 0.879032 0.895161 0.911290 0.927419 0.943548 0.959677 0.975806 0.991935 
0 0.0874350 0.6838760 0.9299590 0.6654570 0.9308110 0.6907610 0.0882870 0.709180
ханаго. У меня всенощная. Свѣжо, пасмурно и маленькій
0.009434 0.028302 0.047170 0.066038 0.084906 0.103774 0.122642 0.141509 0.160377 0.179245 0.198113 0.216981 0.235849 0.254717 0.273585 0.292453 0.311321 0.330189 0.349057 0.367925 0.386792 0.405660 0.424528 0.443396 0.462264 0.481132 0.500000 0.518868 0.537736 0.556604 0.575472 0.594340 0.613208 0.632075 0.650943 0.669811 0.688679 0.707547 0.726415 0.745283 0.764151 0.783019 0.801887 0.820755 0.839623 0.858491 0.877358 0.896226 0.915094 0.933962 0.952830 0.971698 0.990566 
0 0.0643070 0.7237760 0.6689060 0.7076660 0.6699550 0.7332070 0.0653560 0.749317
дождикъ.—. Всеночная у тети на дому.
0.013889 0.041667 0.069444 0.097222 0.125000 0.152778 0.180556 0.208333 0.236111 0.263889 0.291667 0.319444 0.347222 0.375000 0.402778 0.430556 0.458333 0.486111 0.513889 0.541667 0.569444 0.597222 0.625000 0.652778 0.680556 0.708333 0.736111 0.763889 0.791667 0.819444 0.847222 0.875000 0.902778 0.930556 0.958333 0.986111 
0 0.2420770 0.7389180 0.6940060 0.7288410 0.6948390 0.7530870 0.2429100 0.763164
День ясный — сильный Южный ветеръ. —
0.013889 0.041667 0.069444 0.097222 0.125000 0.152778 0.180556 0.208333 0.236111 0.263889 0.291667 0.319444 0.347222 0.375000 0.402778 0.430556 0.458333 0.486111 0.513889 0.541667 0.569444 0.597222 0.625000 0.652778 0.680556 0.708333 0.736111 0.763889 0.791667 0.819444 0.847222 0.875000 0.902778 0.930556 0.958333 0.986111 
0 0.0860050 0.7624690 0.9409750 0.7424510 0.9418370 0.7663360 0.0868670 0.786354
30. Мои имянины. Всталъ поздно, провалялся самымъ подлымъ обра-
0.007937 0.023810 0.039683 0.055556 0.071429 0.087302 0.103175 0.119048 0.134921 0.150794 0.166667 0.182540 0.198413 0.214286 0.230159 0.246032 0.261905 0.277778 0.293651 0.309524 0.325397 0.341270 0.357143 0.373016 0.388889 0.404762 0.420635 0.436508 0.452381 0.468254 0.484127 0.500000 0.515873 0.531746 0.547619 0.563492 0.579365 0.595238 0.611111 0.626984 0.642857 0.658730 0.674603 0.690476 0.706349 0.722222 0.738095 0.753968 0.769841 0.785714 0.801587 0.817460 0.833333 0.849206 0.865079 0.880952 0.896825 0.912698 0.928571 0.944444 0.960317 0.976190 0.992063 
0 0.0935320 0.8006700 0.9018940 0.7736750 0.9031330 0.7977420 0.0947710 0.824738
зомъ на постеле. Отправился къ обѣднѣ въ кабріолетѣ и свалился
0.008065 0.024194 0.040323 0.056452 0.072581 0.088710 0.104839 0.120968 0.137097 0.153226 0.169355 0.185484 0.201613 0.217742 0.233871 0.250000 0.266129 0.282258 0.298387 0.314516 0.330645 0.346774 0.362903 0.379032 0.395161 0.411290 0.427419 0.443548 0.459677 0.475806 0.491935 0.508065 0.524194 0.540323 0.556452 0.572581 0.588710 0.604839 0.620968 0.637097 0.653226 0.669355 0.685484 0.701613 0.717742 0.733871 0.750000 0.766129 0.782258 0.798387 0.814516 0.830645 0.846774 0.862903 0.879032 0.895161 0.911290 0.927419 0.943548 0.959677 0.975806 0.991935 
0 0.0940570 0.8335540 0.9408770 0.8108820 0.9418850 0.8353110 0.0950650 0.857983
у самой мельницы на косогорѣ. Возвратился назадъ угощать народъ — всего
0.007042 0.021127 0.035211 0.049296 0.063380 0.077465 0.091549 0.105634 0.119718 0.133803 0.147887 0.161972 0.176056 0.190141 0.204225 0.218310 0.232394 0.246479 0.260563 0.274648 0.288732 0.302817 0.316901 0.330986 0.345070 0.359155 0.373239 0.387324 0.401408 0.415493 0.429577 0.443662 0.457746 0.471831 0.485915 0.500000 0.514085 0.528169 0.542254 0.556338 0.570423 0.584507 0.598592 0.612676 0.626761 0.640845 0.654930 0.669014 0.683099 0.697183 0.711268 0.725352 0.739437 0.753521 0.767606 0.781690 0.795775 0.809859 0.823944 0.838028 0.852113 0.866197 0.880282 0.894366 0.908451 0.922535 0.936620 0.950704 0.964789 0.978873 0.992958 
0 0.0906840 0.8666140 0.9163620 0.8457820 0.9174180 0.8729470 0.0917400 0.893779
до 900 человѣкъ. Потомъ пріѣхали гости — Чулковъ, Карцевъ, Афремовы
0.007463 0.022388 0.037313 0.052239 0.067164 0.082090 0.097015 0.111940 0.126866 0.141791 0.156716 0.171642 0.186567 0.201493 0.216418 0.231343 0.246269 0.261194 0.276119 0.291045 0.305970 0.320896 0.335821 0.350746 0.365672 0.380597 0.395522 0.410448 0.425373 0.440299 0.455224 0.470149 0.485075 0.500000 0.514925 0.529851 0.544776 0.559701 0.574627 0.589552 0.604478 0.619403 0.634328 0.649254 0.664179 0.679104 0.694030 0.708955 0.723881 0.738806 0.753731 0.768657 0.783582 0.798507 0.813433 0.828358 0.843284 0.858209 0.873134 0.888060 0.902985 0.917910 0.932836 0.947761 0.962687 0.977612 0.992537 
0 0.0974540 0.9011340 0.9150540 0.8832940 0.9159510 0.9099700 0.0983510 0.927811
Зыбины, Завадскіе. Поднесли мнѣ громадный куличъ. Бабамъ
0.008929 0.026786 0.044643 0.062500 0.080357 0.098214 0.116071 0.133929 0.151786 0.169643 0.187500 0.205357 0.223214 0.241071 0.258929 0.276786 0.294643 0.312500 0.330357 0.348214 0.366071 0.383929 0.401786 0.419643 0.437500 0.455357 0.473214 0.491071 0.508929 0.526786 0.544643 0.562500 0.580357 0.598214 0.616071 0.633929 0.651786 0.669643 0.687500 0.705357 0.723214 0.741071 0.758929 0.776786 0.794643 0.812500 0.830357 0.848214 0.866071 0.883929 0.901786 0.919643 0.937500 0.955357 0.973214 0.991071 
0 0.1149520 0.9314970 0.9550660 0.9183670 0.9556290 0.9417490 0.1155150 0.954879
розданы деньги за билеты. Играли на биліардѣ до 3 часовъ ночи
0.008197 0.024590 0.040984 0.057377 0.073770 0.090164 0.106557 0.122951 0.139344 0.155738 0.172131 0.188525 0.204918 0.221311 0.237705 0.254098 0.270492 0.286885 0.303279 0.319672 0.336066 0.352459 0.368852 0.385246 0.401639 0.418033 0.434426 0.450820 0.467213 0.483607 0.500000 0.516393 0.532787 0.549180 0.565574 0.581967 0.598361 0.614754 0.631148 0.647541 0.663934 0.680328 0.696721 0.713115 0.729508 0.745902 0.762295 0.778689 0.795082 0.811475 0.827869 0.844262 0.860656 0.877049 0.893443 0.909836 0.926230 0.942623 0.959016 0.975410 0.991803 
