0 0.2406430 0.0800950 0.5482220 0.0761680 0.5486510 0.0975630 0.2410710 0.101489
Вѣсна 1857. года. —
0.026316 0.078947 0.131579 0.184211 0.236842 0.289474 0.342105 0.394737 0.447368 0.500000 0.552632 0.605263 0.657895 0.710526 0.763158 0.815789 0.868421 0.921053 0.973684 
0 0.0618570 0.1419420 0.8807410 0.1269230 0.8814250 0.1507070 0.0625410 0.165726
Зимній путь установился въ самое Рождество — до этого дня
0.008772 0.026316 0.043860 0.061404 0.078947 0.096491 0.114035 0.131579 0.149123 0.166667 0.184211 0.201754 0.219298 0.236842 0.254386 0.271930 0.289474 0.307018 0.324561 0.342105 0.359649 0.377193 0.394737 0.412281 0.429825 0.447368 0.464912 0.482456 0.500000 0.517544 0.535088 0.552632 0.570175 0.587719 0.605263 0.622807 0.640351 0.657895 0.675439 0.692982 0.710526 0.728070 0.745614 0.763158 0.780702 0.798246 0.815789 0.833333 0.850877 0.868421 0.885965 0.903509 0.921053 0.938596 0.956140 0.973684 0.991228 
0 0.0632260 0.1763970 0.8923350 0.1599480 0.8930760 0.1837760 0.0639670 0.200226
проѣзду по дорогамъ не было Страшное бѣдствіе у Оки при перевозѣ.
0.007692 0.023077 0.038462 0.053846 0.069231 0.084615 0.100000 0.115385 0.130769 0.146154 0.161538 0.176923 0.192308 0.207692 0.223077 0.238462 0.253846 0.269231 0.284615 0.300000 0.315385 0.330769 0.346154 0.361538 0.376923 0.392308 0.407692 0.423077 0.438462 0.453846 0.469231 0.484615 0.500000 0.515385 0.530769 0.546154 0.561538 0.576923 0.592308 0.607692 0.623077 0.638462 0.653846 0.669231 0.684615 0.700000 0.715385 0.730769 0.746154 0.761538 0.776923 0.792308 0.807692 0.823077 0.838462 0.853846 0.869231 0.884615 0.900000 0.915385 0.930769 0.946154 0.961538 0.976923 0.992308 
0 0.6230060 0.1850010 0.8794020 0.1810650 0.8799160 0.2024530 0.6235200 0.206389
31-го Ген. выѣхалъ на Выксу
0.018519 0.055556 0.092593 0.129630 0.166667 0.203704 0.240741 0.277778 0.314815 0.351852 0.388889 0.425926 0.462963 0.500000 0.537037 0.574074 0.611111 0.648148 0.685185 0.722222 0.759259 0.796296 0.833333 0.870370 0.907407 0.944444 0.981481 
0 0.0681300 0.2117820 0.9141520 0.1990350 0.9147330 0.2236170 0.0687110 0.236365
Путь держали до последнихъ чиселъ Февраля. Февраль я провелъ на
0.007937 0.023810 0.039683 0.055556 0.071429 0.087302 0.103175 0.119048 0.134921 0.150794 0.166667 0.182540 0.198413 0.214286 0.230159 0.246032 0.261905 0.277778 0.293651 0.309524 0.325397 0.341270 0.357143 0.373016 0.388889 0.404762 0.420635 0.436508 0.452381 0.468254 0.484127 0.500000 0.515873 0.531746 0.547619 0.563492 0.579365 0.595238 0.611111 0.626984 0.642857 0.658730 0.674603 0.690476 0.706349 0.722222 0.738095 0.753968 0.769841 0.785714 0.801587 0.817460 0.833333 0.849206 0.865079 0.880952 0.896825 0.912698 0.928571 0.944444 0.960317 0.976190 0.992063 
0 0.0729320 0.2442450 0.9184670 0.2312330 0.9190760 0.2565070 0.0735420 0.269519
Выксѣ. Списался съ Шепелевыми. Мы понесли убытку до 50/т Сереб.
0.007937 0.023810 0.039683 0.055556 0.071429 0.087302 0.103175 0.119048 0.134921 0.150794 0.166667 0.182540 0.198413 0.214286 0.230159 0.246032 0.261905 0.277778 0.293651 0.309524 0.325397 0.341270 0.357143 0.373016 0.388889 0.404762 0.420635 0.436508 0.452381 0.468254 0.484127 0.500000 0.515873 0.531746 0.547619 0.563492 0.579365 0.595238 0.611111 0.626984 0.642857 0.658730 0.674603 0.690476 0.706349 0.722222 0.738095 0.753968 0.769841 0.785714 0.801587 0.817460 0.833333 0.849206 0.865079 0.880952 0.896825 0.912698 0.928571 0.944444 0.960317 0.976190 0.992063 
0 0.0764800 0.2730430 0.8982890 0.2639570 0.8987040 0.2879120 0.0768960 0.296998
Вещь ужасная — но я перенесъ ее бодро. Постепенное расположеніе ко
0.007576 0.022727 0.037879 0.053030 0.068182 0.083333 0.098485 0.113636 0.128788 0.143939 0.159091 0.174242 0.189394 0.204545 0.219697 0.234848 0.250000 0.265152 0.280303 0.295455 0.310606 0.325758 0.340909 0.356061 0.371212 0.386364 0.401515 0.416667 0.431818 0.446970 0.462121 0.477273 0.492424 0.507576 0.522727 0.537879 0.553030 0.568182 0.583333 0.598485 0.613636 0.628788 0.643939 0.659091 0.674242 0.689394 0.704545 0.719697 0.734848 0.750000 0.765152 0.780303 0.795455 0.810606 0.825758 0.840909 0.856061 0.871212 0.886364 0.901515 0.916667 0.931818 0.946970 0.962121 0.977273 0.992424 
0 0.0802740 0.3076330 0.9412090 0.2944560 0.9417220 0.3158410 0.0807870 0.329017
мнѣ отца. Я говорилъ съ нимъ основательно о моемъ желаніи жениться
0.007576 0.022727 0.037879 0.053030 0.068182 0.083333 0.098485 0.113636 0.128788 0.143939 0.159091 0.174242 0.189394 0.204545 0.219697 0.234848 0.250000 0.265152 0.280303 0.295455 0.310606 0.325758 0.340909 0.356061 0.371212 0.386364 0.401515 0.416667 0.431818 0.446970 0.462121 0.477273 0.492424 0.507576 0.522727 0.537879 0.553030 0.568182 0.583333 0.598485 0.613636 0.628788 0.643939 0.659091 0.674242 0.689394 0.704545 0.719697 0.734848 0.750000 0.765152 0.780303 0.795455 0.810606 0.825758 0.840909 0.856061 0.871212 0.886364 0.901515 0.916667 0.931818 0.946970 0.962121 0.977273 0.992424 
0 0.0811180 0.3383930 0.9536920 0.3223270 0.9544270 0.3477880 0.0818530 0.363854
въ этомъ году за границею. Бралъ тёплыя ванны изъ минеральной вык-
0.007576 0.022727 0.037879 0.053030 0.068182 0.083333 0.098485 0.113636 0.128788 0.143939 0.159091 0.174242 0.189394 0.204545 0.219697 0.234848 0.250000 0.265152 0.280303 0.295455 0.310606 0.325758 0.340909 0.356061 0.371212 0.386364 0.401515 0.416667 0.431818 0.446970 0.462121 0.477273 0.492424 0.507576 0.522727 0.537879 0.553030 0.568182 0.583333 0.598485 0.613636 0.628788 0.643939 0.659091 0.674242 0.689394 0.704545 0.719697 0.734848 0.750000 0.765152 0.780303 0.795455 0.810606 0.825758 0.840909 0.856061 0.871212 0.886364 0.901515 0.916667 0.931818 0.946970 0.962121 0.977273 0.992424 
0 0.0821010 0.3728190 0.9285500 0.3561550 0.9292100 0.3775360 0.0827610 0.394200
сунской воды. Сильно укрепляющее на меня ихъ дѣйствіе. Время проводилъ
0.007143 0.021429 0.035714 0.050000 0.064286 0.078571 0.092857 0.107143 0.121429 0.135714 0.150000 0.164286 0.178571 0.192857 0.207143 0.221429 0.235714 0.250000 0.264286 0.278571 0.292857 0.307143 0.321429 0.335714 0.350000 0.364286 0.378571 0.392857 0.407143 0.421429 0.435714 0.450000 0.464286 0.478571 0.492857 0.507143 0.521429 0.535714 0.550000 0.564286 0.578571 0.592857 0.607143 0.621429 0.635714 0.650000 0.664286 0.678571 0.692857 0.707143 0.721429 0.735714 0.750000 0.764286 0.778571 0.792857 0.807143 0.821429 0.835714 0.850000 0.864286 0.878571 0.892857 0.907143 0.921429 0.935714 0.950000 0.964286 0.978571 0.992857 
0 0.0840440 0.4031470 0.9488800 0.3878500 0.9495650 0.4125540 0.0847290 0.427852
больше съ отцомъ и съ матерью. Въ Выксѣ наше значеніе потеряно — даже
0.007246 0.021739 0.036232 0.050725 0.065217 0.079710 0.094203 0.108696 0.123188 0.137681 0.152174 0.166667 0.181159 0.195652 0.210145 0.224638 0.239130 0.253623 0.268116 0.282609 0.297101 0.311594 0.326087 0.340580 0.355072 0.369565 0.384058 0.398551 0.413043 0.427536 0.442029 0.456522 0.471014 0.485507 0.500000 0.514493 0.528986 0.543478 0.557971 0.572464 0.586957 0.601449 0.615942 0.630435 0.644928 0.659420 0.673913 0.688406 0.702899 0.717391 0.731884 0.746377 0.760870 0.775362 0.789855 0.804348 0.818841 0.833333 0.847826 0.862319 0.876812 0.891304 0.905797 0.920290 0.934783 0.949275 0.963768 0.978261 0.992754 
0 0.0870490 0.4337410 0.9059750 0.4217220 0.9064670 0.4431070 0.0875410 0.455126
я привыкшій доминировать и свою Среду — чувствовалъ что на
0.008621 0.025862 0.043103 0.060345 0.077586 0.094828 0.112069 0.129310 0.146552 0.163793 0.181034 0.198276 0.215517 0.232759 0.250000 0.267241 0.284483 0.301724 0.318966 0.336207 0.353448 0.370690 0.387931 0.405172 0.422414 0.439655 0.456897 0.474138 0.491379 0.508621 0.525862 0.543103 0.560345 0.577586 0.594828 0.612069 0.629310 0.646552 0.663793 0.681034 0.698276 0.715517 0.732759 0.750000 0.767241 0.784483 0.801724 0.818966 0.836207 0.853448 0.870690 0.887931 0.905172 0.922414 0.939655 0.956897 0.974138 0.991379 
0 0.0839990 0.4637830 0.9483740 0.4476440 0.9491340 0.4736040 0.0847590 0.489743
Выксунскихъ вечерахъ и въ Выксунскомъ мирѣ я Нуль. Выехалъ изъ Выксы
0.007353 0.022059 0.036765 0.051471 0.066176 0.080882 0.095588 0.110294 0.125000 0.139706 0.154412 0.169118 0.183824 0.198529 0.213235 0.227941 0.242647 0.257353 0.272059 0.286765 0.301471 0.316176 0.330882 0.345588 0.360294 0.375000 0.389706 0.404412 0.419118 0.433824 0.448529 0.463235 0.477941 0.492647 0.507353 0.522059 0.536765 0.551471 0.566176 0.580882 0.595588 0.610294 0.625000 0.639706 0.654412 0.669118 0.683824 0.698529 0.713235 0.727941 0.742647 0.757353 0.772059 0.786765 0.801471 0.816176 0.830882 0.845588 0.860294 0.875000 0.889706 0.904412 0.919118 0.933824 0.948529 0.963235 0.977941 0.992647 
0 0.0869010 0.4990030 0.9396730 0.4827450 0.9404230 0.5078390 0.0876510 0.524096
26 Февраля и едва добрался на саняхъ въ Москву. Сахаръ мой уже
0.008065 0.024194 0.040323 0.056452 0.072581 0.088710 0.104839 0.120968 0.137097 0.153226 0.169355 0.185484 0.201613 0.217742 0.233871 0.250000 0.266129 0.282258 0.298387 0.314516 0.330645 0.346774 0.362903 0.379032 0.395161 0.411290 0.427419 0.443548 0.459677 0.475806 0.491935 0.508065 0.524194 0.540323 0.556452 0.572581 0.588710 0.604839 0.620968 0.637097 0.653226 0.669355 0.685484 0.701613 0.717742 0.733871 0.750000 0.766129 0.782258 0.798387 0.814516 0.830645 0.846774 0.862903 0.879032 0.895161 0.911290 0.927419 0.943548 0.959677 0.975806 0.991935 
0 0.0885010 0.5293820 0.7046270 0.5204500 0.7051130 0.5418360 0.0889870 0.550768
пришелъ. Я остановился въ маленькомъ флигелѣ
0.011364 0.034091 0.056818 0.079545 0.102273 0.125000 0.147727 0.170455 0.193182 0.215909 0.238636 0.261364 0.284091 0.306818 0.329545 0.352273 0.375000 0.397727 0.420455 0.443182 0.465909 0.488636 0.511364 0.534091 0.556818 0.579545 0.602273 0.625000 0.647727 0.670455 0.693182 0.715909 0.738636 0.761364 0.784091 0.806818 0.829545 0.852273 0.875000 0.897727 0.920455 0.943182 0.965909 0.988636 
0 0.8110280 0.5202120 0.9365700 0.5192870 0.9368170 0.5406840 0.8112750 0.541609
Я продалъ
0.055556 0.166667 0.277778 0.388889 0.500000 0.611111 0.722222 0.833333 0.944444 
0 0.0917690 0.5637750 0.8952710 0.5509020 0.8958820 0.5752080 0.0923800 0.588082
первый мой сахаръ 95. пуд. за 766 р. Сер. Я съ гордостію и
0.008621 0.025862 0.043103 0.060345 0.077586 0.094828 0.112069 0.129310 0.146552 0.163793 0.181034 0.198276 0.215517 0.232759 0.250000 0.267241 0.284483 0.301724 0.318966 0.336207 0.353448 0.370690 0.387931 0.405172 0.422414 0.439655 0.456897 0.474138 0.491379 0.508621 0.525862 0.543103 0.560345 0.577586 0.594828 0.612069 0.629310 0.646552 0.663793 0.681034 0.698276 0.715517 0.732759 0.750000 0.767241 0.784483 0.801724 0.818966 0.836207 0.853448 0.870690 0.887931 0.905172 0.922414 0.939655 0.956897 0.974138 0.991379 
0 0.0888190 0.5973880 0.9381850 0.5818030 0.9388760 0.6058560 0.0895110 0.621441
великимъ чувствомъ самодовольства считалъ эти деньги — они
0.008621 0.025862 0.043103 0.060345 0.077586 0.094828 0.112069 0.129310 0.146552 0.163793 0.181034 0.198276 0.215517 0.232759 0.250000 0.267241 0.284483 0.301724 0.318966 0.336207 0.353448 0.370690 0.387931 0.405172 0.422414 0.439655 0.456897 0.474138 0.491379 0.508621 0.525862 0.543103 0.560345 0.577586 0.594828 0.612069 0.629310 0.646552 0.663793 0.681034 0.698276 0.715517 0.732759 0.750000 0.767241 0.784483 0.801724 0.818966 0.836207 0.853448 0.870690 0.887931 0.905172 0.922414 0.939655 0.956897 0.974138 0.991379 
0 0.0884170 0.6256730 0.8957630 0.6143670 0.8963260 0.6400200 0.0889800 0.651326
добыты моими руками. 1-го Марта выѣхалъ въ Петербургъ. —
0.008929 0.026786 0.044643 0.062500 0.080357 0.098214 0.116071 0.133929 0.151786 0.169643 0.187500 0.205357 0.223214 0.241071 0.258929 0.276786 0.294643 0.312500 0.330357 0.348214 0.366071 0.383929 0.401786 0.419643 0.437500 0.455357 0.473214 0.491071 0.508929 0.526786 0.544643 0.562500 0.580357 0.598214 0.616071 0.633929 0.651786 0.669643 0.687500 0.705357 0.723214 0.741071 0.758929 0.776786 0.794643 0.812500 0.830357 0.848214 0.866071 0.883929 0.901786 0.919643 0.937500 0.955357 0.973214 0.991071 
0 0.0899960 0.6560240 0.9456130 0.6470180 0.9460190 0.6716380 0.0904020 0.680643
Расказывалъ піэссу Сорочинскому — сильное дѣйствіе. Сталъ у Клея
0.007813 0.023438 0.039063 0.054688 0.070313 0.085938 0.101563 0.117188 0.132813 0.148438 0.164063 0.179688 0.195313 0.210938 0.226563 0.242188 0.257813 0.273438 0.289063 0.304688 0.320313 0.335938 0.351563 0.367188 0.382813 0.398438 0.414063 0.429688 0.445313 0.460938 0.476563 0.492188 0.507813 0.523438 0.539063 0.554688 0.570313 0.585938 0.601563 0.617188 0.632813 0.648438 0.664063 0.679688 0.695313 0.710938 0.726563 0.742188 0.757813 0.773438 0.789063 0.804688 0.820313 0.835938 0.851563 0.867188 0.882813 0.898438 0.914063 0.929688 0.945313 0.960938 0.976563 0.992188 
0 0.0931470 0.6913890 0.8763170 0.6766100 0.8770490 0.7013320 0.0938780 0.716111
уѣхалъ. Покупалъ подпилки, лопаты, термометры, манометры,
0.008772 0.026316 0.043860 0.061404 0.078947 0.096491 0.114035 0.131579 0.149123 0.166667 0.184211 0.201754 0.219298 0.236842 0.254386 0.271930 0.289474 0.307018 0.324561 0.342105 0.359649 0.377193 0.394737 0.412281 0.429825 0.447368 0.464912 0.482456 0.500000 0.517544 0.535088 0.552632 0.570175 0.587719 0.605263 0.622807 0.640351 0.657895 0.675439 0.692982 0.710526 0.728070 0.745614 0.763158 0.780702 0.798246 0.815789 0.833333 0.850877 0.868421 0.885965 0.903509 0.921053 0.938596 0.956140 0.973684 0.991228 
0 0.0981620 0.7239220 0.8779090 0.7026190 0.8790590 0.7294830 0.0993130 0.750786
былъ у Панаева. Сдѣлался нездоровъ и переехалъ къ Голицынымъ. —
0.007937 0.023810 0.039683 0.055556 0.071429 0.087302 0.103175 0.119048 0.134921 0.150794 0.166667 0.182540 0.198413 0.214286 0.230159 0.246032 0.261905 0.277778 0.293651 0.309524 0.325397 0.341270 0.357143 0.373016 0.388889 0.404762 0.420635 0.436508 0.452381 0.468254 0.484127 0.500000 0.515873 0.531746 0.547619 0.563492 0.579365 0.595238 0.611111 0.626984 0.642857 0.658730 0.674603 0.690476 0.706349 0.722222 0.738095 0.753968 0.769841 0.785714 0.801587 0.817460 0.833333 0.849206 0.865079 0.880952 0.896825 0.912698 0.928571 0.944444 0.960317 0.976190 0.992063 
0 0.1021320 0.7586100 0.9138420 0.7404210 0.9147740 0.7669590 0.1030640 0.785148
Вечеръ у Алек. Иван. Политковской — всё семейство Ладыженскихъ —
0.007813 0.023438 0.039063 0.054688 0.070313 0.085938 0.101563 0.117188 0.132813 0.148438 0.164063 0.179688 0.195313 0.210938 0.226563 0.242188 0.257813 0.273438 0.289063 0.304688 0.320313 0.335938 0.351563 0.367188 0.382813 0.398438 0.414063 0.429688 0.445313 0.460938 0.476563 0.492188 0.507813 0.523438 0.539063 0.554688 0.570313 0.585938 0.601563 0.617188 0.632813 0.648438 0.664063 0.679688 0.695313 0.710938 0.726563 0.742188 0.757813 0.773438 0.789063 0.804688 0.820313 0.835938 0.851563 0.867188 0.882813 0.898438 0.914063 0.929688 0.945313 0.960938 0.976563 0.992188 
0 0.1007980 0.7901440 0.9576510 0.7727810 0.9586650 0.8046870 0.1018120 0.822050
Эффектъ произведенный мною весьма силенъ и симпатиченъ. Княжна
0.008065 0.024194 0.040323 0.056452 0.072581 0.088710 0.104839 0.120968 0.137097 0.153226 0.169355 0.185484 0.201613 0.217742 0.233871 0.250000 0.266129 0.282258 0.298387 0.314516 0.330645 0.346774 0.362903 0.379032 0.395161 0.411290 0.427419 0.443548 0.459677 0.475806 0.491935 0.508065 0.524194 0.540323 0.556452 0.572581 0.588710 0.604839 0.620968 0.637097 0.653226 0.669355 0.685484 0.701613 0.717742 0.733871 0.750000 0.766129 0.782258 0.798387 0.814516 0.830645 0.846774 0.862903 0.879032 0.895161 0.911290 0.927419 0.943548 0.959677 0.975806 0.991935 
0 0.1073770 0.8241160 0.9213700 0.8026300 0.9225080 0.8301390 0.1085160 0.851624
Тенишева. Старуха Голицына подарила мнѣ Bonhomm'a.
0.010000 0.030000 0.050000 0.070000 0.090000 0.110000 0.130000 0.150000 0.170000 0.190000 0.210000 0.230000 0.250000 0.270000 0.290000 0.310000 0.330000 0.350000 0.370000 0.390000 0.410000 0.430000 0.450000 0.470000 0.490000 0.510000 0.530000 0.550000 0.570000 0.590000 0.610000 0.630000 0.650000 0.670000 0.690000 0.710000 0.730000 0.750000 0.770000 0.790000 0.810000 0.830000 0.850000 0.870000 0.890000 0.910000 0.930000 0.950000 0.970000 0.990000 
0 0.1072450 0.8554960 0.9425880 0.8426980 0.9431720 0.8670080 0.1078290 0.879806
9-го выѣхалъ въ Москву съ Бунькой. 15-го Марта ѣздилъ въ Воскре-
0.007813 0.023438 0.039063 0.054688 0.070313 0.085938 0.101563 0.117188 0.132813 0.148438 0.164063 0.179688 0.195313 0.210938 0.226563 0.242188 0.257813 0.273438 0.289063 0.304688 0.320313 0.335938 0.351563 0.367188 0.382813 0.398438 0.414063 0.429688 0.445313 0.460938 0.476563 0.492188 0.507813 0.523438 0.539063 0.554688 0.570313 0.585938 0.601563 0.617188 0.632813 0.648438 0.664063 0.679688 0.695313 0.710938 0.726563 0.742188 0.757813 0.773438 0.789063 0.804688 0.820313 0.835938 0.851563 0.867188 0.882813 0.898438 0.914063 0.929688 0.945313 0.960938 0.976563 0.992188 
0 0.1102830 0.8880480 0.9267420 0.8785080 0.9271980 0.9034150 0.1107390 0.912956
сенское въ маленькомъ тарантасѣ на колесахъ и отправилъ
0.009091 0.027273 0.045455 0.063636 0.081818 0.100000 0.118182 0.136364 0.154545 0.172727 0.190909 0.209091 0.227273 0.245455 0.263636 0.281818 0.300000 0.318182 0.336364 0.354545 0.372727 0.390909 0.409091 0.427273 0.445455 0.463636 0.481818 0.500000 0.518182 0.536364 0.554545 0.572727 0.590909 0.609091 0.627273 0.645455 0.663636 0.681818 0.700000 0.718182 0.736364 0.754545 0.772727 0.790909 0.809091 0.827273 0.845455 0.863636 0.881818 0.900000 0.918182 0.936364 0.954545 0.972727 0.990909 
0 0.1156470 0.9177740 0.9123080 0.9113780 0.9126780 0.9408240 0.1160180 0.947220
всѣ плуга послѣ рабочихъ лошадей въ Кобылинку подъ.
0.009804 0.029412 0.049020 0.068627 0.088235 0.107843 0.127451 0.147059 0.166667 0.186275 0.205882 0.225490 0.245098 0.264706 0.284314 0.303922 0.323529 0.343137 0.362745 0.382353 0.401961 0.421569 0.441176 0.460784 0.480392 0.500000 0.519608 0.539216 0.558824 0.578431 0.598039 0.617647 0.637255 0.656863 0.676471 0.696078 0.715686 0.735294 0.754902 0.774510 0.794118 0.813725 0.833333 0.852941 0.872549 0.892157 0.911765 0.931373 0.950980 0.970588 0.990196 
