0 0.0595200 0.0748760 0.9426380 0.0785930 0.9423820 0.1030770 0.0592630 0.099360
et vous n'etes pas seule — Que vous voulez-vous — Ma volonte
0.008333 0.025000 0.041667 0.058333 0.075000 0.091667 0.108333 0.125000 0.141667 0.158333 0.175000 0.191667 0.208333 0.225000 0.241667 0.258333 0.275000 0.291667 0.308333 0.325000 0.341667 0.358333 0.375000 0.391667 0.408333 0.425000 0.441667 0.458333 0.475000 0.491667 0.508333 0.525000 0.541667 0.558333 0.575000 0.591667 0.608333 0.625000 0.641667 0.658333 0.675000 0.691667 0.708333 0.725000 0.741667 0.758333 0.775000 0.791667 0.808333 0.825000 0.841667 0.858333 0.875000 0.891667 0.908333 0.925000 0.941667 0.958333 0.975000 0.991667 
0 0.0634350 0.1171120 0.9261400 0.1148390 0.9262980 0.1390290 0.0635930 0.141301
n'y peut rien. Adieu, soyez heureuse. Я проговорилъ это на
0.008621 0.025862 0.043103 0.060345 0.077586 0.094828 0.112069 0.129310 0.146552 0.163793 0.181034 0.198276 0.215517 0.232759 0.250000 0.267241 0.284483 0.301724 0.318966 0.336207 0.353448 0.370690 0.387931 0.405172 0.422414 0.439655 0.456897 0.474138 0.491379 0.508621 0.525862 0.543103 0.560345 0.577586 0.594828 0.612069 0.629310 0.646552 0.663793 0.681034 0.698276 0.715517 0.732759 0.750000 0.767241 0.784483 0.801724 0.818966 0.836207 0.853448 0.870690 0.887931 0.905172 0.922414 0.939655 0.956897 0.974138 0.991379 
0 0.0628770 0.1543430 0.6887760 0.1531320 0.6888790 0.1745520 0.0629800 0.175762
лѣстцѣ и съ этимъ словомъ закрылъ дверь.
0.012500 0.037500 0.062500 0.087500 0.112500 0.137500 0.162500 0.187500 0.212500 0.237500 0.262500 0.287500 0.312500 0.337500 0.362500 0.387500 0.412500 0.437500 0.462500 0.487500 0.512500 0.537500 0.562500 0.587500 0.612500 0.637500 0.662500 0.687500 0.712500 0.737500 0.762500 0.787500 0.812500 0.837500 0.862500 0.887500 0.912500 0.937500 0.962500 0.987500 
0 0.0726710 0.1856570 0.9491930 0.1886910 0.9489680 0.2148250 0.0724460 0.211792
9-е. По утру отправился забрать получить ея заем-
0.010204 0.030612 0.051020 0.071429 0.091837 0.112245 0.132653 0.153061 0.173469 0.193878 0.214286 0.234694 0.255102 0.275510 0.295918 0.316327 0.336735 0.357143 0.377551 0.397959 0.418367 0.438776 0.459184 0.479592 0.500000 0.520408 0.540816 0.561224 0.581633 0.602041 0.622449 0.642857 0.663265 0.683673 0.704082 0.724490 0.744898 0.765306 0.785714 0.806122 0.826531 0.846939 0.867347 0.887755 0.908163 0.928571 0.948980 0.969388 0.989796 
0 0.0670440 0.2216110 0.9279550 0.2192880 0.9280990 0.2406930 0.0671880 0.243016
ныя письма. Въ 12 часовъ я былъ у нее. Она была не
0.010000 0.030000 0.050000 0.070000 0.090000 0.110000 0.130000 0.150000 0.170000 0.190000 0.210000 0.230000 0.250000 0.270000 0.290000 0.310000 0.330000 0.350000 0.370000 0.390000 0.410000 0.430000 0.450000 0.470000 0.490000 0.510000 0.530000 0.550000 0.570000 0.590000 0.610000 0.630000 0.650000 0.670000 0.690000 0.710000 0.730000 0.750000 0.770000 0.790000 0.810000 0.830000 0.850000 0.870000 0.890000 0.910000 0.930000 0.950000 0.970000 0.990000 
0 0.0763620 0.2507630 0.9456520 0.2556200 0.9453100 0.2802550 0.0760200 0.275398
одна — всё совершилось холодно, тихо и формально —
0.010000 0.030000 0.050000 0.070000 0.090000 0.110000 0.130000 0.150000 0.170000 0.190000 0.210000 0.230000 0.250000 0.270000 0.290000 0.310000 0.330000 0.350000 0.370000 0.390000 0.410000 0.430000 0.450000 0.470000 0.490000 0.510000 0.530000 0.550000 0.570000 0.590000 0.610000 0.630000 0.650000 0.670000 0.690000 0.710000 0.730000 0.750000 0.770000 0.790000 0.810000 0.830000 0.850000 0.870000 0.890000 0.910000 0.930000 0.950000 0.970000 0.990000 
0 0.0761940 0.2868690 0.9131170 0.2879270 0.9130390 0.3125530 0.0761170 0.311495
условіе было уничтожено.—. Я заѣхалъ къ M-me
0.011364 0.034091 0.056818 0.079545 0.102273 0.125000 0.147727 0.170455 0.193182 0.215909 0.238636 0.261364 0.284091 0.306818 0.329545 0.352273 0.375000 0.397727 0.420455 0.443182 0.465909 0.488636 0.511364 0.534091 0.556818 0.579545 0.602273 0.625000 0.647727 0.670455 0.693182 0.715909 0.738636 0.761364 0.784091 0.806818 0.829545 0.852273 0.875000 0.897727 0.920455 0.943182 0.965909 0.988636 
0 0.0750620 0.3236470 0.9215930 0.3259520 0.9214220 0.3511520 0.0748920 0.348846
Vernet, она меня уговорила обѣдать на другой день
0.010204 0.030612 0.051020 0.071429 0.091837 0.112245 0.132653 0.153061 0.173469 0.193878 0.214286 0.234694 0.255102 0.275510 0.295918 0.316327 0.336735 0.357143 0.377551 0.397959 0.418367 0.438776 0.459184 0.479592 0.500000 0.520408 0.540816 0.561224 0.581633 0.602041 0.622449 0.642857 0.663265 0.683673 0.704082 0.724490 0.744898 0.765306 0.785714 0.806122 0.826531 0.846939 0.867347 0.887755 0.908163 0.928571 0.948980 0.969388 0.989796 
0 0.0786310 0.3564930 0.8675990 0.3584420 0.8674680 0.3798510 0.0784990 0.377902
у нее. Піэссу давали вечеромъ и я остался.
0.011905 0.035714 0.059524 0.083333 0.107143 0.130952 0.154762 0.178571 0.202381 0.226190 0.250000 0.273810 0.297619 0.321429 0.345238 0.369048 0.392857 0.416667 0.440476 0.464286 0.488095 0.511905 0.535714 0.559524 0.583333 0.607143 0.630952 0.654762 0.678571 0.702381 0.726190 0.750000 0.773810 0.797619 0.821429 0.845238 0.869048 0.892857 0.916667 0.940476 0.964286 0.988095 
0 0.0777750 0.3942750 0.8475740 0.3912410 0.8478110 0.4154480 0.0780120 0.418482
Антонъ Голицынъ заказалъ букетъ для Владимировой — Я
0.009615 0.028846 0.048077 0.067308 0.086538 0.105769 0.125000 0.144231 0.163462 0.182692 0.201923 0.221154 0.240385 0.259615 0.278846 0.298077 0.317308 0.336538 0.355769 0.375000 0.394231 0.413462 0.432692 0.451923 0.471154 0.490385 0.509615 0.528846 0.548077 0.567308 0.586538 0.605769 0.625000 0.644231 0.663462 0.682692 0.701923 0.721154 0.740385 0.759615 0.778846 0.798077 0.817308 0.836538 0.855769 0.875000 0.894231 0.913462 0.932692 0.951923 0.971154 0.990385 
0 0.0731270 0.4239970 0.9526220 0.4236590 0.9526460 0.4481890 0.0731510 0.448527
отправился къ Ѳедорову и подарилъ ему серебряный Cendrier
0.008772 0.026316 0.043860 0.061404 0.078947 0.096491 0.114035 0.131579 0.149123 0.166667 0.184211 0.201754 0.219298 0.236842 0.254386 0.271930 0.289474 0.307018 0.324561 0.342105 0.359649 0.377193 0.394737 0.412281 0.429825 0.447368 0.464912 0.482456 0.500000 0.517544 0.535088 0.552632 0.570175 0.587719 0.605263 0.622807 0.640351 0.657895 0.675439 0.692982 0.710526 0.728070 0.745614 0.763158 0.780702 0.798246 0.815789 0.833333 0.850877 0.868421 0.885965 0.903509 0.921053 0.938596 0.956140 0.973684 0.991228 
0 0.0785350 0.4574880 0.8770960 0.4574430 0.8771000 0.4829910 0.0785380 0.483036
(въ формѣ подковы), режиссеру Воронову папиросницу —.
0.009434 0.028302 0.047170 0.066038 0.084906 0.103774 0.122642 0.141509 0.160377 0.179245 0.198113 0.216981 0.235849 0.254717 0.273585 0.292453 0.311321 0.330189 0.349057 0.367925 0.386792 0.405660 0.424528 0.443396 0.462264 0.481132 0.500000 0.518868 0.537736 0.556604 0.575472 0.594340 0.613208 0.632075 0.650943 0.669811 0.688679 0.707547 0.726415 0.745283 0.764151 0.783019 0.801887 0.820755 0.839623 0.858491 0.877358 0.896226 0.915094 0.933962 0.952830 0.971698 0.990566 
0 0.0620310 0.4926590 0.9319060 0.4977390 0.9315380 0.5230530 0.0616630 0.517972
10-е. Сдѣлалъ нѣсколько визитовъ. Былъ у Самойлова — жена
0.008772 0.026316 0.043860 0.061404 0.078947 0.096491 0.114035 0.131579 0.149123 0.166667 0.184211 0.201754 0.219298 0.236842 0.254386 0.271930 0.289474 0.307018 0.324561 0.342105 0.359649 0.377193 0.394737 0.412281 0.429825 0.447368 0.464912 0.482456 0.500000 0.517544 0.535088 0.552632 0.570175 0.587719 0.605263 0.622807 0.640351 0.657895 0.675439 0.692982 0.710526 0.728070 0.745614 0.763158 0.780702 0.798246 0.815789 0.833333 0.850877 0.868421 0.885965 0.903509 0.921053 0.938596 0.956140 0.973684 0.991228 
0 0.0612050 0.5269130 0.9341070 0.5278450 0.9340360 0.5542520 0.0611350 0.553320
его въ претензіи что меня они не видали послѣ перваго
0.009434 0.028302 0.047170 0.066038 0.084906 0.103774 0.122642 0.141509 0.160377 0.179245 0.198113 0.216981 0.235849 0.254717 0.273585 0.292453 0.311321 0.330189 0.349057 0.367925 0.386792 0.405660 0.424528 0.443396 0.462264 0.481132 0.500000 0.518868 0.537736 0.556604 0.575472 0.594340 0.613208 0.632075 0.650943 0.669811 0.688679 0.707547 0.726415 0.745283 0.764151 0.783019 0.801887 0.820755 0.839623 0.858491 0.877358 0.896226 0.915094 0.933962 0.952830 0.971698 0.990566 
0 0.0598650 0.5617590 0.8913960 0.5601650 0.8915150 0.5852470 0.0599850 0.586841
представленія — Онъ недоволенъ почти всѣми актёрами.
0.009615 0.028846 0.048077 0.067308 0.086538 0.105769 0.125000 0.144231 0.163462 0.182692 0.201923 0.221154 0.240385 0.259615 0.278846 0.298077 0.317308 0.336538 0.355769 0.375000 0.394231 0.413462 0.432692 0.451923 0.471154 0.490385 0.509615 0.528846 0.548077 0.567308 0.586538 0.605769 0.625000 0.644231 0.663462 0.682692 0.701923 0.721154 0.740385 0.759615 0.778846 0.798077 0.817308 0.836538 0.855769 0.875000 0.894231 0.913462 0.932692 0.951923 0.971154 0.990385 
0 0.0563480 0.5924410 0.8938770 0.5923140 0.8938870 0.6183150 0.0563570 0.618441
Я ему обѣщалъ прислать кубокъ съ надписью. Онъ
0.010870 0.032609 0.054348 0.076087 0.097826 0.119565 0.141304 0.163043 0.184783 0.206522 0.228261 0.250000 0.271739 0.293478 0.315217 0.336957 0.358696 0.380435 0.402174 0.423913 0.445652 0.467391 0.489130 0.510870 0.532609 0.554348 0.576087 0.597826 0.619565 0.641304 0.663043 0.684783 0.706522 0.728261 0.750000 0.771739 0.793478 0.815217 0.836957 0.858696 0.880435 0.902174 0.923913 0.945652 0.967391 0.989130 
0 0.0627370 0.6253200 0.8816870 0.6212010 0.8819760 0.6443150 0.0630260 0.648435
подарилъ мнѣ свой портретъ. Отправился прямо
0.011364 0.034091 0.056818 0.079545 0.102273 0.125000 0.147727 0.170455 0.193182 0.215909 0.238636 0.261364 0.284091 0.306818 0.329545 0.352273 0.375000 0.397727 0.420455 0.443182 0.465909 0.488636 0.511364 0.534091 0.556818 0.579545 0.602273 0.625000 0.647727 0.670455 0.693182 0.715909 0.738636 0.761364 0.784091 0.806818 0.829545 0.852273 0.875000 0.897727 0.920455 0.943182 0.965909 0.988636 
0 0.0748870 0.6565800 0.8704560 0.6557680 0.8705240 0.6825050 0.0749550 0.683316
къ M-me Vernet — обѣдали Anaïs, я, M-me Vernet, Англичанки,
0.008475 0.025424 0.042373 0.059322 0.076271 0.093220 0.110169 0.127119 0.144068 0.161017 0.177966 0.194915 0.211864 0.228814 0.245763 0.262712 0.279661 0.296610 0.313559 0.330508 0.347458 0.364407 0.381356 0.398305 0.415254 0.432203 0.449153 0.466102 0.483051 0.500000 0.516949 0.533898 0.550847 0.567797 0.584746 0.601695 0.618644 0.635593 0.652542 0.669492 0.686441 0.703390 0.720339 0.737288 0.754237 0.771186 0.788136 0.805085 0.822034 0.838983 0.855932 0.872881 0.889831 0.906780 0.923729 0.940678 0.957627 0.974576 0.991525 
0 0.0614380 0.6897380 0.9013640 0.6843200 0.9017750 0.7099150 0.0618480 0.715333
M-me Falcon, M-r Rose. Я очень въ духѣ — Anaïs #
0.010417 0.031250 0.052083 0.072917 0.093750 0.114583 0.135417 0.156250 0.177083 0.197917 0.218750 0.239583 0.260417 0.281250 0.302083 0.322917 0.343750 0.364583 0.385417 0.406250 0.427083 0.447917 0.468750 0.489583 0.510417 0.531250 0.552083 0.572917 0.593750 0.614583 0.635417 0.656250 0.677083 0.697917 0.718750 0.739583 0.760417 0.781250 0.802083 0.822917 0.843750 0.864583 0.885417 0.906250 0.927083 0.947917 0.968750 0.989583 
0 0.0648430 0.7218410 0.9179480 0.7119080 0.9186390 0.7357600 0.0655340 0.745692
очень спасовала. Вечеромъ было 2-е представленіе. Самойловъ
0.008475 0.025424 0.042373 0.059322 0.076271 0.093220 0.110169 0.127119 0.144068 0.161017 0.177966 0.194915 0.211864 0.228814 0.245763 0.262712 0.279661 0.296610 0.313559 0.330508 0.347458 0.364407 0.381356 0.398305 0.415254 0.432203 0.449153 0.466102 0.483051 0.500000 0.516949 0.533898 0.550847 0.567797 0.584746 0.601695 0.618644 0.635593 0.652542 0.669492 0.686441 0.703390 0.720339 0.737288 0.754237 0.771186 0.788136 0.805085 0.822034 0.838983 0.855932 0.872881 0.889831 0.906780 0.923729 0.940678 0.957627 0.974576 0.991525 
0 0.0704200 0.7514050 0.8965770 0.7446860 0.8970490 0.7680270 0.0708920 0.774746
игралъ отлично. Я былъ за кулисами. Максимова (Нелькина) въ 3-м
0.007937 0.023810 0.039683 0.055556 0.071429 0.087302 0.103175 0.119048 0.134921 0.150794 0.166667 0.182540 0.198413 0.214286 0.230159 0.246032 0.261905 0.277778 0.293651 0.309524 0.325397 0.341270 0.357143 0.373016 0.388889 0.404762 0.420635 0.436508 0.452381 0.468254 0.484127 0.500000 0.515873 0.531746 0.547619 0.563492 0.579365 0.595238 0.611111 0.626984 0.642857 0.658730 0.674603 0.690476 0.706349 0.722222 0.738095 0.753968 0.769841 0.785714 0.801587 0.817460 0.833333 0.849206 0.865079 0.880952 0.896825 0.912698 0.928571 0.944444 0.960317 0.976190 0.992063 
0 0.0643720 0.7833930 0.9462650 0.7745950 0.9467960 0.7959780 0.0649030 0.804776
дѣйствіи вызвали 3 раза. Самойлова послѣ піэссы также
0.009434 0.028302 0.047170 0.066038 0.084906 0.103774 0.122642 0.141509 0.160377 0.179245 0.198113 0.216981 0.235849 0.254717 0.273585 0.292453 0.311321 0.330189 0.349057 0.367925 0.386792 0.405660 0.424528 0.443396 0.462264 0.481132 0.500000 0.518868 0.537736 0.556604 0.575472 0.594340 0.613208 0.632075 0.650943 0.669811 0.688679 0.707547 0.726415 0.745283 0.764151 0.783019 0.801887 0.820755 0.839623 0.858491 0.877358 0.896226 0.915094 0.933962 0.952830 0.971698 0.990566 
0 0.0667450 0.8138570 0.9078450 0.8055100 0.9084210 0.8288800 0.0673220 0.837226
три раза. Въ Театрѣ была В. К. Марія Николаевна и
0.010204 0.030612 0.051020 0.071429 0.091837 0.112245 0.132653 0.153061 0.173469 0.193878 0.214286 0.234694 0.255102 0.275510 0.295918 0.316327 0.336735 0.357143 0.377551 0.397959 0.418367 0.438776 0.459184 0.479592 0.500000 0.520408 0.540816 0.561224 0.581633 0.602041 0.622449 0.642857 0.663265 0.683673 0.704082 0.724490 0.744898 0.765306 0.785714 0.806122 0.826531 0.846939 0.867347 0.887755 0.908163 0.928571 0.948980 0.969388 0.989796 
0 0.0652930 0.8438940 0.4549800 0.8433250 0.4550580 0.8647040 0.0653710 0.865274
много аплодировала. —
0.023810 0.071429 0.119048 0.166667 0.214286 0.261905 0.309524 0.357143 0.404762 0.452381 0.500000 0.547619 0.595238 0.642857 0.690476 0.738095 0.785714 0.833333 0.880952 0.928571 0.976190 
0 0.0628200 0.8760040 0.8967410 0.8733650 0.8969300 0.8972960 0.0630090 0.899935
11-е. Сбираюсь ѣхать. Отложилъ до завтра. Поджидаемъ
0.009615 0.028846 0.048077 0.067308 0.086538 0.105769 0.125000 0.144231 0.163462 0.182692 0.201923 0.221154 0.240385 0.259615 0.278846 0.298077 0.317308 0.336538 0.355769 0.375000 0.394231 0.413462 0.432692 0.451923 0.471154 0.490385 0.509615 0.528846 0.548077 0.567308 0.586538 0.605769 0.625000 0.644231 0.663462 0.682692 0.701923 0.721154 0.740385 0.759615 0.778846 0.798077 0.817308 0.836538 0.855769 0.875000 0.894231 0.913462 0.932692 0.951923 0.971154 0.990385 
0 0.0752570 0.9029570 0.9313860 0.9099100 0.9308930 0.9342980 0.0747650 0.927345
слуховъ о письмѣ. Былъ у Панаева. Онъ пишетъ
0.011364 0.034091 0.056818 0.079545 0.102273 0.125000 0.147727 0.170455 0.193182 0.215909 0.238636 0.261364 0.284091 0.306818 0.329545 0.352273 0.375000 0.397727 0.420455 0.443182 0.465909 0.488636 0.511364 0.534091 0.556818 0.579545 0.602273 0.625000 0.647727 0.670455 0.693182 0.715909 0.738636 0.761364 0.784091 0.806818 0.829545 0.852273 0.875000 0.897727 0.920455 0.943182 0.965909 0.988636 
