0 0.0581540 0.0823450 0.8866380 0.0752490 0.8871890 0.1021720 0.0587050 0.109268
по утру въ 12 часовъ пріѣхалъ Полковникъ Озерскій
0.010204 0.030612 0.051020 0.071429 0.091837 0.112245 0.132653 0.153061 0.173469 0.193878 0.214286 0.234694 0.255102 0.275510 0.295918 0.316327 0.336735 0.357143 0.377551 0.397959 0.418367 0.438776 0.459184 0.479592 0.500000 0.520408 0.540816 0.561224 0.581633 0.602041 0.622449 0.642857 0.663265 0.683673 0.704082 0.724490 0.744898 0.765306 0.785714 0.806122 0.826531 0.846939 0.867347 0.887755 0.908163 0.928571 0.948980 0.969388 0.989796 
0 0.0617120 0.1226760 0.8901680 0.1141120 0.8907730 0.1386040 0.0623170 0.147169
первый членъ комиссіи. Обѣдалъ съ нимъ — послѣ
0.010870 0.032609 0.054348 0.076087 0.097826 0.119565 0.141304 0.163043 0.184783 0.206522 0.228261 0.250000 0.271739 0.293478 0.315217 0.336957 0.358696 0.380435 0.402174 0.423913 0.445652 0.467391 0.489130 0.510870 0.532609 0.554348 0.576087 0.597826 0.619565 0.641304 0.663043 0.684783 0.706522 0.728261 0.750000 0.771739 0.793478 0.815217 0.836957 0.858696 0.880435 0.902174 0.923913 0.945652 0.967391 0.989130 
0 0.0634910 0.1612870 0.9421450 0.1500410 0.9428130 0.1718710 0.0641580 0.183117
обѣда большой разговоръ въ желтой каминной комнатѣ
0.010000 0.030000 0.050000 0.070000 0.090000 0.110000 0.130000 0.150000 0.170000 0.190000 0.210000 0.230000 0.250000 0.270000 0.290000 0.310000 0.330000 0.350000 0.370000 0.390000 0.410000 0.430000 0.450000 0.470000 0.490000 0.510000 0.530000 0.550000 0.570000 0.590000 0.610000 0.630000 0.650000 0.670000 0.690000 0.710000 0.730000 0.750000 0.770000 0.790000 0.810000 0.830000 0.850000 0.870000 0.890000 0.910000 0.930000 0.950000 0.970000 0.990000 
0 0.0698350 0.1975880 0.8852850 0.1852870 0.8862510 0.2120650 0.0708000 0.224367
Ѣздилъ съ нимъ выбирать ему домъ. Вечеромъ во
0.011111 0.033333 0.055556 0.077778 0.100000 0.122222 0.144444 0.166667 0.188889 0.211111 0.233333 0.255556 0.277778 0.300000 0.322222 0.344444 0.366667 0.388889 0.411111 0.433333 0.455556 0.477778 0.500000 0.522222 0.544444 0.566667 0.588889 0.611111 0.633333 0.655556 0.677778 0.700000 0.722222 0.744444 0.766667 0.788889 0.811111 0.833333 0.855556 0.877778 0.900000 0.922222 0.944444 0.966667 0.988889 
0 0.0780610 0.2340330 0.8957160 0.2184970 0.8968650 0.2438160 0.0792110 0.259352
время всеночной на Троицына день объясненіе съ
0.010870 0.032609 0.054348 0.076087 0.097826 0.119565 0.141304 0.163043 0.184783 0.206522 0.228261 0.250000 0.271739 0.293478 0.315217 0.336957 0.358696 0.380435 0.402174 0.423913 0.445652 0.467391 0.489130 0.510870 0.532609 0.554348 0.576087 0.597826 0.619565 0.641304 0.663043 0.684783 0.706522 0.728261 0.750000 0.771739 0.793478 0.815217 0.836957 0.858696 0.880435 0.902174 0.923913 0.945652 0.967391 0.989130 
0 0.0714630 0.2747740 0.9310120 0.2574980 0.9321680 0.2815680 0.0726190 0.298844
Николаемъ. Мы разстались хорошо — но разстались.
0.010417 0.031250 0.052083 0.072917 0.093750 0.114583 0.135417 0.156250 0.177083 0.197917 0.218750 0.239583 0.260417 0.281250 0.302083 0.322917 0.343750 0.364583 0.385417 0.406250 0.427083 0.447917 0.468750 0.489583 0.510417 0.531250 0.552083 0.572917 0.593750 0.614583 0.635417 0.656250 0.677083 0.697917 0.718750 0.739583 0.760417 0.781250 0.802083 0.822917 0.843750 0.864583 0.885417 0.906250 0.927083 0.947917 0.968750 0.989583 
0 0.0796390 0.3096940 0.9081370 0.3010960 0.9087470 0.3257330 0.0802500 0.334330
#
0.500000 
0 0.0696890 0.3470140 0.8526580 0.3316970 0.8538370 0.3569250 0.0708690 0.372243
#
0.500000 
0 0.0710120 0.3835160 0.9221870 0.3698480 0.9231490 0.3949100 0.0719730 0.408578
#
0.500000 
0 0.0710810 0.4173380 0.9276520 0.4063950 0.9284830 0.4336010 0.0719110 0.444544
#
0.500000 
0 0.0691820 0.4607730 0.9083740 0.4463800 0.9093910 0.4711950 0.0701990 0.485588
#
0.500000 
0 0.0700250 0.4948000 0.8638290 0.4863250 0.8644980 0.5125590 0.0706940 0.521034
#
0.500000 
0 0.0753450 0.5347940 0.9026180 0.5235240 0.9033820 0.5469740 0.0761080 0.558244
#
0.500000 
0 0.0712500 0.5740870 0.8745940 0.5635490 0.8752760 0.5853210 0.0719320 0.595859
#
0.500000 
0 0.0714060 0.6099600 0.8735480 0.6039770 0.8739890 0.6287540 0.0718480 0.634738
#
0.500000 
0 0.0695980 0.6472740 0.7384550 0.6419950 0.7389110 0.6661900 0.0700540 0.671468
#
0.500000 
0 0.0736360 0.6903400 0.9468380 0.6785860 0.9476360 0.7034100 0.0744340 0.715164
#
0.500000 
0 0.0751070 0.7268090 0.9053510 0.7220960 0.9056460 0.7438860 0.0754020 0.748599
#
0.500000 
0 0.0891600 0.7641970 0.8942590 0.7542710 0.8949760 0.7786210 0.0898780 0.788547
#
0.500000 
0 0.0912550 0.7985460 0.8647180 0.7944150 0.8649960 0.8161980 0.0915330 0.820329
#
0.500000 
0 0.0951600 0.8331170 0.9349830 0.8238070 0.9356290 0.8481890 0.0958060 0.857499
#
0.500000 
0 0.0951190 0.8741090 0.8828370 0.8642050 0.8836280 0.8905240 0.0959100 0.900429
#
0.500000 
0 0.1042420 0.9100890 0.9314620 0.9038270 0.9319710 0.9319420 0.1047510 0.938204
#
0.500000 
0 0.0973350 0.9480800 0.9018770 0.9459820 0.9020260 0.9699030 0.0974840 0.972001
#
0.500000 
