0 0.0516110 0.0800690 0.8875340 0.0756430 0.8878210 0.0972100 0.0518980 0.101637
Всё это время аппетитъ хорошъ — день провелъ весело
0.009804 0.029412 0.049020 0.068627 0.088235 0.107843 0.127451 0.147059 0.166667 0.186275 0.205882 0.225490 0.245098 0.264706 0.284314 0.303922 0.323529 0.343137 0.362745 0.382353 0.401961 0.421569 0.441176 0.460784 0.480392 0.500000 0.519608 0.539216 0.558824 0.578431 0.598039 0.617647 0.637255 0.656863 0.676471 0.696078 0.715686 0.735294 0.754902 0.774510 0.794118 0.813725 0.833333 0.852941 0.872549 0.892157 0.911765 0.931373 0.950980 0.970588 0.990196 
0 0.0555140 0.1108410 0.8742270 0.1001470 0.8750480 0.1251260 0.0563350 0.135820
26 у Дяди были гости Разговоръ политической —
0.011111 0.033333 0.055556 0.077778 0.100000 0.122222 0.144444 0.166667 0.188889 0.211111 0.233333 0.255556 0.277778 0.300000 0.322222 0.344444 0.366667 0.388889 0.411111 0.433333 0.455556 0.477778 0.500000 0.522222 0.544444 0.566667 0.588889 0.611111 0.633333 0.655556 0.677778 0.700000 0.722222 0.744444 0.766667 0.788889 0.811111 0.833333 0.855556 0.877778 0.900000 0.922222 0.944444 0.966667 0.988889 
0 0.0692810 0.1449290 0.8568400 0.1311790 0.8577850 0.1527190 0.0702260 0.166469
первое извѣстіе о моей Комедіи помѣщенное
0.012195 0.036585 0.060976 0.085366 0.109756 0.134146 0.158537 0.182927 0.207317 0.231707 0.256098 0.280488 0.304878 0.329268 0.353659 0.378049 0.402439 0.426829 0.451220 0.475610 0.500000 0.524390 0.548780 0.573171 0.597561 0.621951 0.646341 0.670732 0.695122 0.719512 0.743902 0.768293 0.792683 0.817073 0.841463 0.865854 0.890244 0.914634 0.939024 0.963415 0.987805 
0 0.0787860 0.1728900 0.5787640 0.1652410 0.5796780 0.1890050 0.0797000 0.196654
въ Московскихъ вѣдомостяхъ.
0.018519 0.055556 0.092593 0.129630 0.166667 0.203704 0.240741 0.277778 0.314815 0.351852 0.388889 0.425926 0.462963 0.500000 0.537037 0.574074 0.611111 0.648148 0.685185 0.722222 0.759259 0.796296 0.833333 0.870370 0.907407 0.944444 0.981481 
0 0.0714660 0.2075220 0.8521860 0.1884020 0.8537830 0.2143430 0.0730630 0.233463
26. Рано утромъ уѣхалъ изъ Расвы въ Бельтское
0.011111 0.033333 0.055556 0.077778 0.100000 0.122222 0.144444 0.166667 0.188889 0.211111 0.233333 0.255556 0.277778 0.300000 0.322222 0.344444 0.366667 0.388889 0.411111 0.433333 0.455556 0.477778 0.500000 0.522222 0.544444 0.566667 0.588889 0.611111 0.633333 0.655556 0.677778 0.700000 0.722222 0.744444 0.766667 0.788889 0.811111 0.833333 0.855556 0.877778 0.900000 0.922222 0.944444 0.966667 0.988889 
0 0.0639270 0.2426350 0.8557660 0.2249770 0.8571100 0.2489650 0.0652710 0.266622
Обѣдалъ въ Одоевѣ у Толстикова — Ночевалъ въ Белевѣ.
0.009615 0.028846 0.048077 0.067308 0.086538 0.105769 0.125000 0.144231 0.163462 0.182692 0.201923 0.221154 0.240385 0.259615 0.278846 0.298077 0.317308 0.336538 0.355769 0.375000 0.394231 0.413462 0.432692 0.451923 0.471154 0.490385 0.509615 0.528846 0.548077 0.567308 0.586538 0.605769 0.625000 0.644231 0.663462 0.682692 0.701923 0.721154 0.740385 0.759615 0.778846 0.798077 0.817308 0.836538 0.855769 0.875000 0.894231 0.913462 0.932692 0.951923 0.971154 0.990385 
0 0.0773970 0.2785920 0.8372870 0.2546500 0.8393340 0.2805000 0.0794450 0.304442
27. Пріездъ на Плавицу. Сухо, время ясное, пыль
0.010638 0.031915 0.053191 0.074468 0.095745 0.117021 0.138298 0.159574 0.180851 0.202128 0.223404 0.244681 0.265957 0.287234 0.308511 0.329787 0.351064 0.372340 0.393617 0.414894 0.436170 0.457447 0.478723 0.500000 0.521277 0.542553 0.563830 0.585106 0.606383 0.627660 0.648936 0.670213 0.691489 0.712766 0.734043 0.755319 0.776596 0.797872 0.819149 0.840426 0.861702 0.882979 0.904255 0.925532 0.946809 0.968085 0.989362 
0 0.0767020 0.3151460 0.3366510 0.3083390 0.3382310 0.3323430 0.0782820 0.339150
28-е. страшная
0.035714 0.107143 0.178571 0.250000 0.321429 0.392857 0.464286 0.535714 0.607143 0.678571 0.750000 0.821429 0.892857 0.964286 
0 0.1045670 0.3472920 0.6675260 0.3241800 0.6700440 0.3485850 0.1070850 0.371698
28. Дождь. Занимался по хозяйству.
0.014706 0.044118 0.073529 0.102941 0.132353 0.161765 0.191176 0.220588 0.250000 0.279412 0.308824 0.338235 0.367647 0.397059 0.426471 0.455882 0.485294 0.514706 0.544118 0.573529 0.602941 0.632353 0.661765 0.691176 0.720588 0.750000 0.779412 0.808824 0.838235 0.867647 0.897059 0.926471 0.955882 0.985294 
0 0.0867740 0.3782690 0.8550990 0.3515500 0.8573880 0.3777330 0.0890630 0.404452
1-е Октября. Угощеніе людей и крестьянъ
0.012821 0.038462 0.064103 0.089744 0.115385 0.141026 0.166667 0.192308 0.217949 0.243590 0.269231 0.294872 0.320513 0.346154 0.371795 0.397436 0.423077 0.448718 0.474359 0.500000 0.525641 0.551282 0.576923 0.602564 0.628205 0.653846 0.679487 0.705128 0.730769 0.756410 0.782051 0.807692 0.833333 0.858974 0.884615 0.910256 0.935897 0.961538 0.987179 
0 0.0878650 0.4089450 0.8753320 0.3868690 0.8771600 0.4128000 0.0896920 0.434877
одарилъ всѣхъ бабъ и дѣвокъ платками. — Дождь
0.011111 0.033333 0.055556 0.077778 0.100000 0.122222 0.144444 0.166667 0.188889 0.211111 0.233333 0.255556 0.277778 0.300000 0.322222 0.344444 0.366667 0.388889 0.411111 0.433333 0.455556 0.477778 0.500000 0.522222 0.544444 0.566667 0.588889 0.611111 0.633333 0.655556 0.677778 0.700000 0.722222 0.744444 0.766667 0.788889 0.811111 0.833333 0.855556 0.877778 0.900000 0.922222 0.944444 0.966667 0.988889 
0 0.0915840 0.4445100 0.2521970 0.4410740 0.2533550 0.4626170 0.0927430 0.466054
сумрачно.
0.055556 0.166667 0.277778 0.388889 0.500000 0.611111 0.722222 0.833333 0.944444 
0 0.0828030 0.4779760 0.9049470 0.4478820 0.9073480 0.4739690 0.0852030 0.504063
2-е. Встаю рано — иду на заводъ — пью кофей. Съ 8. часовъ
0.008772 0.026316 0.043860 0.061404 0.078947 0.096491 0.114035 0.131579 0.149123 0.166667 0.184211 0.201754 0.219298 0.236842 0.254386 0.271930 0.289474 0.307018 0.324561 0.342105 0.359649 0.377193 0.394737 0.412281 0.429825 0.447368 0.464912 0.482456 0.500000 0.517544 0.535088 0.552632 0.570175 0.587719 0.605263 0.622807 0.640351 0.657895 0.675439 0.692982 0.710526 0.728070 0.745614 0.763158 0.780702 0.798246 0.815789 0.833333 0.850877 0.868421 0.885965 0.903509 0.921053 0.938596 0.956140 0.973684 0.991228 
0 0.0873690 0.5108450 0.8843280 0.4860830 0.8864780 0.5136180 0.0895190 0.538380
занимаюсь до 12-ти завтракаю, ѣду Верьхомъ или
0.010870 0.032609 0.054348 0.076087 0.097826 0.119565 0.141304 0.163043 0.184783 0.206522 0.228261 0.250000 0.271739 0.293478 0.315217 0.336957 0.358696 0.380435 0.402174 0.423913 0.445652 0.467391 0.489130 0.510870 0.532609 0.554348 0.576087 0.597826 0.619565 0.641304 0.663043 0.684783 0.706522 0.728261 0.750000 0.771739 0.793478 0.815217 0.836957 0.858696 0.880435 0.902174 0.923913 0.945652 0.967391 0.989130 
0 0.0831980 0.5460290 0.7557050 0.5204680 0.7580350 0.5448510 0.0855280 0.570413
пѣшкомъ — въ 7 часовъ обѣдаю — вечеръ чтеніе —
0.010870 0.032609 0.054348 0.076087 0.097826 0.119565 0.141304 0.163043 0.184783 0.206522 0.228261 0.250000 0.271739 0.293478 0.315217 0.336957 0.358696 0.380435 0.402174 0.423913 0.445652 0.467391 0.489130 0.510870 0.532609 0.554348 0.576087 0.597826 0.619565 0.641304 0.663043 0.684783 0.706522 0.728261 0.750000 0.771739 0.793478 0.815217 0.836957 0.858696 0.880435 0.902174 0.923913 0.945652 0.967391 0.989130 
0 0.0848360 0.5766540 0.9269060 0.5467480 0.9289860 0.5700420 0.0869150 0.599948
3-е. Занятія идутъ хорошо — вчера написалъ еще прибавленіе
0.008621 0.025862 0.043103 0.060345 0.077586 0.094828 0.112069 0.129310 0.146552 0.163793 0.181034 0.198276 0.215517 0.232759 0.250000 0.267241 0.284483 0.301724 0.318966 0.336207 0.353448 0.370690 0.387931 0.405172 0.422414 0.439655 0.456897 0.474138 0.491379 0.508621 0.525862 0.543103 0.560345 0.577586 0.594828 0.612069 0.629310 0.646552 0.663793 0.681034 0.698276 0.715517 0.732759 0.750000 0.767241 0.784483 0.801724 0.818966 0.836207 0.853448 0.870690 0.887931 0.905172 0.922414 0.939655 0.956897 0.974138 0.991379 
0 0.0945810 0.6041050 0.9276810 0.5762780 0.9296910 0.6002180 0.0965910 0.628045
къ статьѣ о различіи древняго и новаго міра, — переводъ
0.009091 0.027273 0.045455 0.063636 0.081818 0.100000 0.118182 0.136364 0.154545 0.172727 0.190909 0.209091 0.227273 0.245455 0.263636 0.281818 0.300000 0.318182 0.336364 0.354545 0.372727 0.390909 0.409091 0.427273 0.445455 0.463636 0.481818 0.500000 0.518182 0.536364 0.554545 0.572727 0.590909 0.609091 0.627273 0.645455 0.663636 0.681818 0.700000 0.718182 0.736364 0.754545 0.772727 0.790909 0.809091 0.827273 0.845455 0.863636 0.881818 0.900000 0.918182 0.936364 0.954545 0.972727 0.990909 
0 0.0892860 0.6384730 0.3198330 0.6300570 0.3218070 0.6515610 0.0912590 0.659978
шелъ хорошо.—.
0.035714 0.107143 0.178571 0.250000 0.321429 0.392857 0.464286 0.535714 0.607143 0.678571 0.750000 0.821429 0.892857 0.964286 
0 0.0985100 0.6702220 0.8854150 0.6354280 0.8885270 0.6634200 0.1016210 0.698215
4-е. Всталъ рано и свѣжо читалъ Библію, переводилъ
0.010000 0.030000 0.050000 0.070000 0.090000 0.110000 0.130000 0.150000 0.170000 0.190000 0.210000 0.230000 0.250000 0.270000 0.290000 0.310000 0.330000 0.350000 0.370000 0.390000 0.410000 0.430000 0.450000 0.470000 0.490000 0.510000 0.530000 0.550000 0.570000 0.590000 0.610000 0.630000 0.650000 0.670000 0.690000 0.710000 0.730000 0.750000 0.770000 0.790000 0.810000 0.830000 0.850000 0.870000 0.890000 0.910000 0.930000 0.950000 0.970000 0.990000 
0 0.0958610 0.7059600 0.4671810 0.6976140 0.4683980 0.7191430 0.0970780 0.727489
справлялъ статью —
0.027778 0.083333 0.138889 0.194444 0.250000 0.305556 0.361111 0.416667 0.472222 0.527778 0.583333 0.638889 0.694444 0.750000 0.805556 0.861111 0.916667 0.972222 
0 0.1045000 0.7399410 0.6647000 0.7143520 0.6675290 0.7389920 0.1073290 0.764581
5-е. Былъ у Афремовыхъ — въ 1-ой разъ.
0.013158 0.039474 0.065789 0.092105 0.118421 0.144737 0.171053 0.197368 0.223684 0.250000 0.276316 0.302632 0.328947 0.355263 0.381579 0.407895 0.434211 0.460526 0.486842 0.513158 0.539474 0.565789 0.592105 0.618421 0.644737 0.671053 0.697368 0.723684 0.750000 0.776316 0.802632 0.828947 0.855263 0.881579 0.907895 0.934211 0.960526 0.986842 
0 0.0977370 0.7720700 0.8824130 0.7392770 0.8849950 0.7638530 0.1003190 0.796646
6-е. Ѣздилъ въ Чернь — выдалъ заемное письмо Купцу
0.010000 0.030000 0.050000 0.070000 0.090000 0.110000 0.130000 0.150000 0.170000 0.190000 0.210000 0.230000 0.250000 0.270000 0.290000 0.310000 0.330000 0.350000 0.370000 0.390000 0.410000 0.430000 0.450000 0.470000 0.490000 0.510000 0.530000 0.550000 0.570000 0.590000 0.610000 0.630000 0.650000 0.670000 0.690000 0.710000 0.730000 0.750000 0.770000 0.790000 0.810000 0.830000 0.850000 0.870000 0.890000 0.910000 0.930000 0.950000 0.970000 0.990000 
0 0.0959960 0.7998480 0.8927910 0.7662610 0.8960140 0.7966750 0.0992190 0.830263
Одоевскому Новикову срокомъ по 1-е Окт. 1856. года на
0.009434 0.028302 0.047170 0.066038 0.084906 0.103774 0.122642 0.141509 0.160377 0.179245 0.198113 0.216981 0.235849 0.254717 0.273585 0.292453 0.311321 0.330189 0.349057 0.367925 0.386792 0.405660 0.424528 0.443396 0.462264 0.481132 0.500000 0.518868 0.537736 0.556604 0.575472 0.594340 0.613208 0.632075 0.650943 0.669811 0.688679 0.707547 0.726415 0.745283 0.764151 0.783019 0.801887 0.820755 0.839623 0.858491 0.877358 0.896226 0.915094 0.933962 0.952830 0.971698 0.990566 
0 0.0894380 0.8303360 0.8637970 0.8049380 0.8660540 0.8323090 0.0916950 0.857708
сумму 500 р. сер. и расписку въ 500 р. сер. по
0.010870 0.032609 0.054348 0.076087 0.097826 0.119565 0.141304 0.163043 0.184783 0.206522 0.228261 0.250000 0.271739 0.293478 0.315217 0.336957 0.358696 0.380435 0.402174 0.423913 0.445652 0.467391 0.489130 0.510870 0.532609 0.554348 0.576087 0.597826 0.619565 0.641304 0.663043 0.684783 0.706522 0.728261 0.750000 0.771739 0.793478 0.815217 0.836957 0.858696 0.880435 0.902174 0.923913 0.945652 0.967391 0.989130 
0 0.0869910 0.8597430 0.8519560 0.8375670 0.8537970 0.8628280 0.0888320 0.885005
1-е Декабря. 1855. года за лѣсъ — вечеромъ съ
0.011111 0.033333 0.055556 0.077778 0.100000 0.122222 0.144444 0.166667 0.188889 0.211111 0.233333 0.255556 0.277778 0.300000 0.322222 0.344444 0.366667 0.388889 0.411111 0.433333 0.455556 0.477778 0.500000 0.522222 0.544444 0.566667 0.588889 0.611111 0.633333 0.655556 0.677778 0.700000 0.722222 0.744444 0.766667 0.788889 0.811111 0.833333 0.855556 0.877778 0.900000 0.922222 0.944444 0.966667 0.988889 
0 0.0916970 0.8932540 0.9499790 0.8785340 0.9510360 0.9030570 0.0927540 0.917777
Афанасьевымъ — въ гостиницѣ встрѣтилъ Дашкова
0.011111 0.033333 0.055556 0.077778 0.100000 0.122222 0.144444 0.166667 0.188889 0.211111 0.233333 0.255556 0.277778 0.300000 0.322222 0.344444 0.366667 0.388889 0.411111 0.433333 0.455556 0.477778 0.500000 0.522222 0.544444 0.566667 0.588889 0.611111 0.633333 0.655556 0.677778 0.700000 0.722222 0.744444 0.766667 0.788889 0.811111 0.833333 0.855556 0.877778 0.900000 0.922222 0.944444 0.966667 0.988889 
