0 0.2028100 0.1116490 0.9491000 0.0994990 0.9496940 0.1238520 0.2034040 0.136002
18. Всталъ рано и здорово. Вымылся водою. Гимнастика
0.009615 0.028846 0.048077 0.067308 0.086538 0.105769 0.125000 0.144231 0.163462 0.182692 0.201923 0.221154 0.240385 0.259615 0.278846 0.298077 0.317308 0.336538 0.355769 0.375000 0.394231 0.413462 0.432692 0.451923 0.471154 0.490385 0.509615 0.528846 0.548077 0.567308 0.586538 0.605769 0.625000 0.644231 0.663462 0.682692 0.701923 0.721154 0.740385 0.759615 0.778846 0.798077 0.817308 0.836538 0.855769 0.875000 0.894231 0.913462 0.932692 0.951923 0.971154 0.990385 
0 0.1875140 0.1537610 0.9394870 0.1395540 0.9401980 0.1646920 0.1882250 0.178898
утромъ. Ходилъ въ лѣсъ — У Мещерякова на освященіи.
0.009804 0.029412 0.049020 0.068627 0.088235 0.107843 0.127451 0.147059 0.166667 0.186275 0.205882 0.225490 0.245098 0.264706 0.284314 0.303922 0.323529 0.343137 0.362745 0.382353 0.401961 0.421569 0.441176 0.460784 0.480392 0.500000 0.519608 0.539216 0.558824 0.578431 0.598039 0.617647 0.637255 0.656863 0.676471 0.696078 0.715686 0.735294 0.754902 0.774510 0.794118 0.813725 0.833333 0.852941 0.872549 0.892157 0.911765 0.931373 0.950980 0.970588 0.990196 
0 0.1884850 0.1914460 0.9390860 0.1784380 0.9397180 0.2027940 0.1891170 0.215801
Первая вѣсть о введеніи освобожденія крестьянъ
0.010870 0.032609 0.054348 0.076087 0.097826 0.119565 0.141304 0.163043 0.184783 0.206522 0.228261 0.250000 0.271739 0.293478 0.315217 0.336957 0.358696 0.380435 0.402174 0.423913 0.445652 0.467391 0.489130 0.510870 0.532609 0.554348 0.576087 0.597826 0.619565 0.641304 0.663043 0.684783 0.706522 0.728261 0.750000 0.771739 0.793478 0.815217 0.836957 0.858696 0.880435 0.902174 0.923913 0.945652 0.967391 0.989130 
0 0.1903250 0.2288820 0.9394950 0.2134010 0.9402220 0.2369110 0.1910530 0.252393
въ губ. Гродно, Ковно и Вильно и предложеніи отче Го-
0.009434 0.028302 0.047170 0.066038 0.084906 0.103774 0.122642 0.141509 0.160377 0.179245 0.198113 0.216981 0.235849 0.254717 0.273585 0.292453 0.311321 0.330189 0.349057 0.367925 0.386792 0.405660 0.424528 0.443396 0.462264 0.481132 0.500000 0.518868 0.537736 0.556604 0.575472 0.594340 0.613208 0.632075 0.650943 0.669811 0.688679 0.707547 0.726415 0.745283 0.764151 0.783019 0.801887 0.820755 0.839623 0.858491 0.877358 0.896226 0.915094 0.933962 0.952830 0.971698 0.990566 
0 0.1900070 0.2686450 0.9529330 0.2566590 0.9534970 0.2806000 0.1905710 0.292587
сударя прочимъ губерніямъ Имперіи. Читали бумаги: Мещеряковъ,
0.008197 0.024590 0.040984 0.057377 0.073770 0.090164 0.106557 0.122951 0.139344 0.155738 0.172131 0.188525 0.204918 0.221311 0.237705 0.254098 0.270492 0.286885 0.303279 0.319672 0.336066 0.352459 0.368852 0.385246 0.401639 0.418033 0.434426 0.450820 0.467213 0.483607 0.500000 0.516393 0.532787 0.549180 0.565574 0.581967 0.598361 0.614754 0.631148 0.647541 0.663934 0.680328 0.696721 0.713115 0.729508 0.745902 0.762295 0.778689 0.795082 0.811475 0.827869 0.844262 0.860656 0.877049 0.893443 0.909836 0.926230 0.942623 0.959016 0.975410 0.991803 
0 0.1931460 0.3077620 0.9450860 0.2909100 0.9459410 0.3163830 0.1940010 0.333236
Бодиско, Кулешовъ, Тиличеевъ и я. Разсужденія — проѣхалъ
0.008929 0.026786 0.044643 0.062500 0.080357 0.098214 0.116071 0.133929 0.151786 0.169643 0.187500 0.205357 0.223214 0.241071 0.258929 0.276786 0.294643 0.312500 0.330357 0.348214 0.366071 0.383929 0.401786 0.419643 0.437500 0.455357 0.473214 0.491071 0.508929 0.526786 0.544643 0.562500 0.580357 0.598214 0.616071 0.633929 0.651786 0.669643 0.687500 0.705357 0.723214 0.741071 0.758929 0.776786 0.794643 0.812500 0.830357 0.848214 0.866071 0.883929 0.901786 0.919643 0.937500 0.955357 0.973214 0.991071 
0 0.1952280 0.3455150 0.9681860 0.3320150 0.9687970 0.3553860 0.1958390 0.368886
на Барсѣ домой. Получилъ извѣстіе о Конфирмаціи не-
0.009804 0.029412 0.049020 0.068627 0.088235 0.107843 0.127451 0.147059 0.166667 0.186275 0.205882 0.225490 0.245098 0.264706 0.284314 0.303922 0.323529 0.343137 0.362745 0.382353 0.401961 0.421569 0.441176 0.460784 0.480392 0.500000 0.519608 0.539216 0.558824 0.578431 0.598039 0.617647 0.637255 0.656863 0.676471 0.696078 0.715686 0.735294 0.754902 0.774510 0.794118 0.813725 0.833333 0.852941 0.872549 0.892157 0.911765 0.931373 0.950980 0.970588 0.990196 
0 0.2028780 0.3765160 0.9453800 0.3647820 0.9458860 0.3861700 0.2033840 0.397904
19 щастного дѣла. Преступники оправданы — Я до
0.010870 0.032609 0.054348 0.076087 0.097826 0.119565 0.141304 0.163043 0.184783 0.206522 0.228261 0.250000 0.271739 0.293478 0.315217 0.336957 0.358696 0.380435 0.402174 0.423913 0.445652 0.467391 0.489130 0.510870 0.532609 0.554348 0.576087 0.597826 0.619565 0.641304 0.663043 0.684783 0.706522 0.728261 0.750000 0.771739 0.793478 0.815217 0.836957 0.858696 0.880435 0.902174 0.923913 0.945652 0.967391 0.989130 
0 0.2010640 0.4151880 0.9401510 0.3912820 0.9413500 0.4160290 0.2022620 0.439935
того истомился, что извѣстіе это ровно никакого
0.010638 0.031915 0.053191 0.074468 0.095745 0.117021 0.138298 0.159574 0.180851 0.202128 0.223404 0.244681 0.265957 0.287234 0.308511 0.329787 0.351064 0.372340 0.393617 0.414894 0.436170 0.457447 0.478723 0.500000 0.521277 0.542553 0.563830 0.585106 0.606383 0.627660 0.648936 0.670213 0.691489 0.712766 0.734043 0.755319 0.776596 0.797872 0.819149 0.840426 0.861702 0.882979 0.904255 0.925532 0.946809 0.968085 0.989362 
0 0.2023370 0.4512290 0.5973570 0.4366730 0.5986180 0.4595350 0.2035990 0.474091
вліянія на меня не произвело.
0.017241 0.051724 0.086207 0.120690 0.155172 0.189655 0.224138 0.258621 0.293103 0.327586 0.362069 0.396552 0.431034 0.465517 0.500000 0.534483 0.568966 0.603448 0.637931 0.672414 0.706897 0.741379 0.775862 0.810345 0.844828 0.879310 0.913793 0.948276 0.982759 
0 0.2028630 0.4842750 0.9530400 0.4581720 0.9543110 0.4825600 0.2041340 0.508663
19. Всталъ рано и хорошо. Писалъ письмо къ Angèle Голиц —
0.008772 0.026316 0.043860 0.061404 0.078947 0.096491 0.114035 0.131579 0.149123 0.166667 0.184211 0.201754 0.219298 0.236842 0.254386 0.271930 0.289474 0.307018 0.324561 0.342105 0.359649 0.377193 0.394737 0.412281 0.429825 0.447368 0.464912 0.482456 0.500000 0.517544 0.535088 0.552632 0.570175 0.587719 0.605263 0.622807 0.640351 0.657895 0.675439 0.692982 0.710526 0.728070 0.745614 0.763158 0.780702 0.798246 0.815789 0.833333 0.850877 0.868421 0.885965 0.903509 0.921053 0.938596 0.956140 0.973684 0.991228 
0 0.2072450 0.5243610 0.9259440 0.5005060 0.9270060 0.5218780 0.2083070 0.545733
волновали мысли какъ бы скорѣе устроить мой
0.011628 0.034884 0.058140 0.081395 0.104651 0.127907 0.151163 0.174419 0.197674 0.220930 0.244186 0.267442 0.290698 0.313953 0.337209 0.360465 0.383721 0.406977 0.430233 0.453488 0.476744 0.500000 0.523256 0.546512 0.569767 0.593023 0.616279 0.639535 0.662791 0.686047 0.709302 0.732558 0.755814 0.779070 0.802326 0.825581 0.848837 0.872093 0.895349 0.918605 0.941860 0.965116 0.988372 
0 0.2086840 0.5558650 0.5199520 0.5466360 0.5209710 0.5695900 0.2097030 0.578818
отъѣздъ. — Ходилъ въ лѣсъ.
0.019231 0.057692 0.096154 0.134615 0.173077 0.211538 0.250000 0.288462 0.326923 0.365385 0.403846 0.442308 0.480769 0.519231 0.557692 0.596154 0.634615 0.673077 0.711538 0.750000 0.788462 0.826923 0.865385 0.903846 0.942308 0.980769 
0 0.2092970 0.5964610 0.9333600 0.5616090 0.9352500 0.5878320 0.2111870 0.622684
20-е. Всталъ хорошо. Гимнастика. Новиковъ былъ у меня
0.009434 0.028302 0.047170 0.066038 0.084906 0.103774 0.122642 0.141509 0.160377 0.179245 0.198113 0.216981 0.235849 0.254717 0.273585 0.292453 0.311321 0.330189 0.349057 0.367925 0.386792 0.405660 0.424528 0.443396 0.462264 0.481132 0.500000 0.518868 0.537736 0.556604 0.575472 0.594340 0.613208 0.632075 0.650943 0.669811 0.688679 0.707547 0.726415 0.745283 0.764151 0.783019 0.801887 0.820755 0.839623 0.858491 0.877358 0.896226 0.915094 0.933962 0.952830 0.971698 0.990566 
0 0.2103710 0.6328710 0.9816540 0.6011190 0.9832810 0.6275160 0.2119990 0.659267
и дѣлалъ предложеніе о покупкѣ у него жадомской земли
0.009434 0.028302 0.047170 0.066038 0.084906 0.103774 0.122642 0.141509 0.160377 0.179245 0.198113 0.216981 0.235849 0.254717 0.273585 0.292453 0.311321 0.330189 0.349057 0.367925 0.386792 0.405660 0.424528 0.443396 0.462264 0.481132 0.500000 0.518868 0.537736 0.556604 0.575472 0.594340 0.613208 0.632075 0.650943 0.669811 0.688679 0.707547 0.726415 0.745283 0.764151 0.783019 0.801887 0.820755 0.839623 0.858491 0.877358 0.896226 0.915094 0.933962 0.952830 0.971698 0.990566 
0 0.2094230 0.6703570 0.9573970 0.6385670 0.9591360 0.6658960 0.2111620 0.697686
продаетъ 284 десятины по 72 р. Сереб. Вечеромъ дѣлали
0.009434 0.028302 0.047170 0.066038 0.084906 0.103774 0.122642 0.141509 0.160377 0.179245 0.198113 0.216981 0.235849 0.254717 0.273585 0.292453 0.311321 0.330189 0.349057 0.367925 0.386792 0.405660 0.424528 0.443396 0.462264 0.481132 0.500000 0.518868 0.537736 0.556604 0.575472 0.594340 0.613208 0.632075 0.650943 0.669811 0.688679 0.707547 0.726415 0.745283 0.764151 0.783019 0.801887 0.820755 0.839623 0.858491 0.877358 0.896226 0.915094 0.933962 0.952830 0.971698 0.990566 
0 0.2165930 0.7107090 0.5250080 0.6981050 0.5263140 0.7194500 0.2178990 0.732054
съ Сазоновымъ счетъ. —
0.022727 0.068182 0.113636 0.159091 0.204545 0.250000 0.295455 0.340909 0.386364 0.431818 0.477273 0.522727 0.568182 0.613636 0.659091 0.704545 0.750000 0.795455 0.840909 0.886364 0.931818 0.977273 
0 0.2213190 0.7424530 0.9459930 0.7021020 0.9482970 0.7297250 0.2236220 0.770076
21-е. Всталъ хорошо. Писалъ піэссу 4-ой актъ Сцену пред-
0.008929 0.026786 0.044643 0.062500 0.080357 0.098214 0.116071 0.133929 0.151786 0.169643 0.187500 0.205357 0.223214 0.241071 0.258929 0.276786 0.294643 0.312500 0.330357 0.348214 0.366071 0.383929 0.401786 0.419643 0.437500 0.455357 0.473214 0.491071 0.508929 0.526786 0.544643 0.562500 0.580357 0.598214 0.616071 0.633929 0.651786 0.669643 0.687500 0.705357 0.723214 0.741071 0.758929 0.776786 0.794643 0.812500 0.830357 0.848214 0.866071 0.883929 0.901786 0.919643 0.937500 0.955357 0.973214 0.991071 
0 0.2234830 0.7761620 0.9622200 0.7375460 0.9644100 0.7655250 0.2256730 0.804141
шествующую Катастрофической — и выправлялъ Катастро-
0.009615 0.028846 0.048077 0.067308 0.086538 0.105769 0.125000 0.144231 0.163462 0.182692 0.201923 0.221154 0.240385 0.259615 0.278846 0.298077 0.317308 0.336538 0.355769 0.375000 0.394231 0.413462 0.432692 0.451923 0.471154 0.490385 0.509615 0.528846 0.548077 0.567308 0.586538 0.605769 0.625000 0.644231 0.663462 0.682692 0.701923 0.721154 0.740385 0.759615 0.778846 0.798077 0.817308 0.836538 0.855769 0.875000 0.894231 0.913462 0.932692 0.951923 0.971154 0.990385 
0 0.2260970 0.8103790 0.8956820 0.7823930 0.8972960 0.8081770 0.2277110 0.836163
фическую. Къ обѣду пріѣхали Афремовы. Былъ въ лѣсу 17°
0.009259 0.027778 0.046296 0.064815 0.083333 0.101852 0.120370 0.138889 0.157407 0.175926 0.194444 0.212963 0.231481 0.250000 0.268519 0.287037 0.305556 0.324074 0.342593 0.361111 0.379630 0.398148 0.416667 0.435185 0.453704 0.472222 0.490741 0.509259 0.527778 0.546296 0.564815 0.583333 0.601852 0.620370 0.638889 0.657407 0.675926 0.694444 0.712963 0.731481 0.750000 0.768519 0.787037 0.805556 0.824074 0.842593 0.861111 0.879630 0.898148 0.916667 0.935185 0.953704 0.972222 0.990741 
0 0.2275660 0.8484950 0.9864030 0.8181670 0.9880920 0.8463920 0.2292550 0.876721
мороза при сильномъ сѣверномъ вѣтрѣ. Къ вечеру 20° мороза.
0.008621 0.025862 0.043103 0.060345 0.077586 0.094828 0.112069 0.129310 0.146552 0.163793 0.181034 0.198276 0.215517 0.232759 0.250000 0.267241 0.284483 0.301724 0.318966 0.336207 0.353448 0.370690 0.387931 0.405172 0.422414 0.439655 0.456897 0.474138 0.491379 0.508621 0.525862 0.543103 0.560345 0.577586 0.594828 0.612069 0.629310 0.646552 0.663793 0.681034 0.698276 0.715517 0.732759 0.750000 0.767241 0.784483 0.801724 0.818966 0.836207 0.853448 0.870690 0.887931 0.905172 0.922414 0.939655 0.956897 0.974138 0.991379 
0 0.2305990 0.8807380 0.5594960 0.8776530 0.5598250 0.9010890 0.2309280 0.904174
Столбы кругомъ мѣсяца.
0.022727 0.068182 0.113636 0.159091 0.204545 0.250000 0.295455 0.340909 0.386364 0.431818 0.477273 0.522727 0.568182 0.613636 0.659091 0.704545 0.750000 0.795455 0.840909 0.886364 0.931818 0.977273 
0 0.2378390 0.9123650 0.9275180 0.8809730 0.9293490 0.9078380 0.2396700 0.939231
22. Всталъ хорошо. Гимнастика. Морозъ 23 град.
0.010870 0.032609 0.054348 0.076087 0.097826 0.119565 0.141304 0.163043 0.184783 0.206522 0.228261 0.250000 0.271739 0.293478 0.315217 0.336957 0.358696 0.380435 0.402174 0.423913 0.445652 0.467391 0.489130 0.510870 0.532609 0.554348 0.576087 0.597826 0.619565 0.641304 0.663043 0.684783 0.706522 0.728261 0.750000 0.771739 0.793478 0.815217 0.836957 0.858696 0.880435 0.902174 0.923913 0.945652 0.967391 0.989130 
