0 0.2056140 0.0777220 0.6766520 0.0827880 0.6762970 0.1041770 0.2052590 0.099111
Дни эти стоятъ удивительные.
0.017857 0.053571 0.089286 0.125000 0.160714 0.196429 0.232143 0.267857 0.303571 0.339286 0.375000 0.410714 0.446429 0.482143 0.517857 0.553571 0.589286 0.625000 0.660714 0.696429 0.732143 0.767857 0.803571 0.839286 0.875000 0.910714 0.946429 0.982143 
0 0.0515140 0.1072640 0.8446720 0.1154400 0.8442840 0.1398990 0.0511250 0.131723
29. Воскр. Всталъ рано — на Заводъ. Дома читалъ журналы —
0.008772 0.026316 0.043860 0.061404 0.078947 0.096491 0.114035 0.131579 0.149123 0.166667 0.184211 0.201754 0.219298 0.236842 0.254386 0.271930 0.289474 0.307018 0.324561 0.342105 0.359649 0.377193 0.394737 0.412281 0.429825 0.447368 0.464912 0.482456 0.500000 0.517544 0.535088 0.552632 0.570175 0.587719 0.605263 0.622807 0.640351 0.657895 0.675439 0.692982 0.710526 0.728070 0.745614 0.763158 0.780702 0.798246 0.815789 0.833333 0.850877 0.868421 0.885965 0.903509 0.921053 0.938596 0.956140 0.973684 0.991228 
0 0.0497010 0.1474010 0.8826240 0.1587640 0.8821020 0.1835790 0.0491800 0.172216
Интеллигенція плоше чѣмъ когда нибудь. Пробовали большую
0.008929 0.026786 0.044643 0.062500 0.080357 0.098214 0.116071 0.133929 0.151786 0.169643 0.187500 0.205357 0.223214 0.241071 0.258929 0.276786 0.294643 0.312500 0.330357 0.348214 0.366071 0.383929 0.401786 0.419643 0.437500 0.455357 0.473214 0.491071 0.508929 0.526786 0.544643 0.562500 0.580357 0.598214 0.616071 0.633929 0.651786 0.669643 0.687500 0.705357 0.723214 0.741071 0.758929 0.776786 0.794643 0.812500 0.830357 0.848214 0.866071 0.883929 0.901786 0.919643 0.937500 0.955357 0.973214 0.991071 
0 0.0495980 0.1867520 0.9074510 0.1950750 0.9070420 0.2224210 0.0491900 0.214098
паровую и прессовые насосы — хорошо. Пускъ Завода
0.010204 0.030612 0.051020 0.071429 0.091837 0.112245 0.132653 0.153061 0.173469 0.193878 0.214286 0.234694 0.255102 0.275510 0.295918 0.316327 0.336735 0.357143 0.377551 0.397959 0.418367 0.438776 0.459184 0.479592 0.500000 0.520408 0.540816 0.561224 0.581633 0.602041 0.622449 0.642857 0.663265 0.683673 0.704082 0.724490 0.744898 0.765306 0.785714 0.806122 0.826531 0.846939 0.867347 0.887755 0.908163 0.928571 0.948980 0.969388 0.989796 
0 0.0488270 0.2314330 0.3863090 0.2314330 0.3863090 0.2524330 0.0488270 0.252433
назначенъ 2-го Октября.
0.021739 0.065217 0.108696 0.152174 0.195652 0.239130 0.282609 0.326087 0.369565 0.413043 0.456522 0.500000 0.543478 0.586957 0.630435 0.673913 0.717391 0.760870 0.804348 0.847826 0.891304 0.934783 0.978261 
0 0.0458360 0.2668630 0.8663390 0.2638640 0.8664930 0.2911110 0.0459890 0.294109
30. Всталъ рано. Легкій морозъ. День удивительный —
0.009804 0.029412 0.049020 0.068627 0.088235 0.107843 0.127451 0.147059 0.166667 0.186275 0.205882 0.225490 0.245098 0.264706 0.284314 0.303922 0.323529 0.343137 0.362745 0.382353 0.401961 0.421569 0.441176 0.460784 0.480392 0.500000 0.519608 0.539216 0.558824 0.578431 0.598039 0.617647 0.637255 0.656863 0.676471 0.696078 0.715686 0.735294 0.754902 0.774510 0.794118 0.813725 0.833333 0.852941 0.872549 0.892157 0.911765 0.931373 0.950980 0.970588 0.990196 
0 0.0510890 0.3063360 0.8950370 0.3025080 0.8952100 0.3273450 0.0512630 0.331173
Вотъ уже три дня какъ Солнце восходитъ какъ одино Золо-
0.009091 0.027273 0.045455 0.063636 0.081818 0.100000 0.118182 0.136364 0.154545 0.172727 0.190909 0.209091 0.227273 0.245455 0.263636 0.281818 0.300000 0.318182 0.336364 0.354545 0.372727 0.390909 0.409091 0.427273 0.445455 0.463636 0.481818 0.500000 0.518182 0.536364 0.554545 0.572727 0.590909 0.609091 0.627273 0.645455 0.663636 0.681818 0.700000 0.718182 0.736364 0.754545 0.772727 0.790909 0.809091 0.827273 0.845455 0.863636 0.881818 0.900000 0.918182 0.936364 0.954545 0.972727 0.990909 
0 0.0489800 0.3446590 0.3031670 0.3411090 0.3036270 0.3625010 0.0494400 0.366051
ченый Шаръ.
0.045455 0.136364 0.227273 0.318182 0.409091 0.500000 0.590909 0.681818 0.772727 0.863636 0.954545 
0 0.1196150 0.3735460 0.8850600 0.3721480 0.8851360 0.3991460 0.1196910 0.400544
Весь Сентябрь почти ничѣмъ не занимался кромѣ дѣлъ
0.010000 0.030000 0.050000 0.070000 0.090000 0.110000 0.130000 0.150000 0.170000 0.190000 0.210000 0.230000 0.250000 0.270000 0.290000 0.310000 0.330000 0.350000 0.370000 0.390000 0.410000 0.430000 0.450000 0.470000 0.490000 0.510000 0.530000 0.550000 0.570000 0.590000 0.610000 0.630000 0.650000 0.670000 0.690000 0.710000 0.730000 0.750000 0.770000 0.790000 0.810000 0.830000 0.850000 0.870000 0.890000 0.910000 0.930000 0.950000 0.970000 0.990000 
0 0.0678430 0.4114070 0.8787580 0.4080320 0.8789290 0.4345960 0.0680140 0.437972
и завода. Равновѣсія и Самоудовлетворенія никакого нѣтъ. —
0.008621 0.025862 0.043103 0.060345 0.077586 0.094828 0.112069 0.129310 0.146552 0.163793 0.181034 0.198276 0.215517 0.232759 0.250000 0.267241 0.284483 0.301724 0.318966 0.336207 0.353448 0.370690 0.387931 0.405172 0.422414 0.439655 0.456897 0.474138 0.491379 0.508621 0.525862 0.543103 0.560345 0.577586 0.594828 0.612069 0.629310 0.646552 0.663793 0.681034 0.698276 0.715517 0.732759 0.750000 0.767241 0.784483 0.801724 0.818966 0.836207 0.853448 0.870690 0.887931 0.905172 0.922414 0.939655 0.956897 0.974138 0.991379 
0 0.0703150 0.4632700 0.8635670 0.4492750 0.8642650 0.4749610 0.0710140 0.488955
1-е Октября. Праздникъ, работы остановлены. Работалъ въ саду — и писалъ
0.007042 0.021127 0.035211 0.049296 0.063380 0.077465 0.091549 0.105634 0.119718 0.133803 0.147887 0.161972 0.176056 0.190141 0.204225 0.218310 0.232394 0.246479 0.260563 0.274648 0.288732 0.302817 0.316901 0.330986 0.345070 0.359155 0.373239 0.387324 0.401408 0.415493 0.429577 0.443662 0.457746 0.471831 0.485915 0.500000 0.514085 0.528169 0.542254 0.556338 0.570423 0.584507 0.598592 0.612676 0.626761 0.640845 0.654930 0.669014 0.683099 0.697183 0.711268 0.725352 0.739437 0.753521 0.767606 0.781690 0.795775 0.809859 0.823944 0.838028 0.852113 0.866197 0.880282 0.894366 0.908451 0.922535 0.936620 0.950704 0.964789 0.978873 0.992958 
0 0.0835250 0.5023850 0.2017620 0.5011370 0.2021110 0.5225530 0.0838740 0.523802
письма. —
0.055556 0.166667 0.277778 0.388889 0.500000 0.611111 0.722222 0.833333 0.944444 
0 0.0719680 0.5273270 0.8785280 0.5031910 0.8796730 0.5280220 0.0731130 0.552158
2. Готовимся пускать Заводъ. — Дѣлаю Гимнастику. Принялся за Логику
0.007463 0.022388 0.037313 0.052239 0.067164 0.082090 0.097015 0.111940 0.126866 0.141791 0.156716 0.171642 0.186567 0.201493 0.216418 0.231343 0.246269 0.261194 0.276119 0.291045 0.305970 0.320896 0.335821 0.350746 0.365672 0.380597 0.395522 0.410448 0.425373 0.440299 0.455224 0.470149 0.485075 0.500000 0.514925 0.529851 0.544776 0.559701 0.574627 0.589552 0.604478 0.619403 0.634328 0.649254 0.664179 0.679104 0.694030 0.708955 0.723881 0.738806 0.753731 0.768657 0.783582 0.798507 0.813433 0.828358 0.843284 0.858209 0.873134 0.888060 0.902985 0.917910 0.932836 0.947761 0.962687 0.977612 0.992537 
0 0.0731060 0.5575660 0.8629980 0.5406670 0.8638150 0.5654400 0.0739230 0.582338
идетъ плохо, трудно, никакъ не могу удерживать и обнять всю
0.008475 0.025424 0.042373 0.059322 0.076271 0.093220 0.110169 0.127119 0.144068 0.161017 0.177966 0.194915 0.211864 0.228814 0.245763 0.262712 0.279661 0.296610 0.313559 0.330508 0.347458 0.364407 0.381356 0.398305 0.415254 0.432203 0.449153 0.466102 0.483051 0.500000 0.516949 0.533898 0.550847 0.567797 0.584746 0.601695 0.618644 0.635593 0.652542 0.669492 0.686441 0.703390 0.720339 0.737288 0.754237 0.771186 0.788136 0.805085 0.822034 0.838983 0.855932 0.872881 0.889831 0.906780 0.923729 0.940678 0.957627 0.974576 0.991525 
0 0.0715370 0.5969170 0.1840250 0.5933140 0.1850800 0.6146840 0.0725920 0.618287
фразу.
0.083333 0.250000 0.416667 0.583333 0.750000 0.916667 
0 0.0820600 0.6239360 0.8666670 0.6160440 0.8670370 0.6399220 0.0824300 0.647814
3. Всталъ очень хорошо. Пустили Заводъ — переварку патоки. Работалъ
0.007463 0.022388 0.037313 0.052239 0.067164 0.082090 0.097015 0.111940 0.126866 0.141791 0.156716 0.171642 0.186567 0.201493 0.216418 0.231343 0.246269 0.261194 0.276119 0.291045 0.305970 0.320896 0.335821 0.350746 0.365672 0.380597 0.395522 0.410448 0.425373 0.440299 0.455224 0.470149 0.485075 0.500000 0.514925 0.529851 0.544776 0.559701 0.574627 0.589552 0.604478 0.619403 0.634328 0.649254 0.664179 0.679104 0.694030 0.708955 0.723881 0.738806 0.753731 0.768657 0.783582 0.798507 0.813433 0.828358 0.843284 0.858209 0.873134 0.888060 0.902985 0.917910 0.932836 0.947761 0.962687 0.977612 0.992537 
0 0.0793780 0.6678540 0.4498870 0.6588870 0.4506840 0.6802660 0.0801750 0.689232
въ саду. Морозъ и сѣверный вѣтеръ.
0.014706 0.044118 0.073529 0.102941 0.132353 0.161765 0.191176 0.220588 0.250000 0.279412 0.308824 0.338235 0.367647 0.397059 0.426471 0.455882 0.485294 0.514706 0.544118 0.573529 0.602941 0.632353 0.661765 0.691176 0.720588 0.750000 0.779412 0.808824 0.838235 0.867647 0.897059 0.926471 0.955882 0.985294 
0 0.0845680 0.6987020 0.8710840 0.6786510 0.8720670 0.7036710 0.0855510 0.723723
4. Работалъ въ саду и дѣлалъ Гимнастику. Отправилъ Зеруна къ Майеру.
0.007353 0.022059 0.036765 0.051471 0.066176 0.080882 0.095588 0.110294 0.125000 0.139706 0.154412 0.169118 0.183824 0.198529 0.213235 0.227941 0.242647 0.257353 0.272059 0.286765 0.301471 0.316176 0.330882 0.345588 0.360294 0.375000 0.389706 0.404412 0.419118 0.433824 0.448529 0.463235 0.477941 0.492647 0.507353 0.522059 0.536765 0.551471 0.566176 0.580882 0.595588 0.610294 0.625000 0.639706 0.654412 0.669118 0.683824 0.698529 0.713235 0.727941 0.742647 0.757353 0.772059 0.786765 0.801471 0.816176 0.830882 0.845588 0.860294 0.875000 0.889706 0.904412 0.919118 0.933824 0.948529 0.963235 0.977941 0.992647 
0 0.0919970 0.7306800 0.6764340 0.7122170 0.6776490 0.7371950 0.0932130 0.755657
Вечеромъ съ Карцевымъ на Заводѣ — дѣлалъ переварку.
0.009804 0.029412 0.049020 0.068627 0.088235 0.107843 0.127451 0.147059 0.166667 0.186275 0.205882 0.225490 0.245098 0.264706 0.284314 0.303922 0.323529 0.343137 0.362745 0.382353 0.401961 0.421569 0.441176 0.460784 0.480392 0.500000 0.519608 0.539216 0.558824 0.578431 0.598039 0.617647 0.637255 0.656863 0.676471 0.696078 0.715686 0.735294 0.754902 0.774510 0.794118 0.813725 0.833333 0.852941 0.872549 0.892157 0.911765 0.931373 0.950980 0.970588 0.990196 
0 0.0906890 0.7665030 0.8609460 0.7448730 0.8619560 0.7682020 0.0916990 0.789833
5. Всталъ рано. Карцевъ уѣхалъ. Остановили Заводъ для поправокъ. —
0.007576 0.022727 0.037879 0.053030 0.068182 0.083333 0.098485 0.113636 0.128788 0.143939 0.159091 0.174242 0.189394 0.204545 0.219697 0.234848 0.250000 0.265152 0.280303 0.295455 0.310606 0.325758 0.340909 0.356061 0.371212 0.386364 0.401515 0.416667 0.431818 0.446970 0.462121 0.477273 0.492424 0.507576 0.522727 0.537879 0.553030 0.568182 0.583333 0.598485 0.613636 0.628788 0.643939 0.659091 0.674242 0.689394 0.704545 0.719697 0.734848 0.750000 0.765152 0.780303 0.795455 0.810606 0.825758 0.840909 0.856061 0.871212 0.886364 0.901515 0.916667 0.931818 0.946970 0.962121 0.977273 0.992424 
0 0.0957330 0.8028240 0.7864920 0.7884710 0.7871760 0.8098530 0.0964180 0.824206
Написалъ двѣ сцены изъ Хлестакова; принялся за Лидочьку. —
0.008621 0.025862 0.043103 0.060345 0.077586 0.094828 0.112069 0.129310 0.146552 0.163793 0.181034 0.198276 0.215517 0.232759 0.250000 0.267241 0.284483 0.301724 0.318966 0.336207 0.353448 0.370690 0.387931 0.405172 0.422414 0.439655 0.456897 0.474138 0.491379 0.508621 0.525862 0.543103 0.560345 0.577586 0.594828 0.612069 0.629310 0.646552 0.663793 0.681034 0.698276 0.715517 0.732759 0.750000 0.767241 0.784483 0.801724 0.818966 0.836207 0.853448 0.870690 0.887931 0.905172 0.922414 0.939655 0.956897 0.974138 0.991379 
0 0.0953870 0.8312320 0.9162880 0.8203160 0.9168290 0.8467240 0.0959280 0.857640
6-е. Всталъ дурно. Нѣсколько простудился. Холодъ. Обѣдалъ у Карцевыхъ
0.007246 0.021739 0.036232 0.050725 0.065217 0.079710 0.094203 0.108696 0.123188 0.137681 0.152174 0.166667 0.181159 0.195652 0.210145 0.224638 0.239130 0.253623 0.268116 0.282609 0.297101 0.311594 0.326087 0.340580 0.355072 0.369565 0.384058 0.398551 0.413043 0.427536 0.442029 0.456522 0.471014 0.485507 0.500000 0.514493 0.528986 0.543478 0.557971 0.572464 0.586957 0.601449 0.615942 0.630435 0.644928 0.659420 0.673913 0.688406 0.702899 0.717391 0.731884 0.746377 0.760870 0.775362 0.789855 0.804348 0.818841 0.833333 0.847826 0.862319 0.876812 0.891304 0.905797 0.920290 0.934783 0.949275 0.963768 0.978261 0.992754 
0 0.0973430 0.8586960 0.8809610 0.8507080 0.8813770 0.8771910 0.0977590 0.885179
не въ духѣ. Воротился на Птичькѣ верьхомъ. — Морозецъ. —
0.008929 0.026786 0.044643 0.062500 0.080357 0.098214 0.116071 0.133929 0.151786 0.169643 0.187500 0.205357 0.223214 0.241071 0.258929 0.276786 0.294643 0.312500 0.330357 0.348214 0.366071 0.383929 0.401786 0.419643 0.437500 0.455357 0.473214 0.491071 0.508929 0.526786 0.544643 0.562500 0.580357 0.598214 0.616071 0.633929 0.651786 0.669643 0.687500 0.705357 0.723214 0.741071 0.758929 0.776786 0.794643 0.812500 0.830357 0.848214 0.866071 0.883929 0.901786 0.919643 0.937500 0.955357 0.973214 0.991071 
0 0.1026100 0.8947590 0.9101090 0.8839260 0.9106070 0.9080430 0.1031090 0.918877
7-е Всталъ дурно. Лицо осунулось. Молебенъ и открытіе Завода.
0.008197 0.024590 0.040984 0.057377 0.073770 0.090164 0.106557 0.122951 0.139344 0.155738 0.172131 0.188525 0.204918 0.221311 0.237705 0.254098 0.270492 0.286885 0.303279 0.319672 0.336066 0.352459 0.368852 0.385246 0.401639 0.418033 0.434426 0.450820 0.467213 0.483607 0.500000 0.516393 0.532787 0.549180 0.565574 0.581967 0.598361 0.614754 0.631148 0.647541 0.663934 0.680328 0.696721 0.713115 0.729508 0.745902 0.762295 0.778689 0.795082 0.811475 0.827869 0.844262 0.860656 0.877049 0.893443 0.909836 0.926230 0.942623 0.959016 0.975410 0.991803 
