0 0.0824250 0.0946770 0.8730280 0.0816560 0.8741440 0.1097180 0.0835400 0.122740
отъ объятій. Вообще вѣсь этотъ свѣтъ, хлопоты, суета,
0.009434 0.028302 0.047170 0.066038 0.084906 0.103774 0.122642 0.141509 0.160377 0.179245 0.198113 0.216981 0.235849 0.254717 0.273585 0.292453 0.311321 0.330189 0.349057 0.367925 0.386792 0.405660 0.424528 0.443396 0.462264 0.481132 0.500000 0.518868 0.537736 0.556604 0.575472 0.594340 0.613208 0.632075 0.650943 0.669811 0.688679 0.707547 0.726415 0.745283 0.764151 0.783019 0.801887 0.820755 0.839623 0.858491 0.877358 0.896226 0.915094 0.933962 0.952830 0.971698 0.990566 
0 0.0721720 0.1317300 0.9241570 0.1227250 0.9248470 0.1497420 0.0728610 0.158748
внѣшность, ребяческія удовольствія, ребяческія мнѣнія, сужденія
0.007937 0.023810 0.039683 0.055556 0.071429 0.087302 0.103175 0.119048 0.134921 0.150794 0.166667 0.182540 0.198413 0.214286 0.230159 0.246032 0.261905 0.277778 0.293651 0.309524 0.325397 0.341270 0.357143 0.373016 0.388889 0.404762 0.420635 0.436508 0.452381 0.468254 0.484127 0.500000 0.515873 0.531746 0.547619 0.563492 0.579365 0.595238 0.611111 0.626984 0.642857 0.658730 0.674603 0.690476 0.706349 0.722222 0.738095 0.753968 0.769841 0.785714 0.801587 0.817460 0.833333 0.849206 0.865079 0.880952 0.896825 0.912698 0.928571 0.944444 0.960317 0.976190 0.992063 
0 0.0693700 0.1672550 0.9108720 0.1552960 0.9117670 0.1813850 0.0702650 0.193345
и поведеніе — всё это мнѣ страшно надоѣло, стало
0.010417 0.031250 0.052083 0.072917 0.093750 0.114583 0.135417 0.156250 0.177083 0.197917 0.218750 0.239583 0.260417 0.281250 0.302083 0.322917 0.343750 0.364583 0.385417 0.406250 0.427083 0.447917 0.468750 0.489583 0.510417 0.531250 0.552083 0.572917 0.593750 0.614583 0.635417 0.656250 0.677083 0.697917 0.718750 0.739583 0.760417 0.781250 0.802083 0.822917 0.843750 0.864583 0.885417 0.906250 0.927083 0.947917 0.968750 0.989583 
0 0.0712690 0.2017200 0.8725060 0.1925020 0.8732100 0.2178820 0.0719740 0.227100
невыносимо опротивѣло. Дальше и дальше отъ этой
0.010638 0.031915 0.053191 0.074468 0.095745 0.117021 0.138298 0.159574 0.180851 0.202128 0.223404 0.244681 0.265957 0.287234 0.308511 0.329787 0.351064 0.372340 0.393617 0.414894 0.436170 0.457447 0.478723 0.500000 0.521277 0.542553 0.563830 0.585106 0.606383 0.627660 0.648936 0.670213 0.691489 0.712766 0.734043 0.755319 0.776596 0.797872 0.819149 0.840426 0.861702 0.882979 0.904255 0.925532 0.946809 0.968085 0.989362 
0 0.0698730 0.2434880 0.8787670 0.2211280 0.8804350 0.2461300 0.0715410 0.268490
мишуры, погремушекъ и Грязи. Я объявляю что ѣду
0.010638 0.031915 0.053191 0.074468 0.095745 0.117021 0.138298 0.159574 0.180851 0.202128 0.223404 0.244681 0.265957 0.287234 0.308511 0.329787 0.351064 0.372340 0.393617 0.414894 0.436170 0.457447 0.478723 0.500000 0.521277 0.542553 0.563830 0.585106 0.606383 0.627660 0.648936 0.670213 0.691489 0.712766 0.734043 0.755319 0.776596 0.797872 0.819149 0.840426 0.861702 0.882979 0.904255 0.925532 0.946809 0.968085 0.989362 
0 0.0706650 0.2802800 0.9305270 0.2583200 0.9320680 0.2833350 0.0722070 0.305295
въ Степь — никто не вѣритъ, другіе увѣряютъ, что
0.010417 0.031250 0.052083 0.072917 0.093750 0.114583 0.135417 0.156250 0.177083 0.197917 0.218750 0.239583 0.260417 0.281250 0.302083 0.322917 0.343750 0.364583 0.385417 0.406250 0.427083 0.447917 0.468750 0.489583 0.510417 0.531250 0.552083 0.572917 0.593750 0.614583 0.635417 0.656250 0.677083 0.697917 0.718750 0.739583 0.760417 0.781250 0.802083 0.822917 0.843750 0.864583 0.885417 0.906250 0.927083 0.947917 0.968750 0.989583 
0 0.0758100 0.3271030 0.9057670 0.2986070 0.9077530 0.3225830 0.0777960 0.351080
я этой жизни не выдержу, что я для нее не сложенъ
0.010204 0.030612 0.051020 0.071429 0.091837 0.112245 0.132653 0.153061 0.173469 0.193878 0.214286 0.234694 0.255102 0.275510 0.295918 0.316327 0.336735 0.357143 0.377551 0.397959 0.418367 0.438776 0.459184 0.479592 0.500000 0.520408 0.540816 0.561224 0.581633 0.602041 0.622449 0.642857 0.663265 0.683673 0.704082 0.724490 0.744898 0.765306 0.785714 0.806122 0.826531 0.846939 0.867347 0.887755 0.908163 0.928571 0.948980 0.969388 0.989796 
0 0.0821510 0.3619460 0.9234480 0.3405110 0.9250620 0.3667620 0.0837650 0.388197
и т. дал. А между темъ я ѣзжу въ магазины накупаю
0.010204 0.030612 0.051020 0.071429 0.091837 0.112245 0.132653 0.153061 0.173469 0.193878 0.214286 0.234694 0.255102 0.275510 0.295918 0.316327 0.336735 0.357143 0.377551 0.397959 0.418367 0.438776 0.459184 0.479592 0.500000 0.520408 0.540816 0.561224 0.581633 0.602041 0.622449 0.642857 0.663265 0.683673 0.704082 0.724490 0.744898 0.765306 0.785714 0.806122 0.826531 0.846939 0.867347 0.887755 0.908163 0.928571 0.948980 0.969388 0.989796 
0 0.0769740 0.4003430 0.9008740 0.3801630 0.9022890 0.4041050 0.0783890 0.424286
всякихъ столярныхъ и слесарныхъ инструментовъ и
0.010638 0.031915 0.053191 0.074468 0.095745 0.117021 0.138298 0.159574 0.180851 0.202128 0.223404 0.244681 0.265957 0.287234 0.308511 0.329787 0.351064 0.372340 0.393617 0.414894 0.436170 0.457447 0.478723 0.500000 0.521277 0.542553 0.563830 0.585106 0.606383 0.627660 0.648936 0.670213 0.691489 0.712766 0.734043 0.755319 0.776596 0.797872 0.819149 0.840426 0.861702 0.882979 0.904255 0.925532 0.946809 0.968085 0.989362 
0 0.0735960 0.4326830 0.9220430 0.4155760 0.9232340 0.4400440 0.0747870 0.457152
съ наслажденіемъ ребенка думаю о минутахъ когда
0.010638 0.031915 0.053191 0.074468 0.095745 0.117021 0.138298 0.159574 0.180851 0.202128 0.223404 0.244681 0.265957 0.287234 0.308511 0.329787 0.351064 0.372340 0.393617 0.414894 0.436170 0.457447 0.478723 0.500000 0.521277 0.542553 0.563830 0.585106 0.606383 0.627660 0.648936 0.670213 0.691489 0.712766 0.734043 0.755319 0.776596 0.797872 0.819149 0.840426 0.861702 0.882979 0.904255 0.925532 0.946809 0.968085 0.989362 
0 0.0758440 0.4698780 0.8832590 0.4476630 0.8848840 0.4721420 0.0774690 0.494357
въ тиши, въ углу, далеко отъ людей я буду мочь
0.010870 0.032609 0.054348 0.076087 0.097826 0.119565 0.141304 0.163043 0.184783 0.206522 0.228261 0.250000 0.271739 0.293478 0.315217 0.336957 0.358696 0.380435 0.402174 0.423913 0.445652 0.467391 0.489130 0.510870 0.532609 0.554348 0.576087 0.597826 0.619565 0.641304 0.663043 0.684783 0.706522 0.728261 0.750000 0.771739 0.793478 0.815217 0.836957 0.858696 0.880435 0.902174 0.923913 0.945652 0.967391 0.989130 
0 0.0786370 0.5054170 0.9401190 0.4835750 0.9416980 0.5093780 0.0802150 0.531219
прорабатывать цѣлыя утра и прочитывать цѣлые вечера.
0.009615 0.028846 0.048077 0.067308 0.086538 0.105769 0.125000 0.144231 0.163462 0.182692 0.201923 0.221154 0.240385 0.259615 0.278846 0.298077 0.317308 0.336538 0.355769 0.375000 0.394231 0.413462 0.432692 0.451923 0.471154 0.490385 0.509615 0.528846 0.548077 0.567308 0.586538 0.605769 0.625000 0.644231 0.663462 0.682692 0.701923 0.721154 0.740385 0.759615 0.778846 0.798077 0.817308 0.836538 0.855769 0.875000 0.894231 0.913462 0.932692 0.951923 0.971154 0.990385 
0 0.0878260 0.5529430 0.2839940 0.5464420 0.2859830 0.5713120 0.0898150 0.577813
8-е. Визиты.
0.041667 0.125000 0.208333 0.291667 0.375000 0.458333 0.541667 0.625000 0.708333 0.791667 0.875000 0.958333 
0 0.0868560 0.5850170 0.9169410 0.5711210 0.9179310 0.5956260 0.0878460 0.609522
9-е. Визиты хлопоты — обѣдаю у дяди Алек. Алек.
0.010638 0.031915 0.053191 0.074468 0.095745 0.117021 0.138298 0.159574 0.180851 0.202128 0.223404 0.244681 0.265957 0.287234 0.308511 0.329787 0.351064 0.372340 0.393617 0.414894 0.436170 0.457447 0.478723 0.500000 0.521277 0.542553 0.563830 0.585106 0.606383 0.627660 0.648936 0.670213 0.691489 0.712766 0.734043 0.755319 0.776596 0.797872 0.819149 0.840426 0.861702 0.882979 0.904255 0.925532 0.946809 0.968085 0.989362 
0 0.0944590 0.6290720 0.8510120 0.6107830 0.8523710 0.6340740 0.0958180 0.652363
#
0.500000 
0 0.0912820 0.6668310 0.9170180 0.6519770 0.9181300 0.6775920 0.0923940 0.692447
#
0.500000 
0 0.0928280 0.7124520 0.9149430 0.6937990 0.9162960 0.7185140 0.0941810 0.737166
#
0.500000 
0 0.1056040 0.7471210 0.4243240 0.7440360 0.4248840 0.7680210 0.1061640 0.771106
#
0.500000 
0 0.4959270 0.7409410 0.6754690 0.7385560 0.6762340 0.7624440 0.4966930 0.764829
#
0.500000 
0 0.1342030 0.7801690 0.3977690 0.7755110 0.3986890 0.7970800 0.1351220 0.801738
#
0.500000 
0 0.5020070 0.7706920 0.5772860 0.7676020 0.5794170 0.7891090 0.5041370 0.792199
#
0.500000 
0 0.6038730 0.7815070 0.8884540 0.7789120 0.8889320 0.8006200 0.6043510 0.803215
#
0.500000 
0 0.1526060 0.8157900 0.5861160 0.8096310 0.5869610 0.8342860 0.1534520 0.840445
#
0.500000 
0 0.0835870 0.8649590 0.9151510 0.8403300 0.9172410 0.8695790 0.0856770 0.894208
10, 11, 12, 13. Ѣздилъ въ Воскресенское съ Зеруномъ.
0.009615 0.028846 0.048077 0.067308 0.086538 0.105769 0.125000 0.144231 0.163462 0.182692 0.201923 0.221154 0.240385 0.259615 0.278846 0.298077 0.317308 0.336538 0.355769 0.375000 0.394231 0.413462 0.432692 0.451923 0.471154 0.490385 0.509615 0.528846 0.548077 0.567308 0.586538 0.605769 0.625000 0.644231 0.663462 0.682692 0.701923 0.721154 0.740385 0.759615 0.778846 0.798077 0.817308 0.836538 0.855769 0.875000 0.894231 0.913462 0.932692 0.951923 0.971154 0.990385 
0 0.0791040 0.9016880 0.8590810 0.8766910 0.8612340 0.9045270 0.0812570 0.929524
#
0.500000 
0 0.0894270 0.9326960 0.9405410 0.9169320 0.9416010 0.9406530 0.0904870 0.956418
#
0.500000 
