0 0.2155700 0.1142440 0.9313690 0.1089240 0.9316580 0.1341910 0.2158590 0.139511
#
0.500000 
0 0.1678260 0.1553290 0.8812290 0.1519240 0.8813980 0.1749430 0.1679950 0.178347
#
0.500000 
0 0.1643830 0.1910540 0.9241910 0.1844220 0.9245150 0.2085560 0.1647070 0.215187
#
0.500000 
0 0.1698560 0.2252620 0.9282300 0.2252620 0.9282300 0.2462620 0.1698560 0.246262
#
0.500000 
0 0.1777950 0.2593650 0.8859270 0.2679050 0.8855300 0.2892920 0.1773970 0.280752
#
0.500000 
0 0.1761730 0.2962340 0.9082200 0.2987240 0.9080920 0.3231830 0.1760450 0.320693
#
0.500000 
0 0.1789770 0.3298690 0.7593600 0.3304130 0.7593210 0.3573400 0.1789380 0.356796
#
0.500000 
0 0.1858840 0.3629510 0.9614810 0.3684230 0.9611780 0.3963540 0.1855810 0.390882
#
0.500000 
0 0.1929970 0.4012420 0.9159630 0.4055180 0.9157340 0.4306810 0.1927680 0.426405
#
0.500000 
0 0.1955140 0.4410530 0.7529300 0.4367660 0.7531830 0.4581620 0.1957670 0.462449
#
0.500000 
0 0.1993790 0.4725350 0.9448390 0.4685420 0.9450310 0.4918670 0.1995720 0.495859
#
0.500000 
0 0.1941900 0.4984890 0.9621350 0.4964930 0.9622280 0.5196710 0.1942830 0.521666
#
0.500000 
0 0.1970890 0.5267500 0.9138380 0.5257670 0.9138910 0.5507330 0.1971420 0.551716
#
0.500000 
0 0.1928530 0.5528970 0.9603390 0.5432790 0.9609050 0.5726190 0.1934190 0.582238
#
0.500000 
0 0.2036700 0.5855730 0.7160800 0.5735370 0.7169630 0.5979760 0.2045540 0.610012
#
0.500000 
0 0.2067390 0.6163270 0.9479140 0.6051370 0.9484940 0.6300960 0.2073190 0.641286
#
0.500000 
0 0.2185090 0.6505300 0.9098540 0.6343010 0.9107430 0.6589090 0.2193980 0.675138
#
0.500000 
0 0.2203340 0.6854950 0.9237470 0.6695870 0.9246790 0.6963520 0.2212660 0.712259
#
0.500000 
0 0.2176890 0.7183130 0.8286630 0.7057650 0.8293940 0.7289020 0.2184200 0.741449
#
0.500000 
0 0.2207520 0.7455790 0.9313470 0.7384780 0.9317430 0.7642110 0.2211480 0.771313
#
0.500000 
0 0.2225390 0.7834330 0.9536900 0.7716050 0.9542980 0.7960180 0.2231470 0.807846
#
0.500000 
0 0.2249100 0.8195590 0.9162770 0.8061220 0.9169770 0.8295520 0.2256110 0.842990
#
0.500000 
0 0.2292940 0.8527890 0.5689960 0.8414030 0.5701680 0.8641230 0.2304660 0.875509
#
0.500000 
0 0.2178780 0.8858310 0.9499680 0.8776910 0.9503760 0.9015680 0.2182870 0.909708
17-е. День отличный ясный. Осеннее солнце всходило
0.010000 0.030000 0.050000 0.070000 0.090000 0.110000 0.130000 0.150000 0.170000 0.190000 0.210000 0.230000 0.250000 0.270000 0.290000 0.310000 0.330000 0.350000 0.370000 0.390000 0.410000 0.430000 0.450000 0.470000 0.490000 0.510000 0.530000 0.550000 0.570000 0.590000 0.610000 0.630000 0.650000 0.670000 0.690000 0.710000 0.730000 0.750000 0.770000 0.790000 0.810000 0.830000 0.850000 0.870000 0.890000 0.910000 0.930000 0.950000 0.970000 0.990000 
0 0.2395900 0.9210290 0.9391290 0.9178550 0.9393120 0.9440330 0.2397720 0.947207
чисто и ясно и даже порядочно грѣло..... Я его
0.010870 0.032609 0.054348 0.076087 0.097826 0.119565 0.141304 0.163043 0.184783 0.206522 0.228261 0.250000 0.271739 0.293478 0.315217 0.336957 0.358696 0.380435 0.402174 0.423913 0.445652 0.467391 0.489130 0.510870 0.532609 0.554348 0.576087 0.597826 0.619565 0.641304 0.663043 0.684783 0.706522 0.728261 0.750000 0.771739 0.793478 0.815217 0.836957 0.858696 0.880435 0.902174 0.923913 0.945652 0.967391 0.989130 
