0 0.0795300 0.0962780 0.9264420 0.0838580 0.9273170 0.1083480 0.0804050 0.120768
31. Мая. Утро. Ясно. 8 ч.у. т.р. +13°. Получилъ ивовый
0.009259 0.027778 0.046296 0.064815 0.083333 0.101852 0.120370 0.138889 0.157407 0.175926 0.194444 0.212963 0.231481 0.250000 0.268519 0.287037 0.305556 0.324074 0.342593 0.361111 0.379630 0.398148 0.416667 0.435185 0.453704 0.472222 0.490741 0.509259 0.527778 0.546296 0.564815 0.583333 0.601852 0.620370 0.638889 0.657407 0.675926 0.694444 0.712963 0.731481 0.750000 0.768519 0.787037 0.805556 0.824074 0.842593 0.861111 0.879630 0.898148 0.916667 0.935185 0.953704 0.972222 0.990741 
0 0.0766720 0.1381950 0.9263500 0.1213190 0.9273930 0.1428900 0.0777160 0.159766
пухъ (семена ивы). 8 ч.в. т.р. +13°. Днемъ ходилъ разби-
0.008929 0.026786 0.044643 0.062500 0.080357 0.098214 0.116071 0.133929 0.151786 0.169643 0.187500 0.205357 0.223214 0.241071 0.258929 0.276786 0.294643 0.312500 0.330357 0.348214 0.366071 0.383929 0.401786 0.419643 0.437500 0.455357 0.473214 0.491071 0.508929 0.526786 0.544643 0.562500 0.580357 0.598214 0.616071 0.633929 0.651786 0.669643 0.687500 0.705357 0.723214 0.741071 0.758929 0.776786 0.794643 0.812500 0.830357 0.848214 0.866071 0.883929 0.901786 0.919643 0.937500 0.955357 0.973214 0.991071 
0 0.0765090 0.1734140 0.7974100 0.1571230 0.7987100 0.1807370 0.0778090 0.197028
вать посевный на той сторонѣ Плавицы.—.
0.012821 0.038462 0.064103 0.089744 0.115385 0.141026 0.166667 0.192308 0.217949 0.243590 0.269231 0.294872 0.320513 0.346154 0.371795 0.397436 0.423077 0.448718 0.474359 0.500000 0.525641 0.551282 0.576923 0.602564 0.628205 0.653846 0.679487 0.705128 0.730769 0.756410 0.782051 0.807692 0.833333 0.858974 0.884615 0.910256 0.935897 0.961538 0.987179 
0 0.0776880 0.2027700 0.6716870 0.1941460 0.6725790 0.2193780 0.0785800 0.228002
1-е Іюня. Утро. Ясно. 8 ч.у. т.р. +15½°.
0.012500 0.037500 0.062500 0.087500 0.112500 0.137500 0.162500 0.187500 0.212500 0.237500 0.262500 0.287500 0.312500 0.337500 0.362500 0.387500 0.412500 0.437500 0.462500 0.487500 0.512500 0.537500 0.562500 0.587500 0.612500 0.637500 0.662500 0.687500 0.712500 0.737500 0.762500 0.787500 0.812500 0.837500 0.862500 0.887500 0.912500 0.937500 0.962500 0.987500 
0 0.0813230 0.2479800 0.7680010 0.2369860 0.7689820 0.2621420 0.0823040 0.273136
18. ч. Іюня. # для покупки Захлебовки.
0.013158 0.039474 0.065789 0.092105 0.118421 0.144737 0.171053 0.197368 0.223684 0.250000 0.276316 0.302632 0.328947 0.355263 0.381579 0.407895 0.434211 0.460526 0.486842 0.513158 0.539474 0.565789 0.592105 0.618421 0.644737 0.671053 0.697368 0.723684 0.750000 0.776316 0.802632 0.828947 0.855263 0.881579 0.907895 0.934211 0.960526 0.986842 
0 0.1346000 0.2991660 0.3839050 0.2902850 0.3857720 0.3118020 0.1364670 0.320683
#
0.500000 
0 0.4515680 0.2900010 0.5100150 0.2866940 0.5129790 0.3081990 0.4545320 0.311507
#
0.500000 
0 0.5622840 0.2836480 0.6513920 0.2829890 0.6517810 0.3045580 0.5626730 0.305217
#
0.500000 
0 0.7249730 0.2819710 0.9157820 0.2793660 0.9165000 0.3009490 0.7256900 0.303553
#
0.500000 
0 0.6953090 0.3187060 0.8042140 0.3173510 0.8048680 0.3389630 0.6959640 0.340317
#
0.500000 
0 0.8505850 0.3091060 0.9099910 0.3091060 0.9099910 0.3301060 0.8505850 0.330106
#
0.500000 
0 0.1098560 0.3452670 0.2430580 0.3421850 0.2442740 0.3637520 0.1110720 0.366835
#
0.500000 
0 0.4968500 0.3339040 0.5490550 0.3339040 0.5490550 0.3549040 0.4968500 0.354904
#
0.500000 
0 0.8325830 0.3379410 0.9054910 0.3379410 0.9054910 0.3589410 0.8325830 0.358941
#
0.500000 
0 0.1531030 0.3752550 0.2413000 0.3733150 0.2424560 0.3948930 0.1542590 0.396833
#
0.500000 
0 0.3924390 0.3725430 0.4554460 0.3725430 0.4554460 0.3935430 0.3924390 0.393543
#
0.500000 
0 0.5057740 0.3699560 0.5579800 0.3698480 0.5580870 0.3911340 0.5058810 0.391242
#
0.500000 
0 0.6022050 0.3698680 0.6706130 0.3699530 0.6705490 0.3912400 0.6021420 0.391156
#
0.500000 
0 0.8415840 0.3722550 0.9054910 0.3722550 0.9054910 0.3935430 0.8415840 0.393543
#
0.500000 
0 0.3909070 0.3880050 0.4529850 0.3854200 0.4551670 0.4069360 0.3930890 0.409521
#
0.500000 
0 0.0855630 0.4184680 0.3528710 0.4123680 0.3540700 0.4339250 0.0867610 0.440024
#
0.500000 
0 0.3852760 0.4069680 0.4543570 0.3965510 0.4620910 0.4176050 0.3930100 0.428022
#
0.500000 
0 0.5216550 0.4121080 0.6980690 0.4102190 0.6986320 0.4318340 0.5222190 0.433723
#
0.500000 
0 0.8061660 0.4070310 0.9060710 0.4061780 0.9065190 0.4277450 0.8066150 0.428598
#
0.500000 
0 0.2970300 0.4313670 0.3672370 0.4313670 0.3672370 0.4523670 0.2970300 0.452367
#
0.500000 
0 0.2668660 0.4468020 0.3352650 0.4459480 0.3359210 0.4675100 0.2675220 0.468363
#
0.500000 
0 0.3816380 0.4480910 0.4446440 0.4480910 0.4446440 0.4690910 0.3816380 0.469091
#
0.500000 
0 0.5395000 0.4617230 0.6673060 0.4598110 0.6680930 0.4814130 0.5402870 0.483325
#
0.500000 
0 0.2714790 0.4607540 0.3272290 0.4574820 0.3303000 0.4789620 0.2745500 0.482234
#
0.500000 
0 0.3801060 0.4635530 0.4421830 0.4609680 0.4443660 0.4824830 0.3822880 0.485068
#
0.500000 
0 0.8343220 0.4747060 0.8991130 0.4761450 0.8979460 0.4977050 0.8331550 0.496266
#
0.500000 
0 0.2631310 0.4797310 0.3377980 0.4748610 0.3412100 0.4963410 0.2665440 0.501211
#
0.500000 
0 0.3692940 0.4832790 0.4619340 0.4770820 0.4654310 0.4985420 0.3727910 0.504739
#
0.500000 
0 0.7226600 0.4779110 0.7937530 0.4759640 0.7951920 0.4975260 0.7240990 0.499474
#
0.500000 
0 0.0801080 0.4999940 0.3339330 0.4999940 0.3339330 0.5209940 0.0801080 0.520994
#
0.500000 
0 0.3627360 0.5109520 0.4257430 0.5109520 0.4257430 0.5319520 0.3627360 0.531952
#
0.500000 
0 0.5439760 0.5044010 0.7023860 0.5019290 0.7032070 0.5235250 0.5447970 0.525997
#
0.500000 
0 0.7218720 0.5089330 0.7983800 0.5089330 0.7983800 0.5302210 0.7218720 0.530221
#
0.500000 
0 0.8416600 0.5086410 0.9064690 0.5087760 0.9063600 0.5302250 0.8415520 0.530091
#
0.500000 
0 0.3612040 0.5264130 0.4232820 0.5238280 0.4254640 0.5453440 0.3633860 0.547929
#
0.500000 
0 0.5938330 0.5384100 0.6712370 0.5360580 0.6728330 0.5576140 0.5954280 0.559966
#
0.500000 
0 0.0860040 0.5458990 0.2588180 0.5440160 0.2593910 0.5656330 0.0865780 0.567515
#
0.500000 
0 0.3503930 0.5461400 0.4430320 0.5399430 0.4465290 0.5614030 0.3538890 0.567600
#
0.500000 
0 0.7195640 0.5422590 0.8014650 0.5431140 0.8009160 0.5646780 0.7190150 0.563823
#
0.500000 
0 0.8401050 0.5429920 0.9292090 0.5437610 0.9287560 0.5653280 0.8396510 0.564559
#
0.500000 
0 0.2369980 0.5786830 0.4655890 0.5749900 0.4664830 0.5976940 0.2378920 0.601386
#
0.500000 
0 0.5633720 0.5766800 0.6830610 0.5734570 0.6844760 0.5950240 0.5647860 0.598247
#
0.500000 
0 0.7262140 0.5720010 0.7999940 0.5698750 0.8015090 0.5914680 0.7277300 0.593593
#
0.500000 
0 0.8397580 0.5680580 0.9018650 0.5680160 0.9019000 0.5896220 0.8397940 0.589663
#
0.500000 
0 0.7340060 0.5897610 0.8006040 0.5889200 0.8012680 0.6104810 0.7346690 0.611322
#
0.500000 
0 0.8392220 0.5886450 0.8950170 0.5877950 0.8958170 0.6093520 0.8400210 0.610202
#
0.500000 
0 0.9078640 0.5929050 0.9752860 0.5872970 0.9797340 0.6092490 0.9123120 0.614857
#
0.500000 
0 0.0742070 0.6147610 0.9067550 0.6033460 0.9075590 0.6273950 0.0750100 0.638810
#
0.500000 
0 0.0870310 0.6502610 0.9466150 0.6438320 0.9470090 0.6654230 0.0874240 0.671851
#
0.500000 
0 0.0959780 0.6880000 0.8511430 0.6811520 0.8516740 0.7051860 0.0965090 0.712034
#
0.500000 
0 0.1148550 0.7246610 0.9654380 0.7164950 0.9659430 0.7380820 0.1153600 0.746248
#
0.500000 
0 0.4063170 0.7458590 0.4648010 0.7478500 0.4630160 0.7693760 0.4045310 0.767384
#
0.500000 
0 0.1111960 0.7614920 0.9329540 0.7530020 0.9335440 0.7764720 0.1117870 0.784963
#
0.500000 
0 0.1155020 0.8036280 0.9219770 0.7913620 0.9228200 0.8140950 0.1163450 0.826361
#
0.500000 
0 0.1136670 0.8421300 0.9461590 0.8293000 0.9471200 0.8549030 0.1146290 0.867733
#
0.500000 
0 0.1153330 0.8833200 0.9560300 0.8674390 0.9570970 0.8906360 0.1164010 0.906517
#
0.500000 
0 0.1055960 0.9201490 0.9561470 0.9065870 0.9570290 0.9292970 0.1064780 0.942859
#
0.500000 
