0 0.0815120 0.0992470 0.9081990 0.0901210 0.9087100 0.1201500 0.0820230 0.129276
#
0.500000 
0 0.0756380 0.1451160 0.9195250 0.1285490 0.9202490 0.1524980 0.0763620 0.169065
#
0.500000 
0 0.0827510 0.1835010 0.9051160 0.1661290 0.9058920 0.1899550 0.0835270 0.207326
#
0.500000 
0 0.0819070 0.2206380 0.3877870 0.2149540 0.3884650 0.2386430 0.0825850 0.244327
#
0.500000 
0 0.0846350 0.2662970 0.9217760 0.2330010 0.9232970 0.2578250 0.0861570 0.291121
#
0.500000 
0 0.0937590 0.3089580 0.9099340 0.2776370 0.9113900 0.3022590 0.0952150 0.333580
#
0.500000 
0 0.0891170 0.3517080 0.8616680 0.3238790 0.8630170 0.3481860 0.0904660 0.376016
#
0.500000 
0 0.0995640 0.3853290 0.9371480 0.3504030 0.9389900 0.3790790 0.1014060 0.414005
#
0.500000 
0 0.1010860 0.4202740 0.8433380 0.3930530 0.8447620 0.4182580 0.1025100 0.445479
#
0.500000 
0 0.1118740 0.4586090 0.9386930 0.4192300 0.9406200 0.4454940 0.1138010 0.484874
24. 25. 26. Постоянно на Заводѣ. Соки незаладились. — Утрами
0.008333 0.025000 0.041667 0.058333 0.075000 0.091667 0.108333 0.125000 0.141667 0.158333 0.175000 0.191667 0.208333 0.225000 0.241667 0.258333 0.275000 0.291667 0.308333 0.325000 0.341667 0.358333 0.375000 0.391667 0.408333 0.425000 0.441667 0.458333 0.475000 0.491667 0.508333 0.525000 0.541667 0.558333 0.575000 0.591667 0.608333 0.625000 0.641667 0.658333 0.675000 0.691667 0.708333 0.725000 0.741667 0.758333 0.775000 0.791667 0.808333 0.825000 0.841667 0.858333 0.875000 0.891667 0.908333 0.925000 0.941667 0.958333 0.975000 0.991667 
0 0.1050740 0.4867030 0.8532640 0.4651620 0.8543920 0.4905760 0.1062010 0.512117
сталъ заниматься Логикой. Перевожу Введеніе. —
0.010870 0.032609 0.054348 0.076087 0.097826 0.119565 0.141304 0.163043 0.184783 0.206522 0.228261 0.250000 0.271739 0.293478 0.315217 0.336957 0.358696 0.380435 0.402174 0.423913 0.445652 0.467391 0.489130 0.510870 0.532609 0.554348 0.576087 0.597826 0.619565 0.641304 0.663043 0.684783 0.706522 0.728261 0.750000 0.771739 0.793478 0.815217 0.836957 0.858696 0.880435 0.902174 0.923913 0.945652 0.967391 0.989130 
0 0.1161260 0.5224200 0.9017080 0.5046540 0.9025990 0.5302260 0.1170170 0.547993
25. Похороны Прасковьи Сергѣевны Лаговчиной. Ѣздилъ туда
0.008929 0.026786 0.044643 0.062500 0.080357 0.098214 0.116071 0.133929 0.151786 0.169643 0.187500 0.205357 0.223214 0.241071 0.258929 0.276786 0.294643 0.312500 0.330357 0.348214 0.366071 0.383929 0.401786 0.419643 0.437500 0.455357 0.473214 0.491071 0.508929 0.526786 0.544643 0.562500 0.580357 0.598214 0.616071 0.633929 0.651786 0.669643 0.687500 0.705357 0.723214 0.741071 0.758929 0.776786 0.794643 0.812500 0.830357 0.848214 0.866071 0.883929 0.901786 0.919643 0.937500 0.955357 0.973214 0.991071 
0 0.1185760 0.5578090 0.7340780 0.5427260 0.7350280 0.5678950 0.1195260 0.582977
на Тройкѣ — en verve. Дни ясные и морозцы.
0.011905 0.035714 0.059524 0.083333 0.107143 0.130952 0.154762 0.178571 0.202381 0.226190 0.250000 0.273810 0.297619 0.321429 0.345238 0.369048 0.392857 0.416667 0.440476 0.464286 0.488095 0.511905 0.535714 0.559524 0.583333 0.607143 0.630952 0.654762 0.678571 0.702381 0.726190 0.750000 0.773810 0.797619 0.821429 0.845238 0.869048 0.892857 0.916667 0.940476 0.964286 0.988095 
0 0.1222370 0.5931150 0.8724100 0.5732250 0.8734610 0.5989490 0.1232880 0.618840
27 и 28. У Голиковыхъ въ Липовѣ. Не въ духѣ. Захожу
0.009804 0.029412 0.049020 0.068627 0.088235 0.107843 0.127451 0.147059 0.166667 0.186275 0.205882 0.225490 0.245098 0.264706 0.284314 0.303922 0.323529 0.343137 0.362745 0.382353 0.401961 0.421569 0.441176 0.460784 0.480392 0.500000 0.519608 0.539216 0.558824 0.578431 0.598039 0.617647 0.637255 0.656863 0.676471 0.696078 0.715686 0.735294 0.754902 0.774510 0.794118 0.813725 0.833333 0.852941 0.872549 0.892157 0.911765 0.931373 0.950980 0.970588 0.990196 
0 0.1237720 0.6284820 0.6862420 0.6234220 0.6865380 0.6448170 0.1240690 0.649877
у нихъ Гимнастикомъ и дѣти въ восхищеніи.
0.012195 0.036585 0.060976 0.085366 0.109756 0.134146 0.158537 0.182927 0.207317 0.231707 0.256098 0.280488 0.304878 0.329268 0.353659 0.378049 0.402439 0.426829 0.451220 0.475610 0.500000 0.524390 0.548780 0.573171 0.597561 0.621951 0.646341 0.670732 0.695122 0.719512 0.743902 0.768293 0.792683 0.817073 0.841463 0.865854 0.890244 0.914634 0.939024 0.963415 0.987805 
0 0.1274170 0.6659200 0.8784750 0.6553590 0.8790190 0.6805070 0.1279620 0.691068
29. и 30-е. Дома. На Заводѣ — въ большомъ духѣ, ибо сока
0.008929 0.026786 0.044643 0.062500 0.080357 0.098214 0.116071 0.133929 0.151786 0.169643 0.187500 0.205357 0.223214 0.241071 0.258929 0.276786 0.294643 0.312500 0.330357 0.348214 0.366071 0.383929 0.401786 0.419643 0.437500 0.455357 0.473214 0.491071 0.508929 0.526786 0.544643 0.562500 0.580357 0.598214 0.616071 0.633929 0.651786 0.669643 0.687500 0.705357 0.723214 0.741071 0.758929 0.776786 0.794643 0.812500 0.830357 0.848214 0.866071 0.883929 0.901786 0.919643 0.937500 0.955357 0.973214 0.991071 
0 0.1270640 0.7017610 0.9011180 0.6928450 0.9014980 0.7142300 0.1274440 0.723147
справились и пошли отлично. Пустили цитробанъ —
0.010638 0.031915 0.053191 0.074468 0.095745 0.117021 0.138298 0.159574 0.180851 0.202128 0.223404 0.244681 0.265957 0.287234 0.308511 0.329787 0.351064 0.372340 0.393617 0.414894 0.436170 0.457447 0.478723 0.500000 0.521277 0.542553 0.563830 0.585106 0.606383 0.627660 0.648936 0.670213 0.691489 0.712766 0.734043 0.755319 0.776596 0.797872 0.819149 0.840426 0.861702 0.882979 0.904255 0.925532 0.946809 0.968085 0.989362 
0 0.1298640 0.7357290 0.9153900 0.7259620 0.9158640 0.7506970 0.1303380 0.760463
вѣсь заводъ въ полномъ ходу. Всѣ шесть прессовъ пошли
0.009434 0.028302 0.047170 0.066038 0.084906 0.103774 0.122642 0.141509 0.160377 0.179245 0.198113 0.216981 0.235849 0.254717 0.273585 0.292453 0.311321 0.330189 0.349057 0.367925 0.386792 0.405660 0.424528 0.443396 0.462264 0.481132 0.500000 0.518868 0.537736 0.556604 0.575472 0.594340 0.613208 0.632075 0.650943 0.669811 0.688679 0.707547 0.726415 0.745283 0.764151 0.783019 0.801887 0.820755 0.839623 0.858491 0.877358 0.896226 0.915094 0.933962 0.952830 0.971698 0.990566 
0 0.1320840 0.7696260 0.9219360 0.7684000 0.9219870 0.7898270 0.1321360 0.791053
Я стоялъ въ прессовой — работа вся шла живо и отлично —
0.009091 0.027273 0.045455 0.063636 0.081818 0.100000 0.118182 0.136364 0.154545 0.172727 0.190909 0.209091 0.227273 0.245455 0.263636 0.281818 0.300000 0.318182 0.336364 0.354545 0.372727 0.390909 0.409091 0.427273 0.445455 0.463636 0.481818 0.500000 0.518182 0.536364 0.554545 0.572727 0.590909 0.609091 0.627273 0.645455 0.663636 0.681818 0.700000 0.718182 0.736364 0.754545 0.772727 0.790909 0.809091 0.827273 0.845455 0.863636 0.881818 0.900000 0.918182 0.936364 0.954545 0.972727 0.990909 
0 0.1451290 0.8019440 0.9134410 0.8043780 0.9133260 0.8278930 0.1450150 0.825459
Я сказалъ Самъ себѣ, что вотъ ровно Годъ какъ пущенъ
0.009615 0.028846 0.048077 0.067308 0.086538 0.105769 0.125000 0.144231 0.163462 0.182692 0.201923 0.221154 0.240385 0.259615 0.278846 0.298077 0.317308 0.336538 0.355769 0.375000 0.394231 0.413462 0.432692 0.451923 0.471154 0.490385 0.509615 0.528846 0.548077 0.567308 0.586538 0.605769 0.625000 0.644231 0.663462 0.682692 0.701923 0.721154 0.740385 0.759615 0.778846 0.798077 0.817308 0.836538 0.855769 0.875000 0.894231 0.913462 0.932692 0.951923 0.971154 0.990385 
0 0.1430400 0.8380400 0.8821400 0.8357750 0.8822690 0.8629220 0.1431680 0.865187
Заводъ и полтора какъ я его началъ строить и
0.011364 0.034091 0.056818 0.079545 0.102273 0.125000 0.147727 0.170455 0.193182 0.215909 0.238636 0.261364 0.284091 0.306818 0.329545 0.352273 0.375000 0.397727 0.420455 0.443182 0.465909 0.488636 0.511364 0.534091 0.556818 0.579545 0.602273 0.625000 0.647727 0.670455 0.693182 0.715909 0.738636 0.761364 0.784091 0.806818 0.829545 0.852273 0.875000 0.897727 0.920455 0.943182 0.965909 0.988636 
0 0.1510940 0.8736340 0.8820450 0.8689220 0.8823000 0.8945460 0.1513480 0.899258
что я достигъ своего желанія — Заводъ идетъ на
0.010870 0.032609 0.054348 0.076087 0.097826 0.119565 0.141304 0.163043 0.184783 0.206522 0.228261 0.250000 0.271739 0.293478 0.315217 0.336957 0.358696 0.380435 0.402174 0.423913 0.445652 0.467391 0.489130 0.510870 0.532609 0.554348 0.576087 0.597826 0.619565 0.641304 0.663043 0.684783 0.706522 0.728261 0.750000 0.771739 0.793478 0.815217 0.836957 0.858696 0.880435 0.902174 0.923913 0.945652 0.967391 0.989130 
0 0.1545000 0.9072490 0.3612960 0.9104130 0.3607910 0.9318060 0.1539960 0.928641
всѣхъ парусахъ.
0.033333 0.100000 0.166667 0.233333 0.300000 0.366667 0.433333 0.500000 0.566667 0.633333 0.700000 0.766667 0.833333 0.900000 0.966667 
