0 0.0867270 0.0452350 0.2981130 0.0429290 0.2987040 0.0645030 0.0873180 0.066808
1855. Сентяб.
0.038462 0.115385 0.192308 0.269231 0.346154 0.423077 0.500000 0.576923 0.653846 0.730769 0.807692 0.884615 0.961538 
0 0.1283380 0.0955670 0.9057730 0.0920360 0.9060630 0.1174630 0.1286280 0.120994
подорожная по казенной надобности и всѣ
0.012821 0.038462 0.064103 0.089744 0.115385 0.141026 0.166667 0.192308 0.217949 0.243590 0.269231 0.294872 0.320513 0.346154 0.371795 0.397436 0.423077 0.448718 0.474359 0.500000 0.525641 0.551282 0.576923 0.602564 0.628205 0.653846 0.679487 0.705128 0.730769 0.756410 0.782051 0.807692 0.833333 0.858974 0.884615 0.910256 0.935897 0.961538 0.987179 
0 0.1269170 0.1360650 0.9310580 0.1378020 0.9309410 0.1594030 0.1268000 0.157666
смотрители къ нему являются. День жаркій —
0.011905 0.035714 0.059524 0.083333 0.107143 0.130952 0.154762 0.178571 0.202381 0.226190 0.250000 0.273810 0.297619 0.321429 0.345238 0.369048 0.392857 0.416667 0.440476 0.464286 0.488095 0.511905 0.535714 0.559524 0.583333 0.607143 0.630952 0.654762 0.678571 0.702381 0.726190 0.750000 0.773810 0.797619 0.821429 0.845238 0.869048 0.892857 0.916667 0.940476 0.964286 0.988095 
0 0.1271470 0.1709590 0.9373270 0.1775700 0.9368850 0.1991270 0.1267060 0.192516
Себя чувствую крѣпко, дорогу переношу легко.
0.011364 0.034091 0.056818 0.079545 0.102273 0.125000 0.147727 0.170455 0.193182 0.215909 0.238636 0.261364 0.284091 0.306818 0.329545 0.352273 0.375000 0.397727 0.420455 0.443182 0.465909 0.488636 0.511364 0.534091 0.556818 0.579545 0.602273 0.625000 0.647727 0.670455 0.693182 0.715909 0.738636 0.761364 0.784091 0.806818 0.829545 0.852273 0.875000 0.897727 0.920455 0.943182 0.965909 0.988636 
0 0.1428030 0.2013550 0.9641820 0.2082350 0.9636170 0.2351020 0.1422380 0.228222
Замѣчательно, что если выкуриваю сигару,
0.012500 0.037500 0.062500 0.087500 0.112500 0.137500 0.162500 0.187500 0.212500 0.237500 0.262500 0.287500 0.312500 0.337500 0.362500 0.387500 0.412500 0.437500 0.462500 0.487500 0.512500 0.537500 0.562500 0.587500 0.612500 0.637500 0.662500 0.687500 0.712500 0.737500 0.762500 0.787500 0.812500 0.837500 0.862500 0.887500 0.912500 0.937500 0.962500 0.987500 
0 0.1423100 0.2430080 0.8869180 0.2421100 0.8869900 0.2660330 0.1423820 0.266932
то немедленно является слабость.—.
0.014706 0.044118 0.073529 0.102941 0.132353 0.161765 0.191176 0.220588 0.250000 0.279412 0.308824 0.338235 0.367647 0.397059 0.426471 0.455882 0.485294 0.514706 0.544118 0.573529 0.602941 0.632353 0.661765 0.691176 0.720588 0.750000 0.779412 0.808824 0.838235 0.867647 0.897059 0.926471 0.955882 0.985294 
0 0.1424600 0.2800030 0.9673140 0.2818760 0.9671790 0.3056230 0.1423250 0.303750
Вечеромъ въ 7 часовъ пріѣхали въ Расву. Дорогою
0.010638 0.031915 0.053191 0.074468 0.095745 0.117021 0.138298 0.159574 0.180851 0.202128 0.223404 0.244681 0.265957 0.287234 0.308511 0.329787 0.351064 0.372340 0.393617 0.414894 0.436170 0.457447 0.478723 0.500000 0.521277 0.542553 0.563830 0.585106 0.606383 0.627660 0.648936 0.670213 0.691489 0.712766 0.734043 0.755319 0.776596 0.797872 0.819149 0.840426 0.861702 0.882979 0.904255 0.925532 0.946809 0.968085 0.989362 
0 0.1452340 0.3206680 0.9700840 0.3254820 0.9697120 0.3508870 0.1448620 0.346073
Pf. 100°. Пріемъ дяди былъ страненъ холоденъ
0.011364 0.034091 0.056818 0.079545 0.102273 0.125000 0.147727 0.170455 0.193182 0.215909 0.238636 0.261364 0.284091 0.306818 0.329545 0.352273 0.375000 0.397727 0.420455 0.443182 0.465909 0.488636 0.511364 0.534091 0.556818 0.579545 0.602273 0.625000 0.647727 0.670455 0.693182 0.715909 0.738636 0.761364 0.784091 0.806818 0.829545 0.852273 0.875000 0.897727 0.920455 0.943182 0.965909 0.988636 
0 0.1432540 0.3635350 0.8964950 0.3640780 0.8964520 0.3878380 0.1432110 0.387296
угрюмъ — вечеромъ спорили о войнѣ.
0.014706 0.044118 0.073529 0.102941 0.132353 0.161765 0.191176 0.220588 0.250000 0.279412 0.308824 0.338235 0.367647 0.397059 0.426471 0.455882 0.485294 0.514706 0.544118 0.573529 0.602941 0.632353 0.661765 0.691176 0.720588 0.750000 0.779412 0.808824 0.838235 0.867647 0.897059 0.926471 0.955882 0.985294 
0 0.1426340 0.3991350 0.9614740 0.4043240 0.9610770 0.4292790 0.1422370 0.424089
21-е. Погода превосходная — я спалъ отлично — всталъ
0.009615 0.028846 0.048077 0.067308 0.086538 0.105769 0.125000 0.144231 0.163462 0.182692 0.201923 0.221154 0.240385 0.259615 0.278846 0.298077 0.317308 0.336538 0.355769 0.375000 0.394231 0.413462 0.432692 0.451923 0.471154 0.490385 0.509615 0.528846 0.548077 0.567308 0.586538 0.605769 0.625000 0.644231 0.663462 0.682692 0.701923 0.721154 0.740385 0.759615 0.778846 0.798077 0.817308 0.836538 0.855769 0.875000 0.894231 0.913462 0.932692 0.951923 0.971154 0.990385 
0 0.1592140 0.4351140 0.9469590 0.4444690 0.9463170 0.4660190 0.1585720 0.456663
рано и отправился съ Мишей на уборку
0.013889 0.041667 0.069444 0.097222 0.125000 0.152778 0.180556 0.208333 0.236111 0.263889 0.291667 0.319444 0.347222 0.375000 0.402778 0.430556 0.458333 0.486111 0.513889 0.541667 0.569444 0.597222 0.625000 0.652778 0.680556 0.708333 0.736111 0.763889 0.791667 0.819444 0.847222 0.875000 0.902778 0.930556 0.958333 0.986111 
0 0.1702620 0.4723010 0.9407400 0.4779200 0.9402940 0.5023110 0.1698150 0.496692
свекловицы — безпорядокъ и недосмотръ не
0.012500 0.037500 0.062500 0.087500 0.112500 0.137500 0.162500 0.187500 0.212500 0.237500 0.262500 0.287500 0.312500 0.337500 0.362500 0.387500 0.412500 0.437500 0.462500 0.487500 0.512500 0.537500 0.562500 0.587500 0.612500 0.637500 0.662500 0.687500 0.712500 0.737500 0.762500 0.787500 0.812500 0.837500 0.862500 0.887500 0.912500 0.937500 0.962500 0.987500 
0 0.1635160 0.5089650 0.9686110 0.5175340 0.9679140 0.5436450 0.1628180 0.535076
вообразимые. Замѣчательно различіе климата,
0.011628 0.034884 0.058140 0.081395 0.104651 0.127907 0.151163 0.174419 0.197674 0.220930 0.244186 0.267442 0.290698 0.313953 0.337209 0.360465 0.383721 0.406977 0.430233 0.453488 0.476744 0.500000 0.523256 0.546512 0.569767 0.593023 0.616279 0.639535 0.662791 0.686047 0.709302 0.732558 0.755814 0.779070 0.802326 0.825581 0.848837 0.872093 0.895349 0.918605 0.941860 0.965116 0.988372 
0 0.1651070 0.5531430 0.9355710 0.5585220 0.9351570 0.5821840 0.1646920 0.576806
въ Москвѣ — вѣсь листъ облетѣлъ, сдѣсь на
0.012195 0.036585 0.060976 0.085366 0.109756 0.134146 0.158537 0.182927 0.207317 0.231707 0.256098 0.280488 0.304878 0.329268 0.353659 0.378049 0.402439 0.426829 0.451220 0.475610 0.500000 0.524390 0.548780 0.573171 0.597561 0.621951 0.646341 0.670732 0.695122 0.719512 0.743902 0.768293 0.792683 0.817073 0.841463 0.865854 0.890244 0.914634 0.939024 0.963415 0.987805 
0 0.1676580 0.5941590 0.9467770 0.5996800 0.9463930 0.6212420 0.1672750 0.615722
всѣхъ кустарникахъ еще держится. Георгины
0.012195 0.036585 0.060976 0.085366 0.109756 0.134146 0.158537 0.182927 0.207317 0.231707 0.256098 0.280488 0.304878 0.329268 0.353659 0.378049 0.402439 0.426829 0.451220 0.475610 0.500000 0.524390 0.548780 0.573171 0.597561 0.621951 0.646341 0.670732 0.695122 0.719512 0.743902 0.768293 0.792683 0.817073 0.841463 0.865854 0.890244 0.914634 0.939024 0.963415 0.987805 
0 0.1667570 0.6288310 0.9683120 0.6324980 0.9680060 0.6591090 0.1664520 0.655442
тамъ убиты совсѣмъ — сдѣс въ Калугѣ только
0.011905 0.035714 0.059524 0.083333 0.107143 0.130952 0.154762 0.178571 0.202381 0.226190 0.250000 0.273810 0.297619 0.321429 0.345238 0.369048 0.392857 0.416667 0.440476 0.464286 0.488095 0.511905 0.535714 0.559524 0.583333 0.607143 0.630952 0.654762 0.678571 0.702381 0.726190 0.750000 0.773810 0.797619 0.821429 0.845238 0.869048 0.892857 0.916667 0.940476 0.964286 0.988095 
0 0.1731650 0.6678710 0.2913650 0.6670600 0.2917360 0.6885980 0.1735360 0.689409
сверху.
0.071429 0.214286 0.357143 0.500000 0.642857 0.785714 0.928571 
0 0.1597100 0.6963240 0.9051810 0.6976540 0.9050640 0.7238850 0.1595920 0.722555
22-е. 23-е. Прожили въ разговорахъ и толкахъ,
0.011111 0.033333 0.055556 0.077778 0.100000 0.122222 0.144444 0.166667 0.188889 0.211111 0.233333 0.255556 0.277778 0.300000 0.322222 0.344444 0.366667 0.388889 0.411111 0.433333 0.455556 0.477778 0.500000 0.522222 0.544444 0.566667 0.588889 0.611111 0.633333 0.655556 0.677778 0.700000 0.722222 0.744444 0.766667 0.788889 0.811111 0.833333 0.855556 0.877778 0.900000 0.922222 0.944444 0.966667 0.988889 
0 0.1668740 0.7451440 0.8588510 0.7370240 0.8595460 0.7606090 0.1675680 0.768729
ходили мало погода всё отличная.
0.015625 0.046875 0.078125 0.109375 0.140625 0.171875 0.203125 0.234375 0.265625 0.296875 0.328125 0.359375 0.390625 0.421875 0.453125 0.484375 0.515625 0.546875 0.578125 0.609375 0.640625 0.671875 0.703125 0.734375 0.765625 0.796875 0.828125 0.859375 0.890625 0.921875 0.953125 0.984375 
0 0.1696090 0.7798750 0.9478410 0.7741280 0.9483420 0.8012070 0.1701110 0.806953
24-е. Ѣздили съ Мишей къ Тихону — разговоръ
0.011628 0.034884 0.058140 0.081395 0.104651 0.127907 0.151163 0.174419 0.197674 0.220930 0.244186 0.267442 0.290698 0.313953 0.337209 0.360465 0.383721 0.406977 0.430233 0.453488 0.476744 0.500000 0.523256 0.546512 0.569767 0.593023 0.616279 0.639535 0.662791 0.686047 0.709302 0.732558 0.755814 0.779070 0.802326 0.825581 0.848837 0.872093 0.895349 0.918605 0.941860 0.965116 0.988372 
0 0.1724670 0.8188690 0.9714210 0.8172510 0.9715580 0.8442350 0.1726040 0.845854
съ Верманомъ о свекловично-сахарномъ Заводѣ
0.011628 0.034884 0.058140 0.081395 0.104651 0.127907 0.151163 0.174419 0.197674 0.220930 0.244186 0.267442 0.290698 0.313953 0.337209 0.360465 0.383721 0.406977 0.430233 0.453488 0.476744 0.500000 0.523256 0.546512 0.569767 0.593023 0.616279 0.639535 0.662791 0.686047 0.709302 0.732558 0.755814 0.779070 0.802326 0.825581 0.848837 0.872093 0.895349 0.918605 0.941860 0.965116 0.988372 
0 0.1870720 0.8575930 0.8755850 0.8551430 0.8758090 0.8801830 0.1872960 0.882633
въ которомъ онъ не сказалъ ничего.
0.014706 0.044118 0.073529 0.102941 0.132353 0.161765 0.191176 0.220588 0.250000 0.279412 0.308824 0.338235 0.367647 0.397059 0.426471 0.455882 0.485294 0.514706 0.544118 0.573529 0.602941 0.632353 0.661765 0.691176 0.720588 0.750000 0.779412 0.808824 0.838235 0.867647 0.897059 0.926471 0.955882 0.985294 
0 0.1895150 0.8950630 0.9625800 0.8898040 0.9630010 0.9144960 0.1899370 0.919755
25. Миша Соловой уѣхалъ утромъ въ Москву —
0.011905 0.035714 0.059524 0.083333 0.107143 0.130952 0.154762 0.178571 0.202381 0.226190 0.250000 0.273810 0.297619 0.321429 0.345238 0.369048 0.392857 0.416667 0.440476 0.464286 0.488095 0.511905 0.535714 0.559524 0.583333 0.607143 0.630952 0.654762 0.678571 0.702381 0.726190 0.750000 0.773810 0.797619 0.821429 0.845238 0.869048 0.892857 0.916667 0.940476 0.964286 0.988095 
