0 0.0634260 0.0529860 0.2392860 0.0510250 0.2398960 0.0731590 0.0640360 0.075120
1855. Іюль.
0.045455 0.136364 0.227273 0.318182 0.409091 0.500000 0.590909 0.681818 0.772727 0.863636 0.954545 
0 0.1851440 0.1438830 0.8001950 0.1384600 0.8006660 0.1600770 0.1856150 0.165500
Работалъ около лиственницъ. Читалъ —
0.013889 0.041667 0.069444 0.097222 0.125000 0.152778 0.180556 0.208333 0.236111 0.263889 0.291667 0.319444 0.347222 0.375000 0.402778 0.430556 0.458333 0.486111 0.513889 0.541667 0.569444 0.597222 0.625000 0.652778 0.680556 0.708333 0.736111 0.763889 0.791667 0.819444 0.847222 0.875000 0.902778 0.930556 0.958333 0.986111 
0 0.1635740 0.1771560 0.9081070 0.1766100 0.9081480 0.1996930 0.1636150 0.200239
вечеромъ поливалъ цветы. Anaïs пріѣхала
0.012821 0.038462 0.064103 0.089744 0.115385 0.141026 0.166667 0.192308 0.217949 0.243590 0.269231 0.294872 0.320513 0.346154 0.371795 0.397436 0.423077 0.448718 0.474359 0.500000 0.525641 0.551282 0.576923 0.602564 0.628205 0.653846 0.679487 0.705128 0.730769 0.756410 0.782051 0.807692 0.833333 0.858974 0.884615 0.910256 0.935897 0.961538 0.987179 
0 0.1677870 0.2209150 0.5816130 0.2188560 0.5818790 0.2405140 0.1680540 0.242572
въ 8-мь часовъ вечера.—.
0.020833 0.062500 0.104167 0.145833 0.187500 0.229167 0.270833 0.312500 0.354167 0.395833 0.437500 0.479167 0.520833 0.562500 0.604167 0.645833 0.687500 0.729167 0.770833 0.812500 0.854167 0.895833 0.937500 0.979167 
0 0.1686180 0.2603840 0.6769330 0.2572810 0.6772600 0.2789230 0.1689450 0.282026
7-е. Начали жать рожь.
0.022727 0.068182 0.113636 0.159091 0.204545 0.250000 0.295455 0.340909 0.386364 0.431818 0.477273 0.522727 0.568182 0.613636 0.659091 0.704545 0.750000 0.795455 0.840909 0.886364 0.931818 0.977273 
0 0.1676970 0.3011450 0.9384520 0.2958550 0.9388590 0.3198560 0.1681040 0.325146
8-е. Уѣхалъ въ Москву.—. Сборъ въ Степную.
0.011905 0.035714 0.059524 0.083333 0.107143 0.130952 0.154762 0.178571 0.202381 0.226190 0.250000 0.273810 0.297619 0.321429 0.345238 0.369048 0.392857 0.416667 0.440476 0.464286 0.488095 0.511905 0.535714 0.559524 0.583333 0.607143 0.630952 0.654762 0.678571 0.702381 0.726190 0.750000 0.773810 0.797619 0.821429 0.845238 0.869048 0.892857 0.916667 0.940476 0.964286 0.988095 
0 0.1658670 0.3435730 0.9173960 0.3373170 0.9178850 0.3610830 0.1663560 0.367339
9. 10. 11. 12. Въ Москвѣ хлопоты по
0.014286 0.042857 0.071429 0.100000 0.128571 0.157143 0.185714 0.214286 0.242857 0.271429 0.300000 0.328571 0.357143 0.385714 0.414286 0.442857 0.471429 0.500000 0.528571 0.557143 0.585714 0.614286 0.642857 0.671429 0.700000 0.728571 0.757143 0.785714 0.814286 0.842857 0.871429 0.900000 0.928571 0.957143 0.985714 
0 0.1605630 0.3876590 0.9234650 0.3792190 0.9240550 0.4007830 0.1611530 0.409222
дѣламъ Anaïs — договоръ съ Адвока-
0.014706 0.044118 0.073529 0.102941 0.132353 0.161765 0.191176 0.220588 0.250000 0.279412 0.308824 0.338235 0.367647 0.397059 0.426471 0.455882 0.485294 0.514706 0.544118 0.573529 0.602941 0.632353 0.661765 0.691176 0.720588 0.750000 0.779412 0.808824 0.838235 0.867647 0.897059 0.926471 0.955882 0.985294 
0 0.1694530 0.4299380 0.9411050 0.4242960 0.9414950 0.4458710 0.1698430 0.451513
томъ Кольрейфомъ. Подписано условіе —
0.013514 0.040541 0.067568 0.094595 0.121622 0.148649 0.175676 0.202703 0.229730 0.256757 0.283784 0.310811 0.337838 0.364865 0.391892 0.418919 0.445946 0.472973 0.500000 0.527027 0.554054 0.581081 0.608108 0.635135 0.662162 0.689189 0.716216 0.743243 0.770270 0.797297 0.824324 0.851351 0.878378 0.905405 0.932432 0.959459 0.986486 
0 0.1821750 0.4760660 0.8645660 0.4638500 0.8656320 0.4879300 0.1832400 0.500146
13-е и 14-е. Окончаніе дѣла. Выѣхали
0.013889 0.041667 0.069444 0.097222 0.125000 0.152778 0.180556 0.208333 0.236111 0.263889 0.291667 0.319444 0.347222 0.375000 0.402778 0.430556 0.458333 0.486111 0.513889 0.541667 0.569444 0.597222 0.625000 0.652778 0.680556 0.708333 0.736111 0.763889 0.791667 0.819444 0.847222 0.875000 0.902778 0.930556 0.958333 0.986111 
0 0.1850780 0.5194520 0.9261100 0.5116520 0.9266710 0.5332230 0.1856390 0.541023
въ Воскресенское. Рожь сжата роди-
0.014706 0.044118 0.073529 0.102941 0.132353 0.161765 0.191176 0.220588 0.250000 0.279412 0.308824 0.338235 0.367647 0.397059 0.426471 0.455882 0.485294 0.514706 0.544118 0.573529 0.602941 0.632353 0.661765 0.691176 0.720588 0.750000 0.779412 0.808824 0.838235 0.867647 0.897059 0.926471 0.955882 0.985294 
0 0.1849430 0.5702030 0.8603550 0.5606230 0.8611100 0.5821800 0.1856990 0.591759
лась по 22 копны на десятинѣ.
0.017241 0.051724 0.086207 0.120690 0.155172 0.189655 0.224138 0.258621 0.293103 0.327586 0.362069 0.396552 0.431034 0.465517 0.500000 0.534483 0.568966 0.603448 0.637931 0.672414 0.706897 0.741379 0.775862 0.810345 0.844828 0.879310 0.913793 0.948276 0.982759 
0 0.1878130 0.6105200 0.9498340 0.6055170 0.9502290 0.6298170 0.1882080 0.634820
15-е. Чувствую себя здраво. Ст. прохладно.
0.011905 0.035714 0.059524 0.083333 0.107143 0.130952 0.154762 0.178571 0.202381 0.226190 0.250000 0.273810 0.297619 0.321429 0.345238 0.369048 0.392857 0.416667 0.440476 0.464286 0.488095 0.511905 0.535714 0.559524 0.583333 0.607143 0.630952 0.654762 0.678571 0.702381 0.726190 0.750000 0.773810 0.797619 0.821429 0.845238 0.869048 0.892857 0.916667 0.940476 0.964286 0.988095 
0 0.1857730 0.6549510 0.8191570 0.6460840 0.8199800 0.6698830 0.1865970 0.678750
16-е. У Закревскихъ вѣсь день.
0.016667 0.050000 0.083333 0.116667 0.150000 0.183333 0.216667 0.250000 0.283333 0.316667 0.350000 0.383333 0.416667 0.450000 0.483333 0.516667 0.550000 0.583333 0.616667 0.650000 0.683333 0.716667 0.750000 0.783333 0.816667 0.850000 0.883333 0.916667 0.950000 0.983333 
0 0.1842000 0.6970600 0.9514400 0.6888780 0.9520780 0.7130970 0.1848390 0.721279
17-е. Всталъ поздно — сонъ хорошъ —
0.014286 0.042857 0.071429 0.100000 0.128571 0.157143 0.185714 0.214286 0.242857 0.271429 0.300000 0.328571 0.357143 0.385714 0.414286 0.442857 0.471429 0.500000 0.528571 0.557143 0.585714 0.614286 0.642857 0.671429 0.700000 0.728571 0.757143 0.785714 0.814286 0.842857 0.871429 0.900000 0.928571 0.957143 0.985714 
0 0.1960100 0.7470810 0.9527210 0.7332820 0.9539010 0.7594760 0.1971910 0.773274
18-е. Выѣхалъ въ Москву за отпускомъ
0.013889 0.041667 0.069444 0.097222 0.125000 0.152778 0.180556 0.208333 0.236111 0.263889 0.291667 0.319444 0.347222 0.375000 0.402778 0.430556 0.458333 0.486111 0.513889 0.541667 0.569444 0.597222 0.625000 0.652778 0.680556 0.708333 0.736111 0.763889 0.791667 0.819444 0.847222 0.875000 0.902778 0.930556 0.958333 0.986111 
0 0.2009050 0.7960660 0.7509950 0.7792860 0.7528660 0.8040940 0.2027760 0.820874
19. 20. 21. 22. Въ Москвѣ.
0.019231 0.057692 0.096154 0.134615 0.173077 0.211538 0.250000 0.288462 0.326923 0.365385 0.403846 0.442308 0.480769 0.519231 0.557692 0.596154 0.634615 0.673077 0.711538 0.750000 0.788462 0.826923 0.865385 0.903846 0.942308 0.980769 
0 0.2058830 0.8396430 0.8821390 0.8303080 0.8829690 0.8546350 0.2067130 0.863970
23. Пріѣхали въ Воскресенское въ
0.015625 0.046875 0.078125 0.109375 0.140625 0.171875 0.203125 0.234375 0.265625 0.296875 0.328125 0.359375 0.390625 0.421875 0.453125 0.484375 0.515625 0.546875 0.578125 0.609375 0.640625 0.671875 0.703125 0.734375 0.765625 0.796875 0.828125 0.859375 0.890625 0.921875 0.953125 0.984375 
0 0.2228870 0.8867340 0.4004840 0.8816460 0.4020110 0.9032050 0.2244130 0.908292
брэкѣ.—.
0.062500 0.187500 0.312500 0.437500 0.562500 0.687500 0.812500 0.937500 
0 0.2072270 0.9195400 0.9187050 0.8950860 0.9211090 0.9233760 0.2096310 0.947830
24. У Князя Четверт. на имянинахъ.
0.014706 0.044118 0.073529 0.102941 0.132353 0.161765 0.191176 0.220588 0.250000 0.279412 0.308824 0.338235 0.367647 0.397059 0.426471 0.455882 0.485294 0.514706 0.544118 0.573529 0.602941 0.632353 0.661765 0.691176 0.720588 0.750000 0.779412 0.808824 0.838235 0.867647 0.897059 0.926471 0.955882 0.985294 
