0 0.0738910 0.0279780 0.2852780 0.0261540 0.2857180 0.0477600 0.0743320 0.049583
1855. Октябрь
0.038462 0.115385 0.192308 0.269231 0.346154 0.423077 0.500000 0.576923 0.653846 0.730769 0.807692 0.884615 0.961538 
0 0.1203300 0.0882580 0.8951010 0.0781280 0.8959080 0.1042490 0.1211380 0.114378
Устроить отличную плотину на Плавицѣ и
0.013158 0.039474 0.065789 0.092105 0.118421 0.144737 0.171053 0.197368 0.223684 0.250000 0.276316 0.302632 0.328947 0.355263 0.381579 0.407895 0.434211 0.460526 0.486842 0.513158 0.539474 0.565789 0.592105 0.618421 0.644737 0.671053 0.697368 0.723684 0.750000 0.776316 0.802632 0.828947 0.855263 0.881579 0.907895 0.934211 0.960526 0.986842 
0 0.1093640 0.1250080 0.8885010 0.1207170 0.8888200 0.1452460 0.1096830 0.149536
запасную въ Каменномъ верьху. Поднять воду
0.011905 0.035714 0.059524 0.083333 0.107143 0.130952 0.154762 0.178571 0.202381 0.226190 0.250000 0.273810 0.297619 0.321429 0.345238 0.369048 0.392857 0.416667 0.440476 0.464286 0.488095 0.511905 0.535714 0.559524 0.583333 0.607143 0.630952 0.654762 0.678571 0.702381 0.726190 0.750000 0.773810 0.797619 0.821429 0.845238 0.869048 0.892857 0.916667 0.940476 0.964286 0.988095 
0 0.1152990 0.1648940 0.9522260 0.1575180 0.9526750 0.1790880 0.1157490 0.186464
еще на 2 или даже на 3. аршина — такъ чтобы
0.011628 0.034884 0.058140 0.081395 0.104651 0.127907 0.151163 0.174419 0.197674 0.220930 0.244186 0.267442 0.290698 0.313953 0.337209 0.360465 0.383721 0.406977 0.430233 0.453488 0.476744 0.500000 0.523256 0.546512 0.569767 0.593023 0.616279 0.639535 0.662791 0.686047 0.709302 0.732558 0.755814 0.779070 0.802326 0.825581 0.848837 0.872093 0.895349 0.918605 0.941860 0.965116 0.988372 
0 0.1186630 0.2016840 0.9288660 0.1930290 0.9294700 0.2169370 0.1192670 0.225591
рабочей воды было до 3 аршинъ. Поставить
0.012500 0.037500 0.062500 0.087500 0.112500 0.137500 0.162500 0.187500 0.212500 0.237500 0.262500 0.287500 0.312500 0.337500 0.362500 0.387500 0.412500 0.437500 0.462500 0.487500 0.512500 0.537500 0.562500 0.587500 0.612500 0.637500 0.662500 0.687500 0.712500 0.737500 0.762500 0.787500 0.812500 0.837500 0.862500 0.887500 0.912500 0.937500 0.962500 0.987500 
0 0.1192130 0.2418880 0.9682530 0.2287380 0.9691960 0.2545130 0.1201560 0.267662
Мател. колесо такъ чтобы промывной барабанъ,
0.011364 0.034091 0.056818 0.079545 0.102273 0.125000 0.147727 0.170455 0.193182 0.215909 0.238636 0.261364 0.284091 0.306818 0.329545 0.352273 0.375000 0.397727 0.420455 0.443182 0.465909 0.488636 0.511364 0.534091 0.556818 0.579545 0.602273 0.625000 0.647727 0.670455 0.693182 0.715909 0.738636 0.761364 0.784091 0.806818 0.829545 0.852273 0.875000 0.897727 0.920455 0.943182 0.965909 0.988636 
0 0.1222210 0.2740500 0.9289550 0.2681300 0.9293610 0.2914960 0.1226260 0.297416
терка, прессы, турбины и безвоздушный шли
0.012195 0.036585 0.060976 0.085366 0.109756 0.134146 0.158537 0.182927 0.207317 0.231707 0.256098 0.280488 0.304878 0.329268 0.353659 0.378049 0.402439 0.426829 0.451220 0.475610 0.500000 0.524390 0.548780 0.573171 0.597561 0.621951 0.646341 0.670732 0.695122 0.719512 0.743902 0.768293 0.792683 0.817073 0.841463 0.865854 0.890244 0.914634 0.939024 0.963415 0.987805 
0 0.1266890 0.3129450 0.9662050 0.3100310 0.9664030 0.3341670 0.1268870 0.337081
отъ вод. колеса — останется для дровъ выпарка,
0.010870 0.032609 0.054348 0.076087 0.097826 0.119565 0.141304 0.163043 0.184783 0.206522 0.228261 0.250000 0.271739 0.293478 0.315217 0.336957 0.358696 0.380435 0.402174 0.423913 0.445652 0.467391 0.489130 0.510870 0.532609 0.554348 0.576087 0.597826 0.619565 0.641304 0.663043 0.684783 0.706522 0.728261 0.750000 0.771739 0.793478 0.815217 0.836957 0.858696 0.880435 0.902174 0.923913 0.945652 0.967391 0.989130 
0 0.1335150 0.3568760 0.9523220 0.3527480 0.9526170 0.3774930 0.1338100 0.381620
#
0.500000 
0 0.1317540 0.3963370 0.9712630 0.3902650 0.9716890 0.4151880 0.1321800 0.421259
#
0.500000 
0 0.1254350 0.4402530 0.9304580 0.4302400 0.9311760 0.4546530 0.1261530 0.464666
#
0.500000 
0 0.1299850 0.4812970 0.9211950 0.4757610 0.9215960 0.5000360 0.1303860 0.505571
#
0.500000 
0 0.1273900 0.5223540 0.9280780 0.5155390 0.9285120 0.5371120 0.1278240 0.543927
#
0.500000 
0 0.1315000 0.5616450 0.9632510 0.5498540 0.9640450 0.5735310 0.1322930 0.585321
#
0.500000 
0 0.1316470 0.5967790 0.9737130 0.5883980 0.9742700 0.6120720 0.1322040 0.620453
#
0.500000 
0 0.1266950 0.6311760 0.9575920 0.6283100 0.9577800 0.6513450 0.1268830 0.654211
#
0.500000 
0 0.1271080 0.6620360 0.9717490 0.6672960 0.9713690 0.6931510 0.1267280 0.687891
#
0.500000 
0 0.1211660 0.7024010 0.9762290 0.6929060 0.9768820 0.7177770 0.1218190 0.727271
#
0.500000 
0 0.1214890 0.7288750 0.9696460 0.7256490 0.9698670 0.7503180 0.1217110 0.753544
#
0.500000 
0 0.1214210 0.7663020 0.9661190 0.7615370 0.9664360 0.7853220 0.1217380 0.790087
#
0.500000 
0 0.1206450 0.8001180 0.9627500 0.7971900 0.9629480 0.8213760 0.1208440 0.824303
#
0.500000 
0 0.1220430 0.8363960 0.9305680 0.8271970 0.9312140 0.8511800 0.1226880 0.860379
#
0.500000 
0 0.1192510 0.8713890 0.9758920 0.8573120 0.9769370 0.8842250 0.1202970 0.898302
#
0.500000 
0 0.1249340 0.9089860 0.9532330 0.9049880 0.9534800 0.9265750 0.1251800 0.930573
#
0.500000 
0 0.1255410 0.9452920 0.6199410 0.9400360 0.6205260 0.9633100 0.1261260 0.968566
#
0.500000 
