0 0.1085530 0.0936560 0.9644100 0.0771960 0.9656150 0.1034110 0.1097570 0.119871
29-е. Въ дорогѣ. Холодно. Простудился. Встрѣча въ Вла-
0.009259 0.027778 0.046296 0.064815 0.083333 0.101852 0.120370 0.138889 0.157407 0.175926 0.194444 0.212963 0.231481 0.250000 0.268519 0.287037 0.305556 0.324074 0.342593 0.361111 0.379630 0.398148 0.416667 0.435185 0.453704 0.472222 0.490741 0.509259 0.527778 0.546296 0.564815 0.583333 0.601852 0.620370 0.638889 0.657407 0.675926 0.694444 0.712963 0.731481 0.750000 0.768519 0.787037 0.805556 0.824074 0.842593 0.861111 0.879630 0.898148 0.916667 0.935185 0.953704 0.972222 0.990741 
0 0.0929100 0.1238640 0.9189550 0.1185700 0.9194010 0.1476980 0.0933560 0.152991
димірѣ съ какимъ ополченскимъ офицеромъ.
0.012500 0.037500 0.062500 0.087500 0.112500 0.137500 0.162500 0.187500 0.212500 0.237500 0.262500 0.287500 0.312500 0.337500 0.362500 0.387500 0.412500 0.437500 0.462500 0.487500 0.512500 0.537500 0.562500 0.587500 0.612500 0.637500 0.662500 0.687500 0.712500 0.737500 0.762500 0.787500 0.812500 0.837500 0.862500 0.887500 0.912500 0.937500 0.962500 0.987500 
0 0.1079650 0.1623820 0.9650690 0.1584660 0.9653970 0.1885210 0.1082930 0.192437
Популярность и всеобщая извѣстность Кречинскаго.
0.010417 0.031250 0.052083 0.072917 0.093750 0.114583 0.135417 0.156250 0.177083 0.197917 0.218750 0.239583 0.260417 0.281250 0.302083 0.322917 0.343750 0.364583 0.385417 0.406250 0.427083 0.447917 0.468750 0.489583 0.510417 0.531250 0.552083 0.572917 0.593750 0.614583 0.635417 0.656250 0.677083 0.697917 0.718750 0.739583 0.760417 0.781250 0.802083 0.822917 0.843750 0.864583 0.885417 0.906250 0.927083 0.947917 0.968750 0.989583 
0 0.1178090 0.2038550 0.9420960 0.1945310 0.9428010 0.2206070 0.1185130 0.229931
Его уже играютъ во всей Россіи. Успѣхъ одинъ вездѣ.
0.009804 0.029412 0.049020 0.068627 0.088235 0.107843 0.127451 0.147059 0.166667 0.186275 0.205882 0.225490 0.245098 0.264706 0.284314 0.303922 0.323529 0.343137 0.362745 0.382353 0.401961 0.421569 0.441176 0.460784 0.480392 0.500000 0.519608 0.539216 0.558824 0.578431 0.598039 0.617647 0.637255 0.656863 0.676471 0.696078 0.715686 0.735294 0.754902 0.774510 0.794118 0.813725 0.833333 0.852941 0.872549 0.892157 0.911765 0.931373 0.950980 0.970588 0.990196 
0 0.1235370 0.2422020 0.9729260 0.2389640 0.9731750 0.2663390 0.1237870 0.269578
30-е въ 11 часовъ утра никѣмъ неожиданный пріе-
0.010638 0.031915 0.053191 0.074468 0.095745 0.117021 0.138298 0.159574 0.180851 0.202128 0.223404 0.244681 0.265957 0.287234 0.308511 0.329787 0.351064 0.372340 0.393617 0.414894 0.436170 0.457447 0.478723 0.500000 0.521277 0.542553 0.563830 0.585106 0.606383 0.627660 0.648936 0.670213 0.691489 0.712766 0.734043 0.755319 0.776596 0.797872 0.819149 0.840426 0.861702 0.882979 0.904255 0.925532 0.946809 0.968085 0.989362 
0 0.1210910 0.2794080 0.9250400 0.2751290 0.9253690 0.3009330 0.1214190 0.305212
халъ на Выксу — отецъ былъ радъ, онъ постарѣлъ
0.010870 0.032609 0.054348 0.076087 0.097826 0.119565 0.141304 0.163043 0.184783 0.206522 0.228261 0.250000 0.271739 0.293478 0.315217 0.336957 0.358696 0.380435 0.402174 0.423913 0.445652 0.467391 0.489130 0.510870 0.532609 0.554348 0.576087 0.597826 0.619565 0.641304 0.663043 0.684783 0.706522 0.728261 0.750000 0.771739 0.793478 0.815217 0.836957 0.858696 0.880435 0.902174 0.923913 0.945652 0.967391 0.989130 
0 0.1298650 0.3145020 0.9732030 0.3060870 0.9738470 0.3331280 0.1305100 0.341542
нѣсколько потолстѣлъ и въ голосѣ заметна перемѣна
0.010204 0.030612 0.051020 0.071429 0.091837 0.112245 0.132653 0.153061 0.173469 0.193878 0.214286 0.234694 0.255102 0.275510 0.295918 0.316327 0.336735 0.357143 0.377551 0.397959 0.418367 0.438776 0.459184 0.479592 0.500000 0.520408 0.540816 0.561224 0.581633 0.602041 0.622449 0.642857 0.663265 0.683673 0.704082 0.724490 0.744898 0.765306 0.785714 0.806122 0.826531 0.846939 0.867347 0.887755 0.908163 0.928571 0.948980 0.969388 0.989796 
0 0.1330270 0.3453560 0.9751760 0.3405290 0.9755780 0.3698720 0.1334280 0.374699
нѣтъ твердости. На Выксѣ сосѣди Соловые, Сестра
0.010638 0.031915 0.053191 0.074468 0.095745 0.117021 0.138298 0.159574 0.180851 0.202128 0.223404 0.244681 0.265957 0.287234 0.308511 0.329787 0.351064 0.372340 0.393617 0.414894 0.436170 0.457447 0.478723 0.500000 0.521277 0.542553 0.563830 0.585106 0.606383 0.627660 0.648936 0.670213 0.691489 0.712766 0.734043 0.755319 0.776596 0.797872 0.819149 0.840426 0.861702 0.882979 0.904255 0.925532 0.946809 0.968085 0.989362 
0 0.1368630 0.3802990 0.9330390 0.3799870 0.9330610 0.4039880 0.1368850 0.404299
Сальясъ, Ник. Шепелевъ и Дмоховскій. Николай
0.011364 0.034091 0.056818 0.079545 0.102273 0.125000 0.147727 0.170455 0.193182 0.215909 0.238636 0.261364 0.284091 0.306818 0.329545 0.352273 0.375000 0.397727 0.420455 0.443182 0.465909 0.488636 0.511364 0.534091 0.556818 0.579545 0.602273 0.625000 0.647727 0.670455 0.693182 0.715909 0.738636 0.761364 0.784091 0.806818 0.829545 0.852273 0.875000 0.897727 0.920455 0.943182 0.965909 0.988636 
0 0.1434370 0.4119320 0.9641180 0.4115760 0.9641430 0.4358130 0.1434620 0.436168
#
0.500000 
0 0.1432750 0.4436970 0.9705150 0.4402450 0.9707710 0.4659770 0.1435320 0.469428
#
0.500000 
0 0.1305950 0.4742710 0.9470920 0.4690500 0.9474920 0.4952250 0.1309950 0.500446
#
0.500000 
0 0.1490590 0.5075740 0.4443290 0.5045490 0.4448630 0.5263510 0.1495930 0.529375
#
0.500000 
0 0.1488020 0.5342970 0.9324360 0.5234550 0.9332660 0.5485540 0.1496320 0.559396
#
0.500000 
0 0.1499150 0.5685160 0.9478920 0.5665050 0.9480440 0.5917730 0.1500670 0.593785
#
0.500000 
0 0.1498040 0.6057300 0.8957580 0.6019320 0.8960700 0.6275950 0.1501160 0.631394
#
0.500000 
0 0.1604180 0.6426060 0.9649160 0.6348590 0.9654740 0.6591140 0.1609760 0.666861
#
0.500000 
0 0.1629030 0.6764650 0.9770200 0.6822220 0.9765820 0.7081630 0.1624650 0.702406
#
0.500000 
0 0.1648120 0.7111470 0.9789420 0.7176740 0.9783660 0.7477050 0.1642370 0.741178
#
0.500000 
0 0.1636720 0.7554740 0.3800440 0.7512860 0.3810500 0.7730510 0.1646780 0.777240
#
0.500000 
0 0.0378390 0.7887810 0.9791810 0.7807550 0.9798030 0.8112920 0.0384610 0.819318
Іюнь. 1-е. Рано утромъ съ Соринымъ выѣхалъ на Снаведь.
0.009259 0.027778 0.046296 0.064815 0.083333 0.101852 0.120370 0.138889 0.157407 0.175926 0.194444 0.212963 0.231481 0.250000 0.268519 0.287037 0.305556 0.324074 0.342593 0.361111 0.379630 0.398148 0.416667 0.435185 0.453704 0.472222 0.490741 0.509259 0.527778 0.546296 0.564815 0.583333 0.601852 0.620370 0.638889 0.657407 0.675926 0.694444 0.712963 0.731481 0.750000 0.768519 0.787037 0.805556 0.824074 0.842593 0.861111 0.879630 0.898148 0.916667 0.935185 0.953704 0.972222 0.990741 
0 0.1637050 0.8265510 0.9473660 0.8153070 0.9482430 0.8408910 0.1645820 0.852136
#
0.500000 
0 0.1677060 0.8590470 0.9124840 0.8544080 0.9128340 0.8779410 0.1680560 0.882580
#
0.500000 
0 0.1730740 0.8936690 0.5807230 0.8906780 0.5811020 0.9122880 0.1734530 0.915279
#
0.500000 
0 0.1642120 0.9239840 0.8713000 0.9116040 0.8723450 0.9365750 0.1652560 0.948955
#
0.500000 
