0 0.0890720 0.0770810 0.9270720 0.0706290 0.9275330 0.0946160 0.0895330 0.101068
7-е. Утро обдался. Pf. 90°. Работалъ въ саду. Возвратясь
0.008929 0.026786 0.044643 0.062500 0.080357 0.098214 0.116071 0.133929 0.151786 0.169643 0.187500 0.205357 0.223214 0.241071 0.258929 0.276786 0.294643 0.312500 0.330357 0.348214 0.366071 0.383929 0.401786 0.419643 0.437500 0.455357 0.473214 0.491071 0.508929 0.526786 0.544643 0.562500 0.580357 0.598214 0.616071 0.633929 0.651786 0.669643 0.687500 0.705357 0.723214 0.741071 0.758929 0.776786 0.794643 0.812500 0.830357 0.848214 0.866071 0.883929 0.901786 0.919643 0.937500 0.955357 0.973214 0.991071 
0 0.0970500 0.1196770 0.9266540 0.1065700 0.9276510 0.1318520 0.0980470 0.144959
одѣлся и чувствую себя отлично. Не понимаю какъ
0.010638 0.031915 0.053191 0.074468 0.095745 0.117021 0.138298 0.159574 0.180851 0.202128 0.223404 0.244681 0.265957 0.287234 0.308511 0.329787 0.351064 0.372340 0.393617 0.414894 0.436170 0.457447 0.478723 0.500000 0.521277 0.542553 0.563830 0.585106 0.606383 0.627660 0.648936 0.670213 0.691489 0.712766 0.734043 0.755319 0.776596 0.797872 0.819149 0.840426 0.861702 0.882979 0.904255 0.925532 0.946809 0.968085 0.989362 
0 0.1054220 0.1586830 0.9524340 0.1447500 0.9534630 0.1698070 0.1064510 0.183741
у меня нѣтъ довольно твердости чтобы удерживать
0.010638 0.031915 0.053191 0.074468 0.095745 0.117021 0.138298 0.159574 0.180851 0.202128 0.223404 0.244681 0.265957 0.287234 0.308511 0.329787 0.351064 0.372340 0.393617 0.414894 0.436170 0.457447 0.478723 0.500000 0.521277 0.542553 0.563830 0.585106 0.606383 0.627660 0.648936 0.670213 0.691489 0.712766 0.734043 0.755319 0.776596 0.797872 0.819149 0.840426 0.861702 0.882979 0.904255 0.925532 0.946809 0.968085 0.989362 
0 0.1017060 0.2003020 0.9488090 0.1841730 0.9499700 0.2086040 0.1028670 0.224733
этотъ порядокъ жизни — это просто свое ради
0.011628 0.034884 0.058140 0.081395 0.104651 0.127907 0.151163 0.174419 0.197674 0.220930 0.244186 0.267442 0.290698 0.313953 0.337209 0.360465 0.383721 0.406977 0.430233 0.453488 0.476744 0.500000 0.523256 0.546512 0.569767 0.593023 0.616279 0.639535 0.662791 0.686047 0.709302 0.732558 0.755814 0.779070 0.802326 0.825581 0.848837 0.872093 0.895349 0.918605 0.941860 0.965116 0.988372 
0 0.1104340 0.2399130 0.9004770 0.2287450 0.9012470 0.2505670 0.1112040 0.261735
благополучія. Даю себѣ обѣдъ письменно — во
0.011628 0.034884 0.058140 0.081395 0.104651 0.127907 0.151163 0.174419 0.197674 0.220930 0.244186 0.267442 0.290698 0.313953 0.337209 0.360465 0.383721 0.406977 0.430233 0.453488 0.476744 0.500000 0.523256 0.546512 0.569767 0.593023 0.616279 0.639535 0.662791 0.686047 0.709302 0.732558 0.755814 0.779070 0.802326 0.825581 0.848837 0.872093 0.895349 0.918605 0.941860 0.965116 0.988372 
0 0.1050080 0.2772560 0.9388420 0.2649220 0.9396470 0.2867360 0.1058140 0.299071
что бы то ни стало — этотъ порядокъ, для
0.012500 0.037500 0.062500 0.087500 0.112500 0.137500 0.162500 0.187500 0.212500 0.237500 0.262500 0.287500 0.312500 0.337500 0.362500 0.387500 0.412500 0.437500 0.462500 0.487500 0.512500 0.537500 0.562500 0.587500 0.612500 0.637500 0.662500 0.687500 0.712500 0.737500 0.762500 0.787500 0.812500 0.837500 0.862500 0.887500 0.912500 0.937500 0.962500 0.987500 
0 0.1103320 0.3128230 0.9489630 0.2987330 0.9498780 0.3205450 0.1112470 0.334635
труда и въ трудѣ — если не исполню отказы-
0.011905 0.035714 0.059524 0.083333 0.107143 0.130952 0.154762 0.178571 0.202381 0.226190 0.250000 0.273810 0.297619 0.321429 0.345238 0.369048 0.392857 0.416667 0.440476 0.464286 0.488095 0.511905 0.535714 0.559524 0.583333 0.607143 0.630952 0.654762 0.678571 0.702381 0.726190 0.750000 0.773810 0.797619 0.821429 0.845238 0.869048 0.892857 0.916667 0.940476 0.964286 0.988095 
0 0.1042960 0.3494190 0.9213620 0.3373120 0.9222740 0.3619680 0.1052080 0.374075
ваюсь отъ пр имени человѣка съ характеромъ. —
0.011111 0.033333 0.055556 0.077778 0.100000 0.122222 0.144444 0.166667 0.188889 0.211111 0.233333 0.255556 0.277778 0.300000 0.322222 0.344444 0.366667 0.388889 0.411111 0.433333 0.455556 0.477778 0.500000 0.522222 0.544444 0.566667 0.588889 0.611111 0.633333 0.655556 0.677778 0.700000 0.722222 0.744444 0.766667 0.788889 0.811111 0.833333 0.855556 0.877778 0.900000 0.922222 0.944444 0.966667 0.988889 
0 0.0901590 0.3912800 0.8724470 0.3734610 0.8740160 0.4010560 0.0917280 0.418874
День свѣжій — по утру морозитъ.—. Вечеромъ
0.011905 0.035714 0.059524 0.083333 0.107143 0.130952 0.154762 0.178571 0.202381 0.226190 0.250000 0.273810 0.297619 0.321429 0.345238 0.369048 0.392857 0.416667 0.440476 0.464286 0.488095 0.511905 0.535714 0.559524 0.583333 0.607143 0.630952 0.654762 0.678571 0.702381 0.726190 0.750000 0.773810 0.797619 0.821429 0.845238 0.869048 0.892857 0.916667 0.940476 0.964286 0.988095 
0 0.0967980 0.4319140 0.1993660 0.4292770 0.2007620 0.4510190 0.0981930 0.453656
свѣжо.
0.083333 0.250000 0.416667 0.583333 0.750000 0.916667 
0 0.0988040 0.4536310 0.9141430 0.4418470 0.9151380 0.4694170 0.0997990 0.481201
#
0.500000 
0 0.1042090 0.4910320 0.9110640 0.4761850 0.9121210 0.4991980 0.1052670 0.514045
#
0.500000 
0 0.1004030 0.5217100 0.8694540 0.5148890 0.8699680 0.5380990 0.1009170 0.544921
#
0.500000 
0 0.0853830 0.5582250 0.9138120 0.5617430 0.9135470 0.5867600 0.0851180 0.583241
#
0.500000 
0 0.1117360 0.5951930 0.7368030 0.5973160 0.7365930 0.6220180 0.1115270 0.619895
#
0.500000 
0 0.1167200 0.6363380 0.8821580 0.6317680 0.8825130 0.6555820 0.1170750 0.660152
#
0.500000 
0 0.1063250 0.6709560 0.7565930 0.6644300 0.7572040 0.6887950 0.1069350 0.695321
#
0.500000 
0 0.1067750 0.7067680 0.9142220 0.6954310 0.9150510 0.7190810 0.1076040 0.730418
#
0.500000 
0 0.1407730 0.7382590 0.9092170 0.7347050 0.9094900 0.7582870 0.1410450 0.761842
#
0.500000 
0 0.1100050 0.7793720 0.4363280 0.7710250 0.4377180 0.7927910 0.1113950 0.801139
#
0.500000 
0 0.1140200 0.8062270 0.9106860 0.7972850 0.9114160 0.8233250 0.1147490 0.832267
13-е. Въ Траслѣе — убилъ 2. бекасовъ и гаршнепа —
0.010204 0.030612 0.051020 0.071429 0.091837 0.112245 0.132653 0.153061 0.173469 0.193878 0.214286 0.234694 0.255102 0.275510 0.295918 0.316327 0.336735 0.357143 0.377551 0.397959 0.418367 0.438776 0.459184 0.479592 0.500000 0.520408 0.540816 0.561224 0.581633 0.602041 0.622449 0.642857 0.663265 0.683673 0.704082 0.724490 0.744898 0.765306 0.785714 0.806122 0.826531 0.846939 0.867347 0.887755 0.908163 0.928571 0.948980 0.969388 0.989796 
0 0.1057640 0.8404950 0.4866900 0.8363960 0.4872750 0.8581760 0.1063490 0.862274
День чудный — жарко.
0.025000 0.075000 0.125000 0.175000 0.225000 0.275000 0.325000 0.375000 0.425000 0.475000 0.525000 0.575000 0.625000 0.675000 0.725000 0.775000 0.825000 0.875000 0.925000 0.975000 
0 0.1171940 0.8714350 0.7116740 0.8655270 0.7122150 0.8873160 0.1177340 0.893223
14-е. Утро на тетеревной охотѣ —
0.015625 0.046875 0.078125 0.109375 0.140625 0.171875 0.203125 0.234375 0.265625 0.296875 0.328125 0.359375 0.390625 0.421875 0.453125 0.484375 0.515625 0.546875 0.578125 0.609375 0.640625 0.671875 0.703125 0.734375 0.765625 0.796875 0.828125 0.859375 0.890625 0.921875 0.953125 0.984375 
0 0.1172840 0.9035090 0.8833270 0.8976160 0.8837450 0.9193930 0.1177020 0.925287
15-е. Береза начала е распускаться — и одѣлась
0.010870 0.032609 0.054348 0.076087 0.097826 0.119565 0.141304 0.163043 0.184783 0.206522 0.228261 0.250000 0.271739 0.293478 0.315217 0.336957 0.358696 0.380435 0.402174 0.423913 0.445652 0.467391 0.489130 0.510870 0.532609 0.554348 0.576087 0.597826 0.619565 0.641304 0.663043 0.684783 0.706522 0.728261 0.750000 0.771739 0.793478 0.815217 0.836957 0.858696 0.880435 0.902174 0.923913 0.945652 0.967391 0.989130 
0 0.1237230 0.9336980 0.9095660 0.9367210 0.9093570 0.9585650 0.1235140 0.955542
туманомъ распускающейся почьки — кустарники
0.011628 0.034884 0.058140 0.081395 0.104651 0.127907 0.151163 0.174419 0.197674 0.220930 0.244186 0.267442 0.290698 0.313953 0.337209 0.360465 0.383721 0.406977 0.430233 0.453488 0.476744 0.500000 0.523256 0.546512 0.569767 0.593023 0.616279 0.639535 0.662791 0.686047 0.709302 0.732558 0.755814 0.779070 0.802326 0.825581 0.848837 0.872093 0.895349 0.918605 0.941860 0.965116 0.988372 
