0 0.1907840 0.1300060 0.9467430 0.1259010 0.9469590 0.1517150 0.1909990 0.155820
уделывалъ Сцену складчины, когда пріѣхали двое Афремовыхъ
0.008772 0.026316 0.043860 0.061404 0.078947 0.096491 0.114035 0.131579 0.149123 0.166667 0.184211 0.201754 0.219298 0.236842 0.254386 0.271930 0.289474 0.307018 0.324561 0.342105 0.359649 0.377193 0.394737 0.412281 0.429825 0.447368 0.464912 0.482456 0.500000 0.517544 0.535088 0.552632 0.570175 0.587719 0.605263 0.622807 0.640351 0.657895 0.675439 0.692982 0.710526 0.728070 0.745614 0.763158 0.780702 0.798246 0.815789 0.833333 0.850877 0.868421 0.885965 0.903509 0.921053 0.938596 0.956140 0.973684 0.991228 
0 0.1233540 0.1701090 0.9070960 0.1673760 0.9072250 0.1913230 0.1234830 0.194055
4-е. Я ѣздилъ съ ними на хуторъ, смотрѣлъ скотъ и лошадей
0.008772 0.026316 0.043860 0.061404 0.078947 0.096491 0.114035 0.131579 0.149123 0.166667 0.184211 0.201754 0.219298 0.236842 0.254386 0.271930 0.289474 0.307018 0.324561 0.342105 0.359649 0.377193 0.394737 0.412281 0.429825 0.447368 0.464912 0.482456 0.500000 0.517544 0.535088 0.552632 0.570175 0.587719 0.605263 0.622807 0.640351 0.657895 0.675439 0.692982 0.710526 0.728070 0.745614 0.763158 0.780702 0.798246 0.815789 0.833333 0.850877 0.868421 0.885965 0.903509 0.921053 0.938596 0.956140 0.973684 0.991228 
0 0.1899760 0.2022470 0.9296850 0.2028940 0.9296530 0.2267680 0.1899440 0.226121
Любовались отличнымъ кормомъ прессованной мезги. Разговоръ
0.008621 0.025862 0.043103 0.060345 0.077586 0.094828 0.112069 0.129310 0.146552 0.163793 0.181034 0.198276 0.215517 0.232759 0.250000 0.267241 0.284483 0.301724 0.318966 0.336207 0.353448 0.370690 0.387931 0.405172 0.422414 0.439655 0.456897 0.474138 0.491379 0.508621 0.525862 0.543103 0.560345 0.577586 0.594828 0.612069 0.629310 0.646552 0.663793 0.681034 0.698276 0.715517 0.732759 0.750000 0.767241 0.784483 0.801724 0.818966 0.836207 0.853448 0.870690 0.887931 0.905172 0.922414 0.939655 0.956897 0.974138 0.991379 
0 0.1986370 0.2356570 0.9206400 0.2376290 0.9205420 0.2609610 0.1985390 0.258989
о скотоводствѣ и первая мысль устроить большое
0.010870 0.032609 0.054348 0.076087 0.097826 0.119565 0.141304 0.163043 0.184783 0.206522 0.228261 0.250000 0.271739 0.293478 0.315217 0.336957 0.358696 0.380435 0.402174 0.423913 0.445652 0.467391 0.489130 0.510870 0.532609 0.554348 0.576087 0.597826 0.619565 0.641304 0.663043 0.684783 0.706522 0.728261 0.750000 0.771739 0.793478 0.815217 0.836957 0.858696 0.880435 0.902174 0.923913 0.945652 0.967391 0.989130 
0 0.2022410 0.2670660 0.9065060 0.2757850 0.9060410 0.3001700 0.2017760 0.291451
скотоводство и сыровареніе. Поставилъ на пробу 5
0.010417 0.031250 0.052083 0.072917 0.093750 0.114583 0.135417 0.156250 0.177083 0.197917 0.218750 0.239583 0.260417 0.281250 0.302083 0.322917 0.343750 0.364583 0.385417 0.406250 0.427083 0.447917 0.468750 0.489583 0.510417 0.531250 0.552083 0.572917 0.593750 0.614583 0.635417 0.656250 0.677083 0.697917 0.718750 0.739583 0.760417 0.781250 0.802083 0.822917 0.843750 0.864583 0.885417 0.906250 0.927083 0.947917 0.968750 0.989583 
0 0.2020490 0.3025610 0.9441540 0.3068430 0.9439640 0.3282390 0.2018590 0.323957
корытъ чтобы узнать сколько они могутъ съѣсть мезги.
0.009615 0.028846 0.048077 0.067308 0.086538 0.105769 0.125000 0.144231 0.163462 0.182692 0.201923 0.221154 0.240385 0.259615 0.278846 0.298077 0.317308 0.336538 0.355769 0.375000 0.394231 0.413462 0.432692 0.451923 0.471154 0.490385 0.509615 0.528846 0.548077 0.567308 0.586538 0.605769 0.625000 0.644231 0.663462 0.682692 0.701923 0.721154 0.740385 0.759615 0.778846 0.798077 0.817308 0.836538 0.855769 0.875000 0.894231 0.913462 0.932692 0.951923 0.971154 0.990385 
0 0.1991450 0.3372660 0.9139780 0.3403900 0.9138340 0.3617950 0.1990010 0.358670
Обѣдали поздно — вечеромъ они уѣхали. Послѣ ихъ отъѣзда
0.009091 0.027273 0.045455 0.063636 0.081818 0.100000 0.118182 0.136364 0.154545 0.172727 0.190909 0.209091 0.227273 0.245455 0.263636 0.281818 0.300000 0.318182 0.336364 0.354545 0.372727 0.390909 0.409091 0.427273 0.445455 0.463636 0.481818 0.500000 0.518182 0.536364 0.554545 0.572727 0.590909 0.609091 0.627273 0.645455 0.663636 0.681818 0.700000 0.718182 0.736364 0.754545 0.772727 0.790909 0.809091 0.827273 0.845455 0.863636 0.881818 0.900000 0.918182 0.936364 0.954545 0.972727 0.990909 
0 0.1976480 0.3714110 0.9440610 0.3727050 0.9439950 0.3974410 0.1975820 0.396147
отходя спать сдѣлалъ нѣсколько движеній гимнастики
0.010000 0.030000 0.050000 0.070000 0.090000 0.110000 0.130000 0.150000 0.170000 0.190000 0.210000 0.230000 0.250000 0.270000 0.290000 0.310000 0.330000 0.350000 0.370000 0.390000 0.410000 0.430000 0.450000 0.470000 0.490000 0.510000 0.530000 0.550000 0.570000 0.590000 0.610000 0.630000 0.650000 0.670000 0.690000 0.710000 0.730000 0.750000 0.770000 0.790000 0.810000 0.830000 0.850000 0.870000 0.890000 0.910000 0.930000 0.950000 0.970000 0.990000 
0 0.2084860 0.4016680 0.8295370 0.4109870 0.8290430 0.4323730 0.2079920 0.423054
и легъ. Ночью сдѣлалась страшная Indigestion.
0.011111 0.033333 0.055556 0.077778 0.100000 0.122222 0.144444 0.166667 0.188889 0.211111 0.233333 0.255556 0.277778 0.300000 0.322222 0.344444 0.366667 0.388889 0.411111 0.433333 0.455556 0.477778 0.500000 0.522222 0.544444 0.566667 0.588889 0.611111 0.633333 0.655556 0.677778 0.700000 0.722222 0.744444 0.766667 0.788889 0.811111 0.833333 0.855556 0.877778 0.900000 0.922222 0.944444 0.966667 0.988889 
0 0.1648400 0.4337600 0.9198660 0.4417500 0.9194850 0.4651200 0.1644590 0.457131
#
0.500000 
0 0.2040650 0.4723480 0.9284750 0.4795400 0.9281000 0.5040460 0.2036900 0.496854
#
0.500000 
0 0.1992340 0.5125120 0.8862970 0.5173030 0.8860420 0.5410640 0.1989790 0.536274
#
0.500000 
0 0.1990430 0.5492110 0.3665070 0.5492110 0.3665070 0.5702110 0.1990430 0.570211
#
0.500000 
0 0.5181380 0.5636250 0.6760320 0.5633480 0.6760930 0.5860230 0.5181990 0.586299
#
0.500000 
0 0.3488760 0.5671880 0.4431320 0.5655460 0.4437060 0.5869450 0.3494500 0.588588
#
0.500000 
0 0.3457640 0.5944640 0.4409770 0.5957190 0.4405430 0.6171310 0.3453300 0.615876
#
0.500000 
0 0.5246670 0.5938810 0.5815910 0.5910080 0.5832480 0.6123310 0.5263230 0.615204
#
0.500000 
0 0.7174880 0.5870940 0.8792120 0.5856170 0.8795130 0.6070200 0.7177890 0.608497
#
0.500000 
0 0.2250380 0.6262020 0.2905860 0.6253010 0.2910390 0.6467120 0.2254920 0.647614
#
0.500000 
0 0.3510710 0.6217320 0.4223590 0.6198910 0.4232100 0.6412950 0.3519220 0.643136
#
0.500000 
0 0.5155290 0.6188990 0.6762900 0.6137920 0.6773350 0.6351650 0.5165740 0.640273
#
0.500000 
0 0.7186510 0.6098260 0.9813290 0.6097280 0.9813430 0.6334590 0.7186640 0.633557
#
0.500000 
0 0.2172310 0.6534470 0.9382990 0.6393090 0.9390630 0.6646320 0.2179950 0.678771
#
0.500000 
0 0.2173790 0.6845010 0.6030240 0.6798300 0.6034620 0.7033340 0.2178170 0.708005
#
0.500000 
0 0.6915830 0.6788640 0.7600020 0.6794310 0.7597290 0.7008120 0.6913100 0.700245
#
0.500000 
0 0.8379780 0.6796690 0.9135740 0.6802430 0.9133240 0.7016240 0.8377280 0.701050
#
0.500000 
0 0.2240090 0.7323900 0.9594030 0.7347110 0.9592840 0.7592900 0.2238900 0.756969
#
0.500000 
0 0.2237040 0.7777400 0.3562390 0.7764940 0.3565490 0.7979120 0.2240140 0.799158
#
0.500000 
0 0.3936310 0.7892050 0.4577430 0.7901030 0.4572810 0.8115150 0.3931690 0.810617
#
0.500000 
0 0.5064000 0.7801140 0.5800760 0.7776510 0.5811760 0.7990160 0.5074990 0.801479
#
0.500000 
0 0.5048020 0.7911490 0.5832670 0.7928070 0.5825720 0.8142000 0.5041070 0.812543
#
0.500000 
0 0.6066170 0.8366570 0.6342370 0.8315920 0.6645580 0.9390170 0.6369380 0.944082
#
0.500000 
0 0.7078880 0.8223890 0.9370770 0.8202540 0.9374100 0.8435090 0.7082210 0.845643
#
0.500000 
0 0.3880380 0.8558060 0.4612440 0.8558060 0.4612440 0.8768060 0.3880380 0.876806
#
0.500000 
0 0.7732390 0.8711410 0.9033720 0.8659640 0.9046800 0.8873220 0.7745460 0.892499
#
0.500000 
0 0.3966710 0.8811230 0.4617390 0.8798420 0.4623870 0.9012410 0.3973190 0.902522
#
0.500000 
