0 0.0924030 0.0165520 0.2999010 0.0190000 0.2992720 0.0407870 0.0917740 0.038339
1856. Генв.
0.045455 0.136364 0.227273 0.318182 0.409091 0.500000 0.590909 0.681818 0.772727 0.863636 0.954545 
0 0.1244270 0.0718270 0.4057300 0.0748550 0.4051560 0.0966550 0.1238530 0.093628
30. 31. На Выксѣ.
0.029412 0.088235 0.147059 0.205882 0.264706 0.323529 0.382353 0.441176 0.500000 0.558824 0.617647 0.676471 0.735294 0.794118 0.852941 0.911765 0.970588 
0 0.1211150 0.1170710 0.1743570 0.1181140 0.1733210 0.1397120 0.1200790 0.138669
1-е
0.166667 0.500000 0.833333 
0 0.3988590 0.1207200 0.6257120 0.1218460 0.6254480 0.1436210 0.3985940 0.142495
1856 Годъ
0.055556 0.166667 0.277778 0.388889 0.500000 0.611111 0.722222 0.833333 0.944444 
0 0.1219920 0.1678780 0.9048240 0.1762760 0.9041760 0.2009470 0.1213440 0.192549
Новый Годъ встрѣтилъ у Anette Голицыной —
0.012195 0.036585 0.060976 0.085366 0.109756 0.134146 0.158537 0.182927 0.207317 0.231707 0.256098 0.280488 0.304878 0.329268 0.353659 0.378049 0.402439 0.426829 0.451220 0.475610 0.500000 0.524390 0.548780 0.573171 0.597561 0.621951 0.646341 0.670732 0.695122 0.719512 0.743902 0.768293 0.792683 0.817073 0.841463 0.865854 0.890244 0.914634 0.939024 0.963415 0.987805 
0 0.1325310 0.2030680 0.9013400 0.2145730 0.9004170 0.2397790 0.1316080 0.228274
Я, Алек Кутайсовъ, Л. Голиц. An. Голицына
0.012195 0.036585 0.060976 0.085366 0.109756 0.134146 0.158537 0.182927 0.207317 0.231707 0.256098 0.280488 0.304878 0.329268 0.353659 0.378049 0.402439 0.426829 0.451220 0.475610 0.500000 0.524390 0.548780 0.573171 0.597561 0.621951 0.646341 0.670732 0.695122 0.719512 0.743902 0.768293 0.792683 0.817073 0.841463 0.865854 0.890244 0.914634 0.939024 0.963415 0.987805 
0 0.1283750 0.2406520 0.2342370 0.2392940 0.2349200 0.2610400 0.1290580 0.262398
Nelly.
0.083333 0.250000 0.416667 0.583333 0.750000 0.916667 
0 0.1331990 0.2739240 0.8924260 0.2761210 0.8922720 0.2979320 0.1330440 0.295735
2-е. 3-е. 4-е. 5. 6. 7-е. 8. Не выхожу изъ дому и беру
0.009259 0.027778 0.046296 0.064815 0.083333 0.101852 0.120370 0.138889 0.157407 0.175926 0.194444 0.212963 0.231481 0.250000 0.268519 0.287037 0.305556 0.324074 0.342593 0.361111 0.379630 0.398148 0.416667 0.435185 0.453704 0.472222 0.490741 0.509259 0.527778 0.546296 0.564815 0.583333 0.601852 0.620370 0.638889 0.657407 0.675926 0.694444 0.712963 0.731481 0.750000 0.768519 0.787037 0.805556 0.824074 0.842593 0.861111 0.879630 0.898148 0.916667 0.935185 0.953704 0.972222 0.990741 
0 0.1356730 0.3145110 0.9614430 0.3180630 0.9612140 0.3398610 0.1354430 0.336308
тёплыя ванны — они дѣлаютъ мнѣ много пользы.
0.011364 0.034091 0.056818 0.079545 0.102273 0.125000 0.147727 0.170455 0.193182 0.215909 0.238636 0.261364 0.284091 0.306818 0.329545 0.352273 0.375000 0.397727 0.420455 0.443182 0.465909 0.488636 0.511364 0.534091 0.556818 0.579545 0.602273 0.625000 0.647727 0.670455 0.693182 0.715909 0.738636 0.761364 0.784091 0.806818 0.829545 0.852273 0.875000 0.897727 0.920455 0.943182 0.965909 0.988636 
0 0.1431640 0.3516660 0.9622830 0.3592990 0.9617460 0.3828570 0.1426270 0.375225
Pf — даже днемъ. — Занимаюсь изученіемъ сахарнаго
0.010204 0.030612 0.051020 0.071429 0.091837 0.112245 0.132653 0.153061 0.173469 0.193878 0.214286 0.234694 0.255102 0.275510 0.295918 0.316327 0.336735 0.357143 0.377551 0.397959 0.418367 0.438776 0.459184 0.479592 0.500000 0.520408 0.540816 0.561224 0.581633 0.602041 0.622449 0.642857 0.663265 0.683673 0.704082 0.724490 0.744898 0.765306 0.785714 0.806122 0.826531 0.846939 0.867347 0.887755 0.908163 0.928571 0.948980 0.969388 0.989796 
0 0.1337230 0.3963460 0.9395310 0.3969350 0.9394930 0.4185140 0.1336850 0.417926
производства и Альбановскими паровиками —
0.012195 0.036585 0.060976 0.085366 0.109756 0.134146 0.158537 0.182927 0.207317 0.231707 0.256098 0.280488 0.304878 0.329268 0.353659 0.378049 0.402439 0.426829 0.451220 0.475610 0.500000 0.524390 0.548780 0.573171 0.597561 0.621951 0.646341 0.670732 0.695122 0.719512 0.743902 0.768293 0.792683 0.817073 0.841463 0.865854 0.890244 0.914634 0.939024 0.963415 0.987805 
0 0.1361570 0.4380930 0.9213940 0.4388190 0.9213400 0.4626430 0.1361030 0.461916
12, 13. Нѣ На Снаведи — #
0.020000 0.060000 0.100000 0.140000 0.180000 0.220000 0.260000 0.300000 0.340000 0.380000 0.420000 0.460000 0.500000 0.540000 0.580000 0.620000 0.660000 0.700000 0.740000 0.780000 0.820000 0.860000 0.900000 0.940000 0.980000 
0 0.1399060 0.4770580 0.5899950 0.4789440 0.5897710 0.5007890 0.1396820 0.498903
#
0.500000 
0 0.1366410 0.5117680 0.9236170 0.5213520 0.9228760 0.5462260 0.1359000 0.536641
14. Пріѣхалъ съ Снаведи. Рецензія на піэссу
0.011628 0.034884 0.058140 0.081395 0.104651 0.127907 0.151163 0.174419 0.197674 0.220930 0.244186 0.267442 0.290698 0.313953 0.337209 0.360465 0.383721 0.406977 0.430233 0.453488 0.476744 0.500000 0.523256 0.546512 0.569767 0.593023 0.616279 0.639535 0.662791 0.686047 0.709302 0.732558 0.755814 0.779070 0.802326 0.825581 0.848837 0.872093 0.895349 0.918605 0.941860 0.965116 0.988372 
0 0.1381720 0.5562060 0.9506270 0.5612990 0.9502940 0.5830180 0.1378390 0.577925
въ Рускомъ вѣстникѣ — поиски за Морокомъ.
0.012195 0.036585 0.060976 0.085366 0.109756 0.134146 0.158537 0.182927 0.207317 0.231707 0.256098 0.280488 0.304878 0.329268 0.353659 0.378049 0.402439 0.426829 0.451220 0.475610 0.500000 0.524390 0.548780 0.573171 0.597561 0.621951 0.646341 0.670732 0.695122 0.719512 0.743902 0.768293 0.792683 0.817073 0.841463 0.865854 0.890244 0.914634 0.939024 0.963415 0.987805 
0 0.1446240 0.6032970 0.3811590 0.5996970 0.3819690 0.6214640 0.1454340 0.625064
Вечеръ у An.
0.041667 0.125000 0.208333 0.291667 0.375000 0.458333 0.541667 0.625000 0.708333 0.791667 0.875000 0.958333 
0 0.1451300 0.6327790 0.9382350 0.6315110 0.9383290 0.6555540 0.1452240 0.656822
15. Исправляю окончательно піэссу — Гольяновъ
0.011111 0.033333 0.055556 0.077778 0.100000 0.122222 0.144444 0.166667 0.188889 0.211111 0.233333 0.255556 0.277778 0.300000 0.322222 0.344444 0.366667 0.388889 0.411111 0.433333 0.455556 0.477778 0.500000 0.522222 0.544444 0.566667 0.588889 0.611111 0.633333 0.655556 0.677778 0.700000 0.722222 0.744444 0.766667 0.788889 0.811111 0.833333 0.855556 0.877778 0.900000 0.922222 0.944444 0.966667 0.988889 
0 0.1369340 0.6713080 0.5882320 0.6738500 0.5879320 0.6956120 0.1366340 0.693070
ее переписываетъ. Pf. 100.
0.019231 0.057692 0.096154 0.134615 0.173077 0.211538 0.250000 0.288462 0.326923 0.365385 0.403846 0.442308 0.480769 0.519231 0.557692 0.596154 0.634615 0.673077 0.711538 0.750000 0.788462 0.826923 0.865385 0.903846 0.942308 0.980769 
0 0.1414970 0.7103270 0.8964860 0.7091530 0.8965750 0.7326020 0.1415870 0.733777
16-е. # взялъ свѣжую — отличное
0.016129 0.048387 0.080645 0.112903 0.145161 0.177419 0.209677 0.241935 0.274194 0.306452 0.338710 0.370968 0.403226 0.435484 0.467742 0.500000 0.532258 0.564516 0.596774 0.629032 0.661290 0.693548 0.725806 0.758065 0.790323 0.822581 0.854839 0.887097 0.919355 0.951613 0.983871 
0 0.1201570 0.7428070 0.9289090 0.7488940 0.9284210 0.7754140 0.1196680 0.769327
дѣйствіе утромъ ff 110. Писалъ предисловіе
0.011905 0.035714 0.059524 0.083333 0.107143 0.130952 0.154762 0.178571 0.202381 0.226190 0.250000 0.273810 0.297619 0.321429 0.345238 0.369048 0.392857 0.416667 0.440476 0.464286 0.488095 0.511905 0.535714 0.559524 0.583333 0.607143 0.630952 0.654762 0.678571 0.702381 0.726190 0.750000 0.773810 0.797619 0.821429 0.845238 0.869048 0.892857 0.916667 0.940476 0.964286 0.988095 
0 0.1648050 0.7809900 0.9288560 0.7854890 0.9285130 0.8092230 0.1644630 0.804724
къ піэссѣ. Вечеръ у An. Піэссу кончилъ для
0.011905 0.035714 0.059524 0.083333 0.107143 0.130952 0.154762 0.178571 0.202381 0.226190 0.250000 0.273810 0.297619 0.321429 0.345238 0.369048 0.392857 0.416667 0.440476 0.464286 0.488095 0.511905 0.535714 0.559524 0.583333 0.607143 0.630952 0.654762 0.678571 0.702381 0.726190 0.750000 0.773810 0.797619 0.821429 0.845238 0.869048 0.892857 0.916667 0.940476 0.964286 0.988095 
0 0.1563230 0.8193120 0.9669510 0.8241240 0.9666130 0.8473870 0.1559850 0.842575
къ печати. Макаръ ищетъ Морока — найденъ 18 ч.
0.010870 0.032609 0.054348 0.076087 0.097826 0.119565 0.141304 0.163043 0.184783 0.206522 0.228261 0.250000 0.271739 0.293478 0.315217 0.336957 0.358696 0.380435 0.402174 0.423913 0.445652 0.467391 0.489130 0.510870 0.532609 0.554348 0.576087 0.597826 0.619565 0.641304 0.663043 0.684783 0.706522 0.728261 0.750000 0.771739 0.793478 0.815217 0.836957 0.858696 0.880435 0.902174 0.923913 0.945652 0.967391 0.989130 
0 0.1369310 0.8597570 0.8774010 0.8638880 0.8771040 0.8856800 0.1366330 0.881549
20. Маменька душенька съ дѣтьми пріѣхали съ
0.011628 0.034884 0.058140 0.081395 0.104651 0.127907 0.151163 0.174419 0.197674 0.220930 0.244186 0.267442 0.290698 0.313953 0.337209 0.360465 0.383721 0.406977 0.430233 0.453488 0.476744 0.500000 0.523256 0.546512 0.569767 0.593023 0.616279 0.639535 0.662791 0.686047 0.709302 0.732558 0.755814 0.779070 0.802326 0.825581 0.848837 0.872093 0.895349 0.918605 0.941860 0.965116 0.988372 
0 0.1463070 0.9006830 0.2781810 0.8982080 0.2791810 0.9199800 0.1473070 0.922455
Савелки.
0.062500 0.187500 0.312500 0.437500 0.562500 0.687500 0.812500 0.937500 
