0 0.0450130 0.0418300 0.2617030 0.0454300 0.2608230 0.0677700 0.0441320 0.064170
1855. Сентябрь.
0.033333 0.100000 0.166667 0.233333 0.300000 0.366667 0.433333 0.500000 0.566667 0.633333 0.700000 0.766667 0.833333 0.900000 0.966667 
0 0.1166750 0.0893280 0.9238540 0.0853450 0.9241440 0.1101390 0.1169650 0.114121
10-е. Планируютъ газонъ пердъ домомъ. Строятъ теплицу.
0.009259 0.027778 0.046296 0.064815 0.083333 0.101852 0.120370 0.138889 0.157407 0.175926 0.194444 0.212963 0.231481 0.250000 0.268519 0.287037 0.305556 0.324074 0.342593 0.361111 0.379630 0.398148 0.416667 0.435185 0.453704 0.472222 0.490741 0.509259 0.527778 0.546296 0.564815 0.583333 0.601852 0.620370 0.638889 0.657407 0.675926 0.694444 0.712963 0.731481 0.750000 0.768519 0.787037 0.805556 0.824074 0.842593 0.861111 0.879630 0.898148 0.916667 0.935185 0.953704 0.972222 0.990741 
0 0.1277040 0.1252980 0.8802910 0.1203770 0.8806670 0.1446470 0.1280810 0.149568
# Вѣсь день ходилъ.
0.026316 0.078947 0.131579 0.184211 0.236842 0.289474 0.342105 0.394737 0.447368 0.500000 0.552632 0.605263 0.657895 0.710526 0.763158 0.815789 0.868421 0.921053 0.973684 
0 0.1225410 0.1603140 0.8401430 0.1551710 0.8405730 0.1804500 0.1229700 0.185593
11-е. Выѣхалъ въ Вороновскія рощи. Купилъ дровъ
0.010638 0.031915 0.053191 0.074468 0.095745 0.117021 0.138298 0.159574 0.180851 0.202128 0.223404 0.244681 0.265957 0.287234 0.308511 0.329787 0.351064 0.372340 0.393617 0.414894 0.436170 0.457447 0.478723 0.500000 0.521277 0.542553 0.563830 0.585106 0.606383 0.627660 0.648936 0.670213 0.691489 0.712766 0.734043 0.755319 0.776596 0.797872 0.819149 0.840426 0.861702 0.882979 0.904255 0.925532 0.946809 0.968085 0.989362 
0 0.1332250 0.1942370 0.7919080 0.1960800 0.7917460 0.2205950 0.1330620 0.218752
#
0.500000 
0 0.1567450 0.2291020 0.3393360 0.2278270 0.3396930 0.2494330 0.1571020 0.250708
#
0.500000 
0 0.5209270 0.2335010 0.5678530 0.2351910 0.5660150 0.2567120 0.5190890 0.255022
#
0.500000 
0 0.1460870 0.2599830 0.4762910 0.2616340 0.4760350 0.2832390 0.1458300 0.281589
#
0.500000 
0 0.5047640 0.2623220 0.6156620 0.2664650 0.6136120 0.2895910 0.5027140 0.285448
#
0.500000 
0 0.1594120 0.2961260 0.4759640 0.2948660 0.4761680 0.3164800 0.1596170 0.317741
#
0.500000 
0 0.5031050 0.2981710 0.5542440 0.3013240 0.5511060 0.3227860 0.4999670 0.319633
#
0.500000 
0 0.1554980 0.3309150 0.4754620 0.3327450 0.4751690 0.3543370 0.1552050 0.352507
#
0.500000 
0 0.5044570 0.3328910 0.5650400 0.3332150 0.5647670 0.3547640 0.5041840 0.354440
#
0.500000 
0 0.1505540 0.3563850 0.9499930 0.3464290 0.9506890 0.3699880 0.1512500 0.379944
#
0.500000 
0 0.1502020 0.3881300 0.7201470 0.3771390 0.7212640 0.4015650 0.1513200 0.412557
#
0.500000 
0 0.1450560 0.4239300 0.9018360 0.4085740 0.9030190 0.4331440 0.1462390 0.448500
#
0.500000 
0 0.1398760 0.4558020 0.9341960 0.4387820 0.9354580 0.4636140 0.1411380 0.480634
#
0.500000 
0 0.1423840 0.4939740 0.3778660 0.4876820 0.3792310 0.5092220 0.1437490 0.515514
#
0.500000 
0 0.1521140 0.5193100 0.9498880 0.4942810 0.9518200 0.5202360 0.1540450 0.545265
14-е. Выѣхалъ въ Москву. Вечеромъ. Пробылъ у Вѣры Четвер-
0.008772 0.026316 0.043860 0.061404 0.078947 0.096491 0.114035 0.131579 0.149123 0.166667 0.184211 0.201754 0.219298 0.236842 0.254386 0.271930 0.289474 0.307018 0.324561 0.342105 0.359649 0.377193 0.394737 0.412281 0.429825 0.447368 0.464912 0.482456 0.500000 0.517544 0.535088 0.552632 0.570175 0.587719 0.605263 0.622807 0.640351 0.657895 0.675439 0.692982 0.710526 0.728070 0.745614 0.763158 0.780702 0.798246 0.815789 0.833333 0.850877 0.868421 0.885965 0.903509 0.921053 0.938596 0.956140 0.973684 0.991228 
0 0.1576210 0.5549310 0.3120430 0.5502830 0.3135800 0.5718130 0.1591580 0.576461
тинской
0.071429 0.214286 0.357143 0.500000 0.642857 0.785714 0.928571 
0 0.1660360 0.5769260 0.9355440 0.5547270 0.9372700 0.5799550 0.1677620 0.602155
15. Въ гимнастикѣ работалъ во второй разъ —
0.011628 0.034884 0.058140 0.081395 0.104651 0.127907 0.151163 0.174419 0.197674 0.220930 0.244186 0.267442 0.290698 0.313953 0.337209 0.360465 0.383721 0.406977 0.430233 0.453488 0.476744 0.500000 0.523256 0.546512 0.569767 0.593023 0.616279 0.639535 0.662791 0.686047 0.709302 0.732558 0.755814 0.779070 0.802326 0.825581 0.848837 0.872093 0.895349 0.918605 0.941860 0.965116 0.988372 
0 0.1746210 0.6109420 0.7667740 0.5949210 0.7683230 0.6190590 0.1761700 0.635080
вліяніе сильное; прыгалъ хорошо —
0.015152 0.045455 0.075758 0.106061 0.136364 0.166667 0.196970 0.227273 0.257576 0.287879 0.318182 0.348485 0.378788 0.409091 0.439394 0.469697 0.500000 0.530303 0.560606 0.590909 0.621212 0.651515 0.681818 0.712121 0.742424 0.772727 0.803030 0.833333 0.863636 0.893939 0.924242 0.954545 0.984848 
0 0.1691020 0.6457830 0.9297250 0.6163000 0.9322910 0.6442160 0.1716690 0.673699
16. Чувствую себя здорово пополнѣлъ зна-
0.012500 0.037500 0.062500 0.087500 0.112500 0.137500 0.162500 0.187500 0.212500 0.237500 0.262500 0.287500 0.312500 0.337500 0.362500 0.387500 0.412500 0.437500 0.462500 0.487500 0.512500 0.537500 0.562500 0.587500 0.612500 0.637500 0.662500 0.687500 0.712500 0.737500 0.762500 0.787500 0.812500 0.837500 0.862500 0.887500 0.912500 0.937500 0.962500 0.987500 
0 0.1705390 0.6795720 0.3437340 0.6749370 0.3451020 0.6964770 0.1719060 0.701112
чительно.
0.055556 0.166667 0.277778 0.388889 0.500000 0.611111 0.722222 0.833333 0.944444 
0 0.1732790 0.7131250 0.9128310 0.6811660 0.9152900 0.7051570 0.1757380 0.737116
17-е. Мнѣ тридцать восемь лѣтъ. Вообще
0.013158 0.039474 0.065789 0.092105 0.118421 0.144737 0.171053 0.197368 0.223684 0.250000 0.276316 0.302632 0.328947 0.355263 0.381579 0.407895 0.434211 0.460526 0.486842 0.513158 0.539474 0.565789 0.592105 0.618421 0.644737 0.671053 0.697368 0.723684 0.750000 0.776316 0.802632 0.828947 0.855263 0.881579 0.907895 0.934211 0.960526 0.986842 
0 0.1752390 0.7441270 0.9105310 0.7163680 0.9127230 0.7408500 0.1774320 0.768610
годъ не дурной. Здоровье мое поправилось
0.012500 0.037500 0.062500 0.087500 0.112500 0.137500 0.162500 0.187500 0.212500 0.237500 0.262500 0.287500 0.312500 0.337500 0.362500 0.387500 0.412500 0.437500 0.462500 0.487500 0.512500 0.537500 0.562500 0.587500 0.612500 0.637500 0.662500 0.687500 0.712500 0.737500 0.762500 0.787500 0.812500 0.837500 0.862500 0.887500 0.912500 0.937500 0.962500 0.987500 
0 0.2004060 0.7821370 0.9538550 0.7453340 0.9566960 0.7698550 0.2032460 0.806657
хотя мало работалъ лѣтомъ. Жизнь правиль-
0.012195 0.036585 0.060976 0.085366 0.109756 0.134146 0.158537 0.182927 0.207317 0.231707 0.256098 0.280488 0.304878 0.329268 0.353659 0.378049 0.402439 0.426829 0.451220 0.475610 0.500000 0.524390 0.548780 0.573171 0.597561 0.621951 0.646341 0.670732 0.695122 0.719512 0.743902 0.768293 0.792683 0.817073 0.841463 0.865854 0.890244 0.914634 0.939024 0.963415 0.987805 
0 0.1913370 0.8185210 0.9557380 0.7880620 0.9579050 0.8109850 0.1935030 0.841444
нѣе. Am. достаточно хорошо. Этотъ день всталъ
0.011111 0.033333 0.055556 0.077778 0.100000 0.122222 0.144444 0.166667 0.188889 0.211111 0.233333 0.255556 0.277778 0.300000 0.322222 0.344444 0.366667 0.388889 0.411111 0.433333 0.455556 0.477778 0.500000 0.522222 0.544444 0.566667 0.588889 0.611111 0.633333 0.655556 0.677778 0.700000 0.722222 0.744444 0.766667 0.788889 0.811111 0.833333 0.855556 0.877778 0.900000 0.922222 0.944444 0.966667 0.988889 
0 0.2026470 0.8464610 0.9552360 0.8213410 0.9572930 0.8473250 0.2047040 0.872444
рано, свѣжъ и бодръ. Тѣло крѣпко. Но Нѣсколько
0.010870 0.032609 0.054348 0.076087 0.097826 0.119565 0.141304 0.163043 0.184783 0.206522 0.228261 0.250000 0.271739 0.293478 0.315217 0.336957 0.358696 0.380435 0.402174 0.423913 0.445652 0.467391 0.489130 0.510870 0.532609 0.554348 0.576087 0.597826 0.619565 0.641304 0.663043 0.684783 0.706522 0.728261 0.750000 0.771739 0.793478 0.815217 0.836957 0.858696 0.880435 0.902174 0.923913 0.945652 0.967391 0.989130 
0 0.2119530 0.8839330 0.9431730 0.8583340 0.9450570 0.8810260 0.2138380 0.906626
ночей сряду Pf. 90° и 100°. Піэсса отдѣлана
0.011628 0.034884 0.058140 0.081395 0.104651 0.127907 0.151163 0.174419 0.197674 0.220930 0.244186 0.267442 0.290698 0.313953 0.337209 0.360465 0.383721 0.406977 0.430233 0.453488 0.476744 0.500000 0.523256 0.546512 0.569767 0.593023 0.616279 0.639535 0.662791 0.686047 0.709302 0.732558 0.755814 0.779070 0.802326 0.825581 0.848837 0.872093 0.895349 0.918605 0.941860 0.965116 0.988372 
0 0.2121240 0.9133040 0.8674190 0.8950910 0.8690190 0.9193670 0.2137240 0.937581
окончательно со и сдана Шумскому
0.015625 0.046875 0.078125 0.109375 0.140625 0.171875 0.203125 0.234375 0.265625 0.296875 0.328125 0.359375 0.390625 0.421875 0.453125 0.484375 0.515625 0.546875 0.578125 0.609375 0.640625 0.671875 0.703125 0.734375 0.765625 0.796875 0.828125 0.859375 0.890625 0.921875 0.953125 0.984375 
