0 0.1521090 0.1043070 0.8764440 0.0850710 0.8781900 0.1110160 0.1538550 0.130252
шла тяжелая борьба съ процессомъ и кредиторами. Однако
0.009259 0.027778 0.046296 0.064815 0.083333 0.101852 0.120370 0.138889 0.157407 0.175926 0.194444 0.212963 0.231481 0.250000 0.268519 0.287037 0.305556 0.324074 0.342593 0.361111 0.379630 0.398148 0.416667 0.435185 0.453704 0.472222 0.490741 0.509259 0.527778 0.546296 0.564815 0.583333 0.601852 0.620370 0.638889 0.657407 0.675926 0.694444 0.712963 0.731481 0.750000 0.768519 0.787037 0.805556 0.824074 0.842593 0.861111 0.879630 0.898148 0.916667 0.935185 0.953704 0.972222 0.990741 
0 0.1603340 0.1339320 0.9393590 0.1128050 0.9412540 0.1403830 0.1622300 0.161510
дѣла я удерживаю и по шепелевскимъ и по дядинымъ. Самый тяжелый
0.007937 0.023810 0.039683 0.055556 0.071429 0.087302 0.103175 0.119048 0.134921 0.150794 0.166667 0.182540 0.198413 0.214286 0.230159 0.246032 0.261905 0.277778 0.293651 0.309524 0.325397 0.341270 0.357143 0.373016 0.388889 0.404762 0.420635 0.436508 0.452381 0.468254 0.484127 0.500000 0.515873 0.531746 0.547619 0.563492 0.579365 0.595238 0.611111 0.626984 0.642857 0.658730 0.674603 0.690476 0.706349 0.722222 0.738095 0.753968 0.769841 0.785714 0.801587 0.817460 0.833333 0.849206 0.865079 0.880952 0.896825 0.912698 0.928571 0.944444 0.960317 0.976190 0.992063 
0 0.1698100 0.1632330 0.9161890 0.1511860 0.9172690 0.1775890 0.1708890 0.189636
годъ былъ 1853. и 1854. здѣсь было время когда казалось всё
0.008475 0.025424 0.042373 0.059322 0.076271 0.093220 0.110169 0.127119 0.144068 0.161017 0.177966 0.194915 0.211864 0.228814 0.245763 0.262712 0.279661 0.296610 0.313559 0.330508 0.347458 0.364407 0.381356 0.398305 0.415254 0.432203 0.449153 0.466102 0.483051 0.500000 0.516949 0.533898 0.550847 0.567797 0.584746 0.601695 0.618644 0.635593 0.652542 0.669492 0.686441 0.703390 0.720339 0.737288 0.754237 0.771186 0.788136 0.805085 0.822034 0.838983 0.855932 0.872881 0.889831 0.906780 0.923729 0.940678 0.957627 0.974576 0.991525 
0 0.1697620 0.1933940 0.9380080 0.1806020 0.9391500 0.2076800 0.1709050 0.220471
лопнетъ. 1855. Снова ид Есть переходъ сибирскимъ моимъ дѣламъ
0.008197 0.024590 0.040984 0.057377 0.073770 0.090164 0.106557 0.122951 0.139344 0.155738 0.172131 0.188525 0.204918 0.221311 0.237705 0.254098 0.270492 0.286885 0.303279 0.319672 0.336066 0.352459 0.368852 0.385246 0.401639 0.418033 0.434426 0.450820 0.467213 0.483607 0.500000 0.516393 0.532787 0.549180 0.565574 0.581967 0.598361 0.614754 0.631148 0.647541 0.663934 0.680328 0.696721 0.713115 0.729508 0.745902 0.762295 0.778689 0.795082 0.811475 0.827869 0.844262 0.860656 0.877049 0.893443 0.909836 0.926230 0.942623 0.959016 0.975410 0.991803 
0 0.1754920 0.2215560 0.9130130 0.2085290 0.9141980 0.2350250 0.1766780 0.248052
остальные всѣ концы и Шепелевскіе и Дядины. А 1856-мъ
0.009434 0.028302 0.047170 0.066038 0.084906 0.103774 0.122642 0.141509 0.160377 0.179245 0.198113 0.216981 0.235849 0.254717 0.273585 0.292453 0.311321 0.330189 0.349057 0.367925 0.386792 0.405660 0.424528 0.443396 0.462264 0.481132 0.500000 0.518868 0.537736 0.556604 0.575472 0.594340 0.613208 0.632075 0.650943 0.669811 0.688679 0.707547 0.726415 0.745283 0.764151 0.783019 0.801887 0.820755 0.839623 0.858491 0.877358 0.896226 0.915094 0.933962 0.952830 0.971698 0.990566 
0 0.1837700 0.2500280 0.9378390 0.2345060 0.9392480 0.2615080 0.1851780 0.277031
этимъ годомъ началъ Сахарный Заводъ — если удастся — то
0.009091 0.027273 0.045455 0.063636 0.081818 0.100000 0.118182 0.136364 0.154545 0.172727 0.190909 0.209091 0.227273 0.245455 0.263636 0.281818 0.300000 0.318182 0.336364 0.354545 0.372727 0.390909 0.409091 0.427273 0.445455 0.463636 0.481818 0.500000 0.518182 0.536364 0.554545 0.572727 0.590909 0.609091 0.627273 0.645455 0.663636 0.681818 0.700000 0.718182 0.736364 0.754545 0.772727 0.790909 0.809091 0.827273 0.845455 0.863636 0.881818 0.900000 0.918182 0.936364 0.954545 0.972727 0.990909 
0 0.1869430 0.2847310 0.9370520 0.2680380 0.9384630 0.2930560 0.1883540 0.309749
изъ собственныхъ рукъ получу свободу освобожденіе о крепостного
0.007937 0.023810 0.039683 0.055556 0.071429 0.087302 0.103175 0.119048 0.134921 0.150794 0.166667 0.182540 0.198413 0.214286 0.230159 0.246032 0.261905 0.277778 0.293651 0.309524 0.325397 0.341270 0.357143 0.373016 0.388889 0.404762 0.420635 0.436508 0.452381 0.468254 0.484127 0.500000 0.515873 0.531746 0.547619 0.563492 0.579365 0.595238 0.611111 0.626984 0.642857 0.658730 0.674603 0.690476 0.706349 0.722222 0.738095 0.753968 0.769841 0.785714 0.801587 0.817460 0.833333 0.849206 0.865079 0.880952 0.896825 0.912698 0.928571 0.944444 0.960317 0.976190 0.992063 
0 0.1867430 0.3144430 0.6259550 0.3021690 0.6276410 0.3259760 0.1884290 0.338250
состоянія и работы Епитимія.
0.017857 0.053571 0.089286 0.125000 0.160714 0.196429 0.232143 0.267857 0.303571 0.339286 0.375000 0.410714 0.446429 0.482143 0.517857 0.553571 0.589286 0.625000 0.660714 0.696429 0.732143 0.767857 0.803571 0.839286 0.875000 0.910714 0.946429 0.982143 
0 0.1971800 0.3432580 0.9122950 0.3249930 0.9139220 0.3501230 0.1988070 0.368389
Относительно умственной дѣятельности въ началѣ 1852. года
0.008772 0.026316 0.043860 0.061404 0.078947 0.096491 0.114035 0.131579 0.149123 0.166667 0.184211 0.201754 0.219298 0.236842 0.254386 0.271930 0.289474 0.307018 0.324561 0.342105 0.359649 0.377193 0.394737 0.412281 0.429825 0.447368 0.464912 0.482456 0.500000 0.517544 0.535088 0.552632 0.570175 0.587719 0.605263 0.622807 0.640351 0.657895 0.675439 0.692982 0.710526 0.728070 0.745614 0.763158 0.780702 0.798246 0.815789 0.833333 0.850877 0.868421 0.885965 0.903509 0.921053 0.938596 0.956140 0.973684 0.991228 
0 0.2010580 0.3773720 0.9045380 0.3572230 0.9062770 0.3811750 0.2027970 0.401325
началъ писать піэссу. Итакъ, съ 1842 по 1852. десять
0.009615 0.028846 0.048077 0.067308 0.086538 0.105769 0.125000 0.144231 0.163462 0.182692 0.201923 0.221154 0.240385 0.259615 0.278846 0.298077 0.317308 0.336538 0.355769 0.375000 0.394231 0.413462 0.432692 0.451923 0.471154 0.490385 0.509615 0.528846 0.548077 0.567308 0.586538 0.605769 0.625000 0.644231 0.663462 0.682692 0.701923 0.721154 0.740385 0.759615 0.778846 0.798077 0.817308 0.836538 0.855769 0.875000 0.894231 0.913462 0.932692 0.951923 0.971154 0.990385 
0 0.2066070 0.4052270 0.8810000 0.3847660 0.8828590 0.4089380 0.2084660 0.429399
летъ совершенно пропали, т:е: съ 24 летъ и 34-летній возрастъ. —
0.007813 0.023438 0.039063 0.054688 0.070313 0.085938 0.101563 0.117188 0.132813 0.148438 0.164063 0.179688 0.195313 0.210938 0.226563 0.242188 0.257813 0.273438 0.289063 0.304688 0.320313 0.335938 0.351563 0.367188 0.382813 0.398438 0.414063 0.429688 0.445313 0.460938 0.476563 0.492188 0.507813 0.523438 0.539063 0.554688 0.570313 0.585938 0.601563 0.617188 0.632813 0.648438 0.664063 0.679688 0.695313 0.710938 0.726563 0.742188 0.757813 0.773438 0.789063 0.804688 0.820313 0.835938 0.851563 0.867188 0.882813 0.898438 0.914063 0.929688 0.945313 0.960938 0.976563 0.992188 
0 0.6730410 0.4041610 0.9501330 0.4020940 0.9505400 0.4236310 0.6734480 0.425698
# незаконную медаль
0.026316 0.078947 0.131579 0.184211 0.236842 0.289474 0.342105 0.394737 0.447368 0.500000 0.552632 0.605263 0.657895 0.710526 0.763158 0.815789 0.868421 0.921053 0.973684 
0 0.2067430 0.4306820 0.9342460 0.4128160 0.9358100 0.4379610 0.2083080 0.455827
До 24-лѣтняго возраста я написалъ — нѣсколько стихотвореній
0.008475 0.025424 0.042373 0.059322 0.076271 0.093220 0.110169 0.127119 0.144068 0.161017 0.177966 0.194915 0.211864 0.228814 0.245763 0.262712 0.279661 0.296610 0.313559 0.330508 0.347458 0.364407 0.381356 0.398305 0.415254 0.432203 0.449153 0.466102 0.483051 0.500000 0.516949 0.533898 0.550847 0.567797 0.584746 0.601695 0.618644 0.635593 0.652542 0.669492 0.686441 0.703390 0.720339 0.737288 0.754237 0.771186 0.788136 0.805085 0.822034 0.838983 0.855932 0.872881 0.889831 0.906780 0.923729 0.940678 0.957627 0.974576 0.991525 
0 0.2057970 0.4599040 0.9208780 0.4417000 0.9224430 0.4659600 0.2073620 0.484164
посланіе къ Маркизѣ Зорь, Аттестатъ, Ктеона, Ночь на Этнѣ;
0.008621 0.025862 0.043103 0.060345 0.077586 0.094828 0.112069 0.129310 0.146552 0.163793 0.181034 0.198276 0.215517 0.232759 0.250000 0.267241 0.284483 0.301724 0.318966 0.336207 0.353448 0.370690 0.387931 0.405172 0.422414 0.439655 0.456897 0.474138 0.491379 0.508621 0.525862 0.543103 0.560345 0.577586 0.594828 0.612069 0.629310 0.646552 0.663793 0.681034 0.698276 0.715517 0.732759 0.750000 0.767241 0.784483 0.801724 0.818966 0.836207 0.853448 0.870690 0.887931 0.905172 0.922414 0.939655 0.956897 0.974138 0.991379 
0 0.0602620 0.4964290 0.1017580 0.4955170 0.1029530 0.5169610 0.0614570 0.517873
49.
0.166667 0.500000 0.833333 
0 0.2099720 0.4840670 0.8845020 0.4692680 0.8858580 0.4936510 0.2113270 0.508450
съ 24-хъ летъ перевелъ нѣсколько отрывковъ изъ Жанъ Поля —
0.008621 0.025862 0.043103 0.060345 0.077586 0.094828 0.112069 0.129310 0.146552 0.163793 0.181034 0.198276 0.215517 0.232759 0.250000 0.267241 0.284483 0.301724 0.318966 0.336207 0.353448 0.370690 0.387931 0.405172 0.422414 0.439655 0.456897 0.474138 0.491379 0.508621 0.525862 0.543103 0.560345 0.577586 0.594828 0.612069 0.629310 0.646552 0.663793 0.681034 0.698276 0.715517 0.732759 0.750000 0.767241 0.784483 0.801724 0.818966 0.836207 0.853448 0.870690 0.887931 0.905172 0.922414 0.939655 0.956897 0.974138 0.991379 
0 0.0632070 0.5121320 0.1158510 0.5107960 0.1172320 0.5322790 0.0645890 0.533615
50. 33.
0.071429 0.214286 0.357143 0.500000 0.642857 0.785714 0.928571 
0 0.3422910 0.4960700 0.5089590 0.4892860 0.5113830 0.5127900 0.3447150 0.519574
моего возраста
0.035714 0.107143 0.178571 0.250000 0.321429 0.392857 0.464286 0.535714 0.607143 0.678571 0.750000 0.821429 0.892857 0.964286 
0 0.2056470 0.5103030 0.8912910 0.4986300 0.8922890 0.5217770 0.2066460 0.533449
на 30-мъ году началъ переводъ Гегеля, который вначалѣ дѣлалъ
0.008333 0.025000 0.041667 0.058333 0.075000 0.091667 0.108333 0.125000 0.141667 0.158333 0.175000 0.191667 0.208333 0.225000 0.241667 0.258333 0.275000 0.291667 0.308333 0.325000 0.341667 0.358333 0.375000 0.391667 0.408333 0.425000 0.441667 0.458333 0.475000 0.491667 0.508333 0.525000 0.541667 0.558333 0.575000 0.591667 0.608333 0.625000 0.641667 0.658333 0.675000 0.691667 0.708333 0.725000 0.741667 0.758333 0.775000 0.791667 0.808333 0.825000 0.841667 0.858333 0.875000 0.891667 0.908333 0.925000 0.941667 0.958333 0.975000 0.991667 
0 0.0626630 0.5282260 0.1310660 0.5268980 0.1321230 0.5483720 0.0637200 0.549700
51. 34.
0.071429 0.214286 0.357143 0.500000 0.642857 0.785714 0.928571 
0 0.2210940 0.5375600 0.9635300 0.5265300 0.9644840 0.5518700 0.2220480 0.562901
мнѣ огромную пользу. Надѣюсь его кончить этимъ годомъ. Страшная
0.007937 0.023810 0.039683 0.055556 0.071429 0.087302 0.103175 0.119048 0.134921 0.150794 0.166667 0.182540 0.198413 0.214286 0.230159 0.246032 0.261905 0.277778 0.293651 0.309524 0.325397 0.341270 0.357143 0.373016 0.388889 0.404762 0.420635 0.436508 0.452381 0.468254 0.484127 0.500000 0.515873 0.531746 0.547619 0.563492 0.579365 0.595238 0.611111 0.626984 0.642857 0.658730 0.674603 0.690476 0.706349 0.722222 0.738095 0.753968 0.769841 0.785714 0.801587 0.817460 0.833333 0.849206 0.865079 0.880952 0.896825 0.912698 0.928571 0.944444 0.960317 0.976190 0.992063 
0 0.0642500 0.5483220 0.1587860 0.5466020 0.1597780 0.5681120 0.0652420 0.569832
52. 35.
0.071429 0.214286 0.357143 0.500000 0.642857 0.785714 0.928571 
0 0.2217830 0.5652880 0.9035520 0.5537180 0.9045720 0.5774470 0.2228040 0.589017
лѣнь. 9-ть летъ переводилъ одинъ томъ. 34-хъ летъ началъ
0.008929 0.026786 0.044643 0.062500 0.080357 0.098214 0.116071 0.133929 0.151786 0.169643 0.187500 0.205357 0.223214 0.241071 0.258929 0.276786 0.294643 0.312500 0.330357 0.348214 0.366071 0.383929 0.401786 0.419643 0.437500 0.455357 0.473214 0.491071 0.508929 0.526786 0.544643 0.562500 0.580357 0.598214 0.616071 0.633929 0.651786 0.669643 0.687500 0.705357 0.723214 0.741071 0.758929 0.776786 0.794643 0.812500 0.830357 0.848214 0.866071 0.883929 0.901786 0.919643 0.937500 0.955357 0.973214 0.991071 
0 0.0678900 0.5658050 0.1558890 0.5629090 0.1576930 0.5845380 0.0696940 0.587435
53. 36.—
0.062500 0.187500 0.312500 0.437500 0.562500 0.687500 0.812500 0.937500 
0 0.0643050 0.5849730 0.1430860 0.5836560 0.1439970 0.6051670 0.0652170 0.606484
54. 37.—
0.062500 0.187500 0.312500 0.437500 0.562500 0.687500 0.812500 0.937500 
0 0.2266010 0.5937990 0.8722540 0.5848820 0.8730070 0.6063910 0.2273540 0.615308
писать Кречинскаго. 37 его кончилъ. на 38-ми далъ его на сценѣ
0.008065 0.024194 0.040323 0.056452 0.072581 0.088710 0.104839 0.120968 0.137097 0.153226 0.169355 0.185484 0.201613 0.217742 0.233871 0.250000 0.266129 0.282258 0.298387 0.314516 0.330645 0.346774 0.362903 0.379032 0.395161 0.411290 0.427419 0.443548 0.459677 0.475806 0.491935 0.508065 0.524194 0.540323 0.556452 0.572581 0.588710 0.604839 0.620968 0.637097 0.653226 0.669355 0.685484 0.701613 0.717742 0.733871 0.750000 0.766129 0.782258 0.798387 0.814516 0.830645 0.846774 0.862903 0.879032 0.895161 0.911290 0.927419 0.943548 0.959677 0.975806 0.991935 
0 0.0633820 0.6030740 0.1417870 0.6014500 0.1429160 0.6229660 0.0645110 0.624590
55 38—
0.083333 0.250000 0.416667 0.583333 0.750000 0.916667 
0 0.2330930 0.6223720 0.9336540 0.6124360 0.9345010 0.6359920 0.2339390 0.645928
и въ концѣ 39-го началъ писать его продолженіе и оканчивать
0.008475 0.025424 0.042373 0.059322 0.076271 0.093220 0.110169 0.127119 0.144068 0.161017 0.177966 0.194915 0.211864 0.228814 0.245763 0.262712 0.279661 0.296610 0.313559 0.330508 0.347458 0.364407 0.381356 0.398305 0.415254 0.432203 0.449153 0.466102 0.483051 0.500000 0.516949 0.533898 0.550847 0.567797 0.584746 0.601695 0.618644 0.635593 0.652542 0.669492 0.686441 0.703390 0.720339 0.737288 0.754237 0.771186 0.788136 0.805085 0.822034 0.838983 0.855932 0.872881 0.889831 0.906780 0.923729 0.940678 0.957627 0.974576 0.991525 
0 0.0633370 0.6228110 0.1428890 0.6210780 0.1440760 0.6425700 0.0645240 0.644304
56—39.
0.083333 0.250000 0.416667 0.583333 0.750000 0.916667 
0 0.0681020 0.6433940 0.1372600 0.6407770 0.1393180 0.6622360 0.0701600 0.664853
57. 40.
0.071429 0.214286 0.357143 0.500000 0.642857 0.785714 0.928571 
0 0.2333320 0.6468940 0.9012730 0.6419380 0.9017290 0.6661790 0.2337880 0.671135
переводъ Гегеля. Утѣшительное: если Заводъ пойдетъ то
0.009434 0.028302 0.047170 0.066038 0.084906 0.103774 0.122642 0.141509 0.160377 0.179245 0.198113 0.216981 0.235849 0.254717 0.273585 0.292453 0.311321 0.330189 0.349057 0.367925 0.386792 0.405660 0.424528 0.443396 0.462264 0.481132 0.500000 0.518868 0.537736 0.556604 0.575472 0.594340 0.613208 0.632075 0.650943 0.669811 0.688679 0.707547 0.726415 0.745283 0.764151 0.783019 0.801887 0.820755 0.839623 0.858491 0.877358 0.896226 0.915094 0.933962 0.952830 0.971698 0.990566 
0 0.0704700 0.6587110 0.1411690 0.6561310 0.1431530 0.6775790 0.0724530 0.680159
58. 41:
0.071429 0.214286 0.357143 0.500000 0.642857 0.785714 0.928571 
0 0.3570240 0.6647450 0.3893070 0.6647370 0.3893200 0.6859850 0.3570370 0.685993
лѣтъ
0.125000 0.375000 0.625000 0.875000 
0 0.0734250 0.6720060 0.1456620 0.6698680 0.1472810 0.6914550 0.0750450 0.693593
59. 42.
0.071429 0.214286 0.357143 0.500000 0.642857 0.785714 0.928571 
0 0.2392950 0.6743720 0.9372290 0.6721460 0.9374160 0.6952990 0.2394820 0.697525
къ 39-ти году я устроилъ себѣ независимое состояніе. Написалъ
0.008197 0.024590 0.040984 0.057377 0.073770 0.090164 0.106557 0.122951 0.139344 0.155738 0.172131 0.188525 0.204918 0.221311 0.237705 0.254098 0.270492 0.286885 0.303279 0.319672 0.336066 0.352459 0.368852 0.385246 0.401639 0.418033 0.434426 0.450820 0.467213 0.483607 0.500000 0.516393 0.532787 0.549180 0.565574 0.581967 0.598361 0.614754 0.631148 0.647541 0.663934 0.680328 0.696721 0.713115 0.729508 0.745902 0.762295 0.778689 0.795082 0.811475 0.827869 0.844262 0.860656 0.877049 0.893443 0.909836 0.926230 0.942623 0.959016 0.975410 0.991803 
0 0.0772080 0.6878190 0.1459820 0.6856570 0.1477010 0.7072220 0.0789260 0.709384
60. 43:
0.071429 0.214286 0.357143 0.500000 0.642857 0.785714 0.928571 
0 0.2447470 0.7011050 0.8880990 0.7001610 0.8881870 0.7236740 0.2448340 0.724618
піэссу давшую мнѣ литтературное имя, перевёлъ
0.011111 0.033333 0.055556 0.077778 0.100000 0.122222 0.144444 0.166667 0.188889 0.211111 0.233333 0.255556 0.277778 0.300000 0.322222 0.344444 0.366667 0.388889 0.411111 0.433333 0.455556 0.477778 0.500000 0.522222 0.544444 0.566667 0.588889 0.611111 0.633333 0.655556 0.677778 0.700000 0.722222 0.744444 0.766667 0.788889 0.811111 0.833333 0.855556 0.877778 0.900000 0.922222 0.944444 0.966667 0.988889 
0 0.0806440 0.7000390 0.1482500 0.6966350 0.1510380 0.7184820 0.0834310 0.721885
61. 44:
0.071429 0.214286 0.357143 0.500000 0.642857 0.785714 0.928571 
0 0.0855140 0.7139870 0.1481050 0.7092470 0.1521980 0.7305740 0.0896060 0.735314
62. 45:
0.071429 0.214286 0.357143 0.500000 0.642857 0.785714 0.928571 
0 0.0899460 0.7280520 0.1548540 0.7241570 0.1581070 0.7455470 0.0931980 0.749442
63. 46:
0.071429 0.214286 0.357143 0.500000 0.642857 0.785714 0.928571 
0 0.2378540 0.7300220 0.9315510 0.7293710 0.9316060 0.7523770 0.2379090 0.753028
Гегеля, и главное, пр пришёлъ къ полнотѣ Сознанія, понялъ
0.008772 0.026316 0.043860 0.061404 0.078947 0.096491 0.114035 0.131579 0.149123 0.166667 0.184211 0.201754 0.219298 0.236842 0.254386 0.271930 0.289474 0.307018 0.324561 0.342105 0.359649 0.377193 0.394737 0.412281 0.429825 0.447368 0.464912 0.482456 0.500000 0.517544 0.535088 0.552632 0.570175 0.587719 0.605263 0.622807 0.640351 0.657895 0.675439 0.692982 0.710526 0.728070 0.745614 0.763158 0.780702 0.798246 0.815789 0.833333 0.850877 0.868421 0.885965 0.903509 0.921053 0.938596 0.956140 0.973684 0.991228 
0 0.0928160 0.7403890 0.1554480 0.7382010 0.1573470 0.7596520 0.0947150 0.761840
64. 47:
0.071429 0.214286 0.357143 0.500000 0.642857 0.785714 0.928571 
0 0.0947540 0.7566250 0.1577350 0.7531500 0.1607240 0.7745260 0.0977420 0.778001
65. 48:
0.071429 0.214286 0.357143 0.500000 0.642857 0.785714 0.928571 
0 0.2462310 0.7600460 0.9149470 0.7580030 0.9151130 0.7795150 0.2463980 0.781558
значеніе жизни и понялъ какъ надо жить. Если и перенесены
0.008772 0.026316 0.043860 0.061404 0.078947 0.096491 0.114035 0.131579 0.149123 0.166667 0.184211 0.201754 0.219298 0.236842 0.254386 0.271930 0.289474 0.307018 0.324561 0.342105 0.359649 0.377193 0.394737 0.412281 0.429825 0.447368 0.464912 0.482456 0.500000 0.517544 0.535088 0.552632 0.570175 0.587719 0.605263 0.622807 0.640351 0.657895 0.675439 0.692982 0.710526 0.728070 0.745614 0.763158 0.780702 0.798246 0.815789 0.833333 0.850877 0.868421 0.885965 0.903509 0.921053 0.938596 0.956140 0.973684 0.991228 
0 0.0986170 0.7718180 0.1631810 0.7696340 0.1650220 0.7911000 0.1004570 0.793284
66. 49:
0.071429 0.214286 0.357143 0.500000 0.642857 0.785714 0.928571 
0 0.2414230 0.7853690 0.9343510 0.7866240 0.9342520 0.8081190 0.2413240 0.806864
мною страшные муки, то муки эти и довели меня до
0.010417 0.031250 0.052083 0.072917 0.093750 0.114583 0.135417 0.156250 0.177083 0.197917 0.218750 0.239583 0.260417 0.281250 0.302083 0.322917 0.343750 0.364583 0.385417 0.406250 0.427083 0.447917 0.468750 0.489583 0.510417 0.531250 0.552083 0.572917 0.593750 0.614583 0.635417 0.656250 0.677083 0.697917 0.718750 0.739583 0.760417 0.781250 0.802083 0.822917 0.843750 0.864583 0.885417 0.906250 0.927083 0.947917 0.968750 0.989583 
0 0.0967910 0.7885540 0.1656000 0.7840620 0.1693360 0.8066470 0.1005270 0.811139
67. 50:
0.071429 0.214286 0.357143 0.500000 0.642857 0.785714 0.928571 
0 0.1021390 0.8032980 0.1605340 0.8002380 0.1633740 0.8216260 0.1049800 0.824687
68. 51:
0.071429 0.214286 0.357143 0.500000 0.642857 0.785714 0.928571 
0 0.2521540 0.8125640 0.9385510 0.8132130 0.9384940 0.8368980 0.2520980 0.836249
яснаго пониманія жизни ея и ея цѣли. Франклинъ говорилъ,
0.008929 0.026786 0.044643 0.062500 0.080357 0.098214 0.116071 0.133929 0.151786 0.169643 0.187500 0.205357 0.223214 0.241071 0.258929 0.276786 0.294643 0.312500 0.330357 0.348214 0.366071 0.383929 0.401786 0.419643 0.437500 0.455357 0.473214 0.491071 0.508929 0.526786 0.544643 0.562500 0.580357 0.598214 0.616071 0.633929 0.651786 0.669643 0.687500 0.705357 0.723214 0.741071 0.758929 0.776786 0.794643 0.812500 0.830357 0.848214 0.866071 0.883929 0.901786 0.919643 0.937500 0.955357 0.973214 0.991071 
0 0.1064980 0.8186010 0.1848690 0.8147380 0.1875390 0.8361160 0.1091680 0.839979
69. 52:
0.071429 0.214286 0.357143 0.500000 0.642857 0.785714 0.928571 
0 0.1163210 0.8320460 0.1754840 0.8301000 0.1772910 0.8517760 0.1181270 0.853722
70. 53:
0.071429 0.214286 0.357143 0.500000 0.642857 0.785714 0.928571 
0 0.2614110 0.8369010 0.9501080 0.8450130 0.9494660 0.8665220 0.2607690 0.858410
что всякій человѣкъ долженъ сдѣлать три вещи: построить
0.009091 0.027273 0.045455 0.063636 0.081818 0.100000 0.118182 0.136364 0.154545 0.172727 0.190909 0.209091 0.227273 0.245455 0.263636 0.281818 0.300000 0.318182 0.336364 0.354545 0.372727 0.390909 0.409091 0.427273 0.445455 0.463636 0.481818 0.500000 0.518182 0.536364 0.554545 0.572727 0.590909 0.609091 0.627273 0.645455 0.663636 0.681818 0.700000 0.718182 0.736364 0.754545 0.772727 0.790909 0.809091 0.827273 0.845455 0.863636 0.881818 0.900000 0.918182 0.936364 0.954545 0.972727 0.990909 
0 0.1162750 0.8438710 0.1877540 0.8421140 0.1890920 0.8635960 0.1176130 0.865353
71. 54:
0.071429 0.214286 0.357143 0.500000 0.642857 0.785714 0.928571 
0 0.1141080 0.8629080 0.1909180 0.8574180 0.1947810 0.8787540 0.1179720 0.884243
72. 55:
0.071429 0.214286 0.357143 0.500000 0.642857 0.785714 0.928571 
0 0.2623510 0.8630210 0.9302840 0.8723910 0.9294370 0.8962010 0.2615050 0.886832
домъ, жениться и написать книгу — два я сдѣлалъ, надо
0.009434 0.028302 0.047170 0.066038 0.084906 0.103774 0.122642 0.141509 0.160377 0.179245 0.198113 0.216981 0.235849 0.254717 0.273585 0.292453 0.311321 0.330189 0.349057 0.367925 0.386792 0.405660 0.424528 0.443396 0.462264 0.481132 0.500000 0.518868 0.537736 0.556604 0.575472 0.594340 0.613208 0.632075 0.650943 0.669811 0.688679 0.707547 0.726415 0.745283 0.764151 0.783019 0.801887 0.820755 0.839623 0.858491 0.877358 0.896226 0.915094 0.933962 0.952830 0.971698 0.990566 
0 0.2716790 0.8924730 0.5018830 0.8945440 0.5013930 0.9160150 0.2711890 0.913943
исполнить третье.
0.029412 0.088235 0.147059 0.205882 0.264706 0.323529 0.382353 0.441176 0.500000 0.558824 0.617647 0.676471 0.735294 0.794118 0.852941 0.911765 0.970588 
0 0.2721220 0.9158090 0.8885680 0.9223050 0.8879930 0.9438230 0.2715470 0.937327
Мое физическое состояніе. Нынѣшній годъ я началъ
0.010417 0.031250 0.052083 0.072917 0.093750 0.114583 0.135417 0.156250 0.177083 0.197917 0.218750 0.239583 0.260417 0.281250 0.302083 0.322917 0.343750 0.364583 0.385417 0.406250 0.427083 0.447917 0.468750 0.489583 0.510417 0.531250 0.552083 0.572917 0.593750 0.614583 0.635417 0.656250 0.677083 0.697917 0.718750 0.739583 0.760417 0.781250 0.802083 0.822917 0.843750 0.864583 0.885417 0.906250 0.927083 0.947917 0.968750 0.989583 
0 0.2576320 0.9406500 0.9847630 0.9503790 0.9840280 0.9720580 0.2568970 0.962330
худѣть — (впрочемъ, вѣсь годъ не дѣлалъ гимнастики) Лицо опустилось.
0.007353 0.022059 0.036765 0.051471 0.066176 0.080882 0.095588 0.110294 0.125000 0.139706 0.154412 0.169118 0.183824 0.198529 0.213235 0.227941 0.242647 0.257353 0.272059 0.286765 0.301471 0.316176 0.330882 0.345588 0.360294 0.375000 0.389706 0.404412 0.419118 0.433824 0.448529 0.463235 0.477941 0.492647 0.507353 0.522059 0.536765 0.551471 0.566176 0.580882 0.595588 0.610294 0.625000 0.639706 0.654412 0.669118 0.683824 0.698529 0.713235 0.727941 0.742647 0.757353 0.772059 0.786765 0.801471 0.816176 0.830882 0.845588 0.860294 0.875000 0.889706 0.904412 0.919118 0.933824 0.948529 0.963235 0.977941 0.992647 
