0 0.0888740 0.0647140 0.8584970 0.0671990 0.8583140 0.0910800 0.0886910 0.088594
она одна, живетъ съ дѣтьми Владиміра. Какое
0.011628 0.034884 0.058140 0.081395 0.104651 0.127907 0.151163 0.174419 0.197674 0.220930 0.244186 0.267442 0.290698 0.313953 0.337209 0.360465 0.383721 0.406977 0.430233 0.453488 0.476744 0.500000 0.523256 0.546512 0.569767 0.593023 0.616279 0.639535 0.662791 0.686047 0.709302 0.732558 0.755814 0.779070 0.802326 0.825581 0.848837 0.872093 0.895349 0.918605 0.941860 0.965116 0.988372 
0 0.0899470 0.1018280 0.9491490 0.1086220 0.9486800 0.1336370 0.0894780 0.126842
она хорошее созданіе — сколько въ ней миру, простоты
0.009615 0.028846 0.048077 0.067308 0.086538 0.105769 0.125000 0.144231 0.163462 0.182692 0.201923 0.221154 0.240385 0.259615 0.278846 0.298077 0.317308 0.336538 0.355769 0.375000 0.394231 0.413462 0.432692 0.451923 0.471154 0.490385 0.509615 0.528846 0.548077 0.567308 0.586538 0.605769 0.625000 0.644231 0.663462 0.682692 0.701923 0.721154 0.740385 0.759615 0.778846 0.798077 0.817308 0.836538 0.855769 0.875000 0.894231 0.913462 0.932692 0.951923 0.971154 0.990385 
0 0.0934780 0.1379870 0.8946340 0.1462500 0.8940120 0.1716900 0.0928570 0.163427
и тёпла. При извѣстіи сообщенномъ мною о взятіи
0.010638 0.031915 0.053191 0.074468 0.095745 0.117021 0.138298 0.159574 0.180851 0.202128 0.223404 0.244681 0.265957 0.287234 0.308511 0.329787 0.351064 0.372340 0.393617 0.414894 0.436170 0.457447 0.478723 0.500000 0.521277 0.542553 0.563830 0.585106 0.606383 0.627660 0.648936 0.670213 0.691489 0.712766 0.734043 0.755319 0.776596 0.797872 0.819149 0.840426 0.861702 0.882979 0.904255 0.925532 0.946809 0.968085 0.989362 
0 0.0905960 0.1792370 0.8994690 0.1826370 0.8992540 0.2042240 0.0903810 0.200824
Севастополя — она вскрикнула какъ будто кто бы
0.010870 0.032609 0.054348 0.076087 0.097826 0.119565 0.141304 0.163043 0.184783 0.206522 0.228261 0.250000 0.271739 0.293478 0.315217 0.336957 0.358696 0.380435 0.402174 0.423913 0.445652 0.467391 0.489130 0.510870 0.532609 0.554348 0.576087 0.597826 0.619565 0.641304 0.663043 0.684783 0.706522 0.728261 0.750000 0.771739 0.793478 0.815217 0.836957 0.858696 0.880435 0.902174 0.923913 0.945652 0.967391 0.989130 
0 0.0939820 0.2136020 0.9190670 0.2164480 0.9188900 0.2380420 0.0938050 0.235196
ее ударилъ по сердцу. Въ Темнѣйшею ночью, освѣ-
0.010638 0.031915 0.053191 0.074468 0.095745 0.117021 0.138298 0.159574 0.180851 0.202128 0.223404 0.244681 0.265957 0.287234 0.308511 0.329787 0.351064 0.372340 0.393617 0.414894 0.436170 0.457447 0.478723 0.500000 0.521277 0.542553 0.563830 0.585106 0.606383 0.627660 0.648936 0.670213 0.691489 0.712766 0.734043 0.755319 0.776596 0.797872 0.819149 0.840426 0.861702 0.882979 0.904255 0.925532 0.946809 0.968085 0.989362 
0 0.0911460 0.2513740 0.9076980 0.2479720 0.9079120 0.2695590 0.0913590 0.272961
щаемый только заревомъ иллюминаціи Москвы въ честь
0.010000 0.030000 0.050000 0.070000 0.090000 0.110000 0.130000 0.150000 0.170000 0.190000 0.210000 0.230000 0.250000 0.270000 0.290000 0.310000 0.330000 0.350000 0.370000 0.390000 0.410000 0.430000 0.450000 0.470000 0.490000 0.510000 0.530000 0.550000 0.570000 0.590000 0.610000 0.630000 0.650000 0.670000 0.690000 0.710000 0.730000 0.750000 0.770000 0.790000 0.810000 0.830000 0.850000 0.870000 0.890000 0.910000 0.930000 0.950000 0.970000 0.990000 
0 0.0966700 0.2841620 0.8936400 0.2738790 0.8944280 0.2996390 0.0974580 0.309922
въѣзда новаго Императора (который стался городу до
0.010000 0.030000 0.050000 0.070000 0.090000 0.110000 0.130000 0.150000 0.170000 0.190000 0.210000 0.230000 0.250000 0.270000 0.290000 0.310000 0.330000 0.350000 0.370000 0.390000 0.410000 0.430000 0.450000 0.470000 0.490000 0.510000 0.530000 0.550000 0.570000 0.590000 0.610000 0.630000 0.650000 0.670000 0.690000 0.710000 0.730000 0.750000 0.770000 0.790000 0.810000 0.830000 0.850000 0.870000 0.890000 0.910000 0.930000 0.950000 0.970000 0.990000 
0 0.1036180 0.3175990 0.7366250 0.3093910 0.7373890 0.3342620 0.1043820 0.342470
500/т р. Ag:) добрался я домой въ часъ ночи.
0.011364 0.034091 0.056818 0.079545 0.102273 0.125000 0.147727 0.170455 0.193182 0.215909 0.238636 0.261364 0.284091 0.306818 0.329545 0.352273 0.375000 0.397727 0.420455 0.443182 0.465909 0.488636 0.511364 0.534091 0.556818 0.579545 0.602273 0.625000 0.647727 0.670455 0.693182 0.715909 0.738636 0.761364 0.784091 0.806818 0.829545 0.852273 0.875000 0.897727 0.920455 0.943182 0.965909 0.988636 
0 0.1034050 0.3550840 0.9199520 0.3394310 0.9209300 0.3609750 0.1043840 0.376629
3-е. Получилъ піэссу и вѣсь день сидѣлъ надъ нею
0.010417 0.031250 0.052083 0.072917 0.093750 0.114583 0.135417 0.156250 0.177083 0.197917 0.218750 0.239583 0.260417 0.281250 0.302083 0.322917 0.343750 0.364583 0.385417 0.406250 0.427083 0.447917 0.468750 0.489583 0.510417 0.531250 0.552083 0.572917 0.593750 0.614583 0.635417 0.656250 0.677083 0.697917 0.718750 0.739583 0.760417 0.781250 0.802083 0.822917 0.843750 0.864583 0.885417 0.906250 0.927083 0.947917 0.968750 0.989583 
0 0.1036910 0.3815080 0.9339520 0.3734500 0.9345370 0.3988880 0.1042760 0.406945
переставляя что можно. Перемѣнъ довольно — всѣ счастли-
0.009091 0.027273 0.045455 0.063636 0.081818 0.100000 0.118182 0.136364 0.154545 0.172727 0.190909 0.209091 0.227273 0.245455 0.263636 0.281818 0.300000 0.318182 0.336364 0.354545 0.372727 0.390909 0.409091 0.427273 0.445455 0.463636 0.481818 0.500000 0.518182 0.536364 0.554545 0.572727 0.590909 0.609091 0.627273 0.645455 0.663636 0.681818 0.700000 0.718182 0.736364 0.754545 0.772727 0.790909 0.809091 0.827273 0.845455 0.863636 0.881818 0.900000 0.918182 0.936364 0.954545 0.972727 0.990909 
0 0.1054800 0.4147820 0.8896330 0.4089030 0.8900640 0.4331560 0.1059110 0.439035
вы. Пріѣхалъ изъ Степи Лукьяновъ съ дѣломъ о рощѣ.
0.010000 0.030000 0.050000 0.070000 0.090000 0.110000 0.130000 0.150000 0.170000 0.190000 0.210000 0.230000 0.250000 0.270000 0.290000 0.310000 0.330000 0.350000 0.370000 0.390000 0.410000 0.430000 0.450000 0.470000 0.490000 0.510000 0.530000 0.550000 0.570000 0.590000 0.610000 0.630000 0.650000 0.670000 0.690000 0.710000 0.730000 0.750000 0.770000 0.790000 0.810000 0.830000 0.850000 0.870000 0.890000 0.910000 0.930000 0.950000 0.970000 0.990000 
0 0.1089210 0.4407430 0.9237920 0.4350300 0.9241870 0.4588020 0.1093160 0.464515
4-е. Также хлопоталъ о піэссе и спустилъ ее окон-
0.010204 0.030612 0.051020 0.071429 0.091837 0.112245 0.132653 0.153061 0.173469 0.193878 0.214286 0.234694 0.255102 0.275510 0.295918 0.316327 0.336735 0.357143 0.377551 0.397959 0.418367 0.438776 0.459184 0.479592 0.500000 0.520408 0.540816 0.561224 0.581633 0.602041 0.622449 0.642857 0.663265 0.683673 0.704082 0.724490 0.744898 0.765306 0.785714 0.806122 0.826531 0.846939 0.867347 0.887755 0.908163 0.928571 0.948980 0.969388 0.989796 
0 0.0998290 0.4739140 0.2627990 0.4739140 0.2627990 0.4949140 0.0998290 0.494914
чательно.
0.055556 0.166667 0.277778 0.388889 0.500000 0.611111 0.722222 0.833333 0.944444 
0 0.1057800 0.4946650 0.9061200 0.4942490 0.9061510 0.5193040 0.1058110 0.519720
5-е. Утромъ отправился съ Лукьяновымъ къ Бутенопу и
0.009804 0.029412 0.049020 0.068627 0.088235 0.107843 0.127451 0.147059 0.166667 0.186275 0.205882 0.225490 0.245098 0.264706 0.284314 0.303922 0.323529 0.343137 0.362745 0.382353 0.401961 0.421569 0.441176 0.460784 0.480392 0.500000 0.519608 0.539216 0.558824 0.578431 0.598039 0.617647 0.637255 0.656863 0.676471 0.696078 0.715686 0.735294 0.754902 0.774510 0.794118 0.813725 0.833333 0.852941 0.872549 0.892157 0.911765 0.931373 0.950980 0.970588 0.990196 
0 0.1049930 0.5269850 0.9386140 0.5279150 0.9385510 0.5520330 0.1049290 0.551102
купилъ сыромятную молотильную машину за 325 р. сер.
0.009804 0.029412 0.049020 0.068627 0.088235 0.107843 0.127451 0.147059 0.166667 0.186275 0.205882 0.225490 0.245098 0.264706 0.284314 0.303922 0.323529 0.343137 0.362745 0.382353 0.401961 0.421569 0.441176 0.460784 0.480392 0.500000 0.519608 0.539216 0.558824 0.578431 0.598039 0.617647 0.637255 0.656863 0.676471 0.696078 0.715686 0.735294 0.754902 0.774510 0.794118 0.813725 0.833333 0.852941 0.872549 0.892157 0.911765 0.931373 0.950980 0.970588 0.990196 
0 0.1013220 0.5613410 0.9272300 0.5567630 0.9275530 0.5813880 0.1016460 0.585966
Обѣдалъ у тетки Елисаветы Петровны — Вечеръ у Поту-
0.009804 0.029412 0.049020 0.068627 0.088235 0.107843 0.127451 0.147059 0.166667 0.186275 0.205882 0.225490 0.245098 0.264706 0.284314 0.303922 0.323529 0.343137 0.362745 0.382353 0.401961 0.421569 0.441176 0.460784 0.480392 0.500000 0.519608 0.539216 0.558824 0.578431 0.598039 0.617647 0.637255 0.656863 0.676471 0.696078 0.715686 0.735294 0.754902 0.774510 0.794118 0.813725 0.833333 0.852941 0.872549 0.892157 0.911765 0.931373 0.950980 0.970588 0.990196 
0 0.1009370 0.5920800 0.7801180 0.5826660 0.7809240 0.6072020 0.1017430 0.616616
лова. Г-нъ Bindon. Разсужденіе и споръ.—.
0.012195 0.036585 0.060976 0.085366 0.109756 0.134146 0.158537 0.182927 0.207317 0.231707 0.256098 0.280488 0.304878 0.329268 0.353659 0.378049 0.402439 0.426829 0.451220 0.475610 0.500000 0.524390 0.548780 0.573171 0.597561 0.621951 0.646341 0.670732 0.695122 0.719512 0.743902 0.768293 0.792683 0.817073 0.841463 0.865854 0.890244 0.914634 0.939024 0.963415 0.987805 
0 0.1181840 0.6211310 0.8946320 0.6121670 0.8952220 0.6337280 0.1187740 0.642692
6-е. Сбирался въ Воскресенское — газеты. Послѣ обѣда
0.009615 0.028846 0.048077 0.067308 0.086538 0.105769 0.125000 0.144231 0.163462 0.182692 0.201923 0.221154 0.240385 0.259615 0.278846 0.298077 0.317308 0.336538 0.355769 0.375000 0.394231 0.413462 0.432692 0.451923 0.471154 0.490385 0.509615 0.528846 0.548077 0.567308 0.586538 0.605769 0.625000 0.644231 0.663462 0.682692 0.701923 0.721154 0.740385 0.759615 0.778846 0.798077 0.817308 0.836538 0.855769 0.875000 0.894231 0.913462 0.932692 0.951923 0.971154 0.990385 
0 0.1142400 0.6492390 0.9418780 0.6473680 0.9420120 0.6722970 0.1143740 0.674169
aria е scena съ Anaïs — Вечеръ провелъ у Чебаевскаго
0.009615 0.028846 0.048077 0.067308 0.086538 0.105769 0.125000 0.144231 0.163462 0.182692 0.201923 0.221154 0.240385 0.259615 0.278846 0.298077 0.317308 0.336538 0.355769 0.375000 0.394231 0.413462 0.432692 0.451923 0.471154 0.490385 0.509615 0.528846 0.548077 0.567308 0.586538 0.605769 0.625000 0.644231 0.663462 0.682692 0.701923 0.721154 0.740385 0.759615 0.778846 0.798077 0.817308 0.836538 0.855769 0.875000 0.894231 0.913462 0.932692 0.951923 0.971154 0.990385 
0 0.1188700 0.6818520 0.3782380 0.6780020 0.3790510 0.7011200 0.1196830 0.704970
игралъ въ карты.
0.031250 0.093750 0.156250 0.218750 0.281250 0.343750 0.406250 0.468750 0.531250 0.593750 0.656250 0.718750 0.781250 0.843750 0.906250 0.968750 
0 0.1221930 0.7192560 0.9105740 0.7045200 0.9115390 0.7263060 0.1231580 0.741042
7-е. Утромъ рано выѣхалъ въ Воскресенское — отдѣлы-
0.009804 0.029412 0.049020 0.068627 0.088235 0.107843 0.127451 0.147059 0.166667 0.186275 0.205882 0.225490 0.245098 0.264706 0.284314 0.303922 0.323529 0.343137 0.362745 0.382353 0.401961 0.421569 0.441176 0.460784 0.480392 0.500000 0.519608 0.539216 0.558824 0.578431 0.598039 0.617647 0.637255 0.656863 0.676471 0.696078 0.715686 0.735294 0.754902 0.774510 0.794118 0.813725 0.833333 0.852941 0.872549 0.892157 0.911765 0.931373 0.950980 0.970588 0.990196 
0 0.1260550 0.7480530 0.6729820 0.7446430 0.6733010 0.7662290 0.1263730 0.769639
вается ботаническая теплица.—.
0.016667 0.050000 0.083333 0.116667 0.150000 0.183333 0.216667 0.250000 0.283333 0.316667 0.350000 0.383333 0.416667 0.450000 0.483333 0.516667 0.550000 0.583333 0.616667 0.650000 0.683333 0.716667 0.750000 0.783333 0.816667 0.850000 0.883333 0.916667 0.950000 0.983333 
0 0.1256850 0.7751980 0.9328840 0.7639700 0.9336830 0.7881970 0.1264840 0.799426
8-е. Праздникъ. Получилъ газеты Debat et Indépendance.
0.009259 0.027778 0.046296 0.064815 0.083333 0.101852 0.120370 0.138889 0.157407 0.175926 0.194444 0.212963 0.231481 0.250000 0.268519 0.287037 0.305556 0.324074 0.342593 0.361111 0.379630 0.398148 0.416667 0.435185 0.453704 0.472222 0.490741 0.509259 0.527778 0.546296 0.564815 0.583333 0.601852 0.620370 0.638889 0.657407 0.675926 0.694444 0.712963 0.731481 0.750000 0.768519 0.787037 0.805556 0.824074 0.842593 0.861111 0.879630 0.898148 0.916667 0.935185 0.953704 0.972222 0.990741 
0 0.1241210 0.8073670 0.8408210 0.7992720 0.8414570 0.8230720 0.1247580 0.831167
Первое извѣстіе о взятіи Корниловского редута.
0.010870 0.032609 0.054348 0.076087 0.097826 0.119565 0.141304 0.163043 0.184783 0.206522 0.228261 0.250000 0.271739 0.293478 0.315217 0.336957 0.358696 0.380435 0.402174 0.423913 0.445652 0.467391 0.489130 0.510870 0.532609 0.554348 0.576087 0.597826 0.619565 0.641304 0.663043 0.684783 0.706522 0.728261 0.750000 0.771739 0.793478 0.815217 0.836957 0.858696 0.880435 0.902174 0.923913 0.945652 0.967391 0.989130 
0 0.1227650 0.8377770 0.9282270 0.8359140 0.9283630 0.8606260 0.1229000 0.862489
9-е. Начали равнять газонъ предъ домомъ. Разби-
0.010638 0.031915 0.053191 0.074468 0.095745 0.117021 0.138298 0.159574 0.180851 0.202128 0.223404 0.244681 0.265957 0.287234 0.308511 0.329787 0.351064 0.372340 0.393617 0.414894 0.436170 0.457447 0.478723 0.500000 0.521277 0.542553 0.563830 0.585106 0.606383 0.627660 0.648936 0.670213 0.691489 0.712766 0.734043 0.755319 0.776596 0.797872 0.819149 0.840426 0.861702 0.882979 0.904255 0.925532 0.946809 0.968085 0.989362 
0 0.1312850 0.8716830 0.8736070 0.8696340 0.8737610 0.8931730 0.1314390 0.895222
валъ партію отъ въѣзда на лѣво по Горѣ.
0.012821 0.038462 0.064103 0.089744 0.115385 0.141026 0.166667 0.192308 0.217949 0.243590 0.269231 0.294872 0.320513 0.346154 0.371795 0.397436 0.423077 0.448718 0.474359 0.500000 0.525641 0.551282 0.576923 0.602564 0.628205 0.653846 0.679487 0.705128 0.730769 0.756410 0.782051 0.807692 0.833333 0.858974 0.884615 0.910256 0.935897 0.961538 0.987179 
0 0.1346860 0.9054730 0.9486780 0.9026250 0.9488570 0.9242190 0.1348650 0.927066
Весь день ходилъ и дѣйствовалъ — дѣятельности
0.011111 0.033333 0.055556 0.077778 0.100000 0.122222 0.144444 0.166667 0.188889 0.211111 0.233333 0.255556 0.277778 0.300000 0.322222 0.344444 0.366667 0.388889 0.411111 0.433333 0.455556 0.477778 0.500000 0.522222 0.544444 0.566667 0.588889 0.611111 0.633333 0.655556 0.677778 0.700000 0.722222 0.744444 0.766667 0.788889 0.811111 0.833333 0.855556 0.877778 0.900000 0.922222 0.944444 0.966667 0.988889 
0 0.1416640 0.9312150 0.8609490 0.9317380 0.8609090 0.9554000 0.1416230 0.954877
много; — работалъ не много заступомъ. —
0.012821 0.038462 0.064103 0.089744 0.115385 0.141026 0.166667 0.192308 0.217949 0.243590 0.269231 0.294872 0.320513 0.346154 0.371795 0.397436 0.423077 0.448718 0.474359 0.500000 0.525641 0.551282 0.576923 0.602564 0.628205 0.653846 0.679487 0.705128 0.730769 0.756410 0.782051 0.807692 0.833333 0.858974 0.884615 0.910256 0.935897 0.961538 0.987179 
