0 0.1448120 0.1297850 0.9534230 0.1406440 0.9529810 0.1620260 0.1443700 0.151167
#
0.500000 
0 0.1576000 0.1737400 0.9298220 0.1789840 0.9295640 0.2036310 0.1573420 0.198386
#
0.500000 
0 0.1593880 0.2111360 0.9313430 0.2329400 0.9300670 0.2622780 0.1581130 0.240474
#
0.500000 
0 0.1666700 0.2593380 0.9398130 0.2772870 0.9389390 0.3017390 0.1657960 0.283790
#
0.500000 
0 0.1673090 0.3073870 0.8978080 0.3279550 0.8967470 0.3524420 0.1662470 0.331874
#
0.500000 
0 0.2000940 0.3547250 0.9173810 0.3715220 0.9164970 0.3960370 0.1992110 0.379240
#
0.500000 
0 0.1634120 0.4051430 0.8782440 0.4129080 0.8778860 0.4342960 0.1630550 0.426531
#
0.500000 
0 0.1544700 0.4423870 0.9190100 0.4539580 0.9183380 0.4827790 0.1537990 0.471208
#
0.500000 
0 0.1579610 0.4872730 0.8924070 0.5043340 0.8916430 0.5257130 0.1571970 0.508652
#
0.500000 
0 0.1539220 0.5299940 0.9395610 0.5411150 0.9389900 0.5673230 0.1533510 0.556202
#
0.500000 
0 0.1566690 0.5762000 0.9796210 0.5831500 0.9793160 0.6065960 0.1563650 0.599647
#
0.500000 
0 0.1606910 0.6188610 0.7248130 0.6286270 0.7241450 0.6536840 0.1600230 0.643918
#
0.500000 
0 0.1474730 0.6613680 0.9393410 0.6649310 0.9391710 0.6894540 0.1473030 0.685891
20. Вторникъ. Всталъ очень рано въ 5. часовъ утро отли-
0.009091 0.027273 0.045455 0.063636 0.081818 0.100000 0.118182 0.136364 0.154545 0.172727 0.190909 0.209091 0.227273 0.245455 0.263636 0.281818 0.300000 0.318182 0.336364 0.354545 0.372727 0.390909 0.409091 0.427273 0.445455 0.463636 0.481818 0.500000 0.518182 0.536364 0.554545 0.572727 0.590909 0.609091 0.627273 0.645455 0.663636 0.681818 0.700000 0.718182 0.736364 0.754545 0.772727 0.790909 0.809091 0.827273 0.845455 0.863636 0.881818 0.900000 0.918182 0.936364 0.954545 0.972727 0.990909 
0 0.1462560 0.7017510 0.9075000 0.6967000 0.9077190 0.7180960 0.1464750 0.723148
чное. Поднялъ тутъ за то что народъ выходитъ поздно
0.009804 0.029412 0.049020 0.068627 0.088235 0.107843 0.127451 0.147059 0.166667 0.186275 0.205882 0.225490 0.245098 0.264706 0.284314 0.303922 0.323529 0.343137 0.362745 0.382353 0.401961 0.421569 0.441176 0.460784 0.480392 0.500000 0.519608 0.539216 0.558824 0.578431 0.598039 0.617647 0.637255 0.656863 0.676471 0.696078 0.715686 0.735294 0.754902 0.774510 0.794118 0.813725 0.833333 0.852941 0.872549 0.892157 0.911765 0.931373 0.950980 0.970588 0.990196 
0 0.1519460 0.7347120 0.9141170 0.7278800 0.9144540 0.7523430 0.1522840 0.759174
на работу. Въ 10 часовъ явился Афремовъ. Въ 11 выѣхали
0.009259 0.027778 0.046296 0.064815 0.083333 0.101852 0.120370 0.138889 0.157407 0.175926 0.194444 0.212963 0.231481 0.250000 0.268519 0.287037 0.305556 0.324074 0.342593 0.361111 0.379630 0.398148 0.416667 0.435185 0.453704 0.472222 0.490741 0.509259 0.527778 0.546296 0.564815 0.583333 0.601852 0.620370 0.638889 0.657407 0.675926 0.694444 0.712963 0.731481 0.750000 0.768519 0.787037 0.805556 0.824074 0.842593 0.861111 0.879630 0.898148 0.916667 0.935185 0.953704 0.972222 0.990741 
0 0.1568030 0.7664820 0.9448490 0.7625430 0.9450310 0.7861570 0.1569840 0.790096
къ Аѳанасьеву въ Чернь тройкой. По шоссе ѣхали въ Гигѣ.
0.009091 0.027273 0.045455 0.063636 0.081818 0.100000 0.118182 0.136364 0.154545 0.172727 0.190909 0.209091 0.227273 0.245455 0.263636 0.281818 0.300000 0.318182 0.336364 0.354545 0.372727 0.390909 0.409091 0.427273 0.445455 0.463636 0.481818 0.500000 0.518182 0.536364 0.554545 0.572727 0.590909 0.609091 0.627273 0.645455 0.663636 0.681818 0.700000 0.718182 0.736364 0.754545 0.772727 0.790909 0.809091 0.827273 0.845455 0.863636 0.881818 0.900000 0.918182 0.936364 0.954545 0.972727 0.990909 
0 0.1574150 0.7995070 0.9047840 0.7994790 0.9047850 0.8239440 0.1574170 0.823972
Въ 3 часа возвратились назадъ къ Зыбину — у него обѣдъ
0.009259 0.027778 0.046296 0.064815 0.083333 0.101852 0.120370 0.138889 0.157407 0.175926 0.194444 0.212963 0.231481 0.250000 0.268519 0.287037 0.305556 0.324074 0.342593 0.361111 0.379630 0.398148 0.416667 0.435185 0.453704 0.472222 0.490741 0.509259 0.527778 0.546296 0.564815 0.583333 0.601852 0.620370 0.638889 0.657407 0.675926 0.694444 0.712963 0.731481 0.750000 0.768519 0.787037 0.805556 0.824074 0.842593 0.861111 0.879630 0.898148 0.916667 0.935185 0.953704 0.972222 0.990741 
0 0.1547720 0.8397920 0.9399450 0.8324490 0.9402850 0.8560860 0.1551120 0.863429
Чулковы, Татьяна Тарновская. Играли въ карты — я въ
0.009804 0.029412 0.049020 0.068627 0.088235 0.107843 0.127451 0.147059 0.166667 0.186275 0.205882 0.225490 0.245098 0.264706 0.284314 0.303922 0.323529 0.343137 0.362745 0.382353 0.401961 0.421569 0.441176 0.460784 0.480392 0.500000 0.519608 0.539216 0.558824 0.578431 0.598039 0.617647 0.637255 0.656863 0.676471 0.696078 0.715686 0.735294 0.754902 0.774510 0.794118 0.813725 0.833333 0.852941 0.872549 0.892157 0.911765 0.931373 0.950980 0.970588 0.990196 
0 0.1298880 0.8719150 0.9744040 0.8649300 0.9747380 0.8911070 0.1302210 0.898092
духѣ. Арбузъ и дыня. Воротился вечеромъ тройкой — свѣжо
0.009091 0.027273 0.045455 0.063636 0.081818 0.100000 0.118182 0.136364 0.154545 0.172727 0.190909 0.209091 0.227273 0.245455 0.263636 0.281818 0.300000 0.318182 0.336364 0.354545 0.372727 0.390909 0.409091 0.427273 0.445455 0.463636 0.481818 0.500000 0.518182 0.536364 0.554545 0.572727 0.590909 0.609091 0.627273 0.645455 0.663636 0.681818 0.700000 0.718182 0.736364 0.754545 0.772727 0.790909 0.809091 0.827273 0.845455 0.863636 0.881818 0.900000 0.918182 0.936364 0.954545 0.972727 0.990909 
