0 0.1016970 0.1106560 0.8844570 0.1027270 0.8850850 0.1267770 0.1023250 0.134706
для пріема Дамъ. Онѣ пріѣхали поздно. Обѣдали въ 6-мъ часу — было
0.007692 0.023077 0.038462 0.053846 0.069231 0.084615 0.100000 0.115385 0.130769 0.146154 0.161538 0.176923 0.192308 0.207692 0.223077 0.238462 0.253846 0.269231 0.284615 0.300000 0.315385 0.330769 0.346154 0.361538 0.376923 0.392308 0.407692 0.423077 0.438462 0.453846 0.469231 0.484615 0.500000 0.515385 0.530769 0.546154 0.561538 0.576923 0.592308 0.607692 0.623077 0.638462 0.653846 0.669231 0.684615 0.700000 0.715385 0.730769 0.746154 0.761538 0.776923 0.792308 0.807692 0.823077 0.838462 0.853846 0.869231 0.884615 0.900000 0.915385 0.930769 0.946154 0.961538 0.976923 0.992308 
0 0.0991610 0.1392080 0.8022740 0.1282560 0.8032250 0.1519360 0.1001110 0.162888
довольно весело. — Я очень весело игралъ въ карты. —
0.009615 0.028846 0.048077 0.067308 0.086538 0.105769 0.125000 0.144231 0.163462 0.182692 0.201923 0.221154 0.240385 0.259615 0.278846 0.298077 0.317308 0.336538 0.355769 0.375000 0.394231 0.413462 0.432692 0.451923 0.471154 0.490385 0.509615 0.528846 0.548077 0.567308 0.586538 0.605769 0.625000 0.644231 0.663462 0.682692 0.701923 0.721154 0.740385 0.759615 0.778846 0.798077 0.817308 0.836538 0.855769 0.875000 0.894231 0.913462 0.932692 0.951923 0.971154 0.990385 
0 0.1161620 0.1653400 0.9413050 0.1485700 0.9425570 0.1724740 0.1174150 0.189245
27-е. Всталъ въ 5-мъ часу. Переводилъ. Надо расчитывать народъ. Денегъ
0.007143 0.021429 0.035714 0.050000 0.064286 0.078571 0.092857 0.107143 0.121429 0.135714 0.150000 0.164286 0.178571 0.192857 0.207143 0.221429 0.235714 0.250000 0.264286 0.278571 0.292857 0.307143 0.321429 0.335714 0.350000 0.364286 0.378571 0.392857 0.407143 0.421429 0.435714 0.450000 0.464286 0.478571 0.492857 0.507143 0.521429 0.535714 0.550000 0.564286 0.578571 0.592857 0.607143 0.621429 0.635714 0.650000 0.664286 0.678571 0.692857 0.707143 0.721429 0.735714 0.750000 0.764286 0.778571 0.792857 0.807143 0.821429 0.835714 0.850000 0.864286 0.878571 0.892857 0.907143 0.921429 0.935714 0.950000 0.964286 0.978571 0.992857 
0 0.1125560 0.1885220 0.9285580 0.1836830 0.9289490 0.2092370 0.1129470 0.214076
нѣтъ Я отправилъ Семена Ив. въ Тулу запродать будущаго Сахара.
0.008065 0.024194 0.040323 0.056452 0.072581 0.088710 0.104839 0.120968 0.137097 0.153226 0.169355 0.185484 0.201613 0.217742 0.233871 0.250000 0.266129 0.282258 0.298387 0.314516 0.330645 0.346774 0.362903 0.379032 0.395161 0.411290 0.427419 0.443548 0.459677 0.475806 0.491935 0.508065 0.524194 0.540323 0.556452 0.572581 0.588710 0.604839 0.620968 0.637097 0.653226 0.669355 0.685484 0.701613 0.717742 0.733871 0.750000 0.766129 0.782258 0.798387 0.814516 0.830645 0.846774 0.862903 0.879032 0.895161 0.911290 0.927419 0.943548 0.959677 0.975806 0.991935 
0 0.1091280 0.2142340 0.9358550 0.2043230 0.9367090 0.2319420 0.1099820 0.241854
28-е. Ранни Всталъ рано. Столярничалъ. Расчитывалъ и отправилъ Вык-
0.007463 0.022388 0.037313 0.052239 0.067164 0.082090 0.097015 0.111940 0.126866 0.141791 0.156716 0.171642 0.186567 0.201493 0.216418 0.231343 0.246269 0.261194 0.276119 0.291045 0.305970 0.320896 0.335821 0.350746 0.365672 0.380597 0.395522 0.410448 0.425373 0.440299 0.455224 0.470149 0.485075 0.500000 0.514925 0.529851 0.544776 0.559701 0.574627 0.589552 0.604478 0.619403 0.634328 0.649254 0.664179 0.679104 0.694030 0.708955 0.723881 0.738806 0.753731 0.768657 0.783582 0.798507 0.813433 0.828358 0.843284 0.858209 0.873134 0.888060 0.902985 0.917910 0.932836 0.947761 0.962687 0.977612 0.992537 
0 0.0987590 0.2396880 0.9048230 0.2288050 0.9057410 0.2551820 0.0996770 0.266065
сунскихъ 18 человѣкъ. На обратныхъ подводахъ затребовалъ изъ Москвы
0.007463 0.022388 0.037313 0.052239 0.067164 0.082090 0.097015 0.111940 0.126866 0.141791 0.156716 0.171642 0.186567 0.201493 0.216418 0.231343 0.246269 0.261194 0.276119 0.291045 0.305970 0.320896 0.335821 0.350746 0.365672 0.380597 0.395522 0.410448 0.425373 0.440299 0.455224 0.470149 0.485075 0.500000 0.514925 0.529851 0.544776 0.559701 0.574627 0.589552 0.604478 0.619403 0.634328 0.649254 0.664179 0.679104 0.694030 0.708955 0.723881 0.738806 0.753731 0.768657 0.783582 0.798507 0.813433 0.828358 0.843284 0.858209 0.873134 0.888060 0.902985 0.917910 0.932836 0.947761 0.962687 0.977612 0.992537 
0 0.1056500 0.2684550 0.9335720 0.2574480 0.9344810 0.2839690 0.1065590 0.294977
мебели, картинъ, бронзу. Если я гдѣ-нибудь буду жить въ Россіи — такъ
0.007246 0.021739 0.036232 0.050725 0.065217 0.079710 0.094203 0.108696 0.123188 0.137681 0.152174 0.166667 0.181159 0.195652 0.210145 0.224638 0.239130 0.253623 0.268116 0.282609 0.297101 0.311594 0.326087 0.340580 0.355072 0.369565 0.384058 0.398551 0.413043 0.427536 0.442029 0.456522 0.471014 0.485507 0.500000 0.514493 0.528986 0.543478 0.557971 0.572464 0.586957 0.601449 0.615942 0.630435 0.644928 0.659420 0.673913 0.688406 0.702899 0.717391 0.731884 0.746377 0.760870 0.775362 0.789855 0.804348 0.818841 0.833333 0.847826 0.862319 0.876812 0.891304 0.905797 0.920290 0.934783 0.949275 0.963768 0.978261 0.992754 
0 0.1061230 0.2967590 0.4221020 0.2887160 0.4235090 0.3101650 0.1075300 0.318207
это сдѣсь — въ Кобылинкѣ.
0.020000 0.060000 0.100000 0.140000 0.180000 0.220000 0.260000 0.300000 0.340000 0.380000 0.420000 0.460000 0.500000 0.540000 0.580000 0.620000 0.660000 0.700000 0.740000 0.780000 0.820000 0.860000 0.900000 0.940000 0.980000 
0 0.1166270 0.3152030 0.9582430 0.3011300 0.9593300 0.3263330 0.1177130 0.340405
#
0.500000 
0 0.1235580 0.3410030 0.9277700 0.3241590 0.9292580 0.3517140 0.1250460 0.368558
#
0.500000 
0 0.1258600 0.3626620 0.9346270 0.3516850 0.9356080 0.3797220 0.1268410 0.390699
#
0.500000 
0 0.1263270 0.3935790 0.6339830 0.3824670 0.6353940 0.4074720 0.1277380 0.418584
#
0.500000 
0 0.1167210 0.4145070 0.9496610 0.4048200 0.9505660 0.4350070 0.1176260 0.444695
#
0.500000 
0 0.1185770 0.4399170 0.9533390 0.4262570 0.9543800 0.4509110 0.1196170 0.464571
#
0.500000 
0 0.1215830 0.4666550 0.6943640 0.4573800 0.6954520 0.4834540 0.1226710 0.492729
#
0.500000 
0 0.1192860 0.4968550 0.9118380 0.4749170 0.9135880 0.4994420 0.1210360 0.521380
31. Всталъ рано — переводилъ. Поѣхалъ къ Зыбину на саняхъ —
0.008475 0.025424 0.042373 0.059322 0.076271 0.093220 0.110169 0.127119 0.144068 0.161017 0.177966 0.194915 0.211864 0.228814 0.245763 0.262712 0.279661 0.296610 0.313559 0.330508 0.347458 0.364407 0.381356 0.398305 0.415254 0.432203 0.449153 0.466102 0.483051 0.500000 0.516949 0.533898 0.550847 0.567797 0.584746 0.601695 0.618644 0.635593 0.652542 0.669492 0.686441 0.703390 0.720339 0.737288 0.754237 0.771186 0.788136 0.805085 0.822034 0.838983 0.855932 0.872881 0.889831 0.906780 0.923729 0.940678 0.957627 0.974576 0.991525 
0 0.1210850 0.5215230 0.9141720 0.5008240 0.9159190 0.5267940 0.1228320 0.547493
дорога испортилась. Уже два дня стоитъ сильный Южный
0.009615 0.028846 0.048077 0.067308 0.086538 0.105769 0.125000 0.144231 0.163462 0.182692 0.201923 0.221154 0.240385 0.259615 0.278846 0.298077 0.317308 0.336538 0.355769 0.375000 0.394231 0.413462 0.432692 0.451923 0.471154 0.490385 0.509615 0.528846 0.548077 0.567308 0.586538 0.605769 0.625000 0.644231 0.663462 0.682692 0.701923 0.721154 0.740385 0.759615 0.778846 0.798077 0.817308 0.836538 0.855769 0.875000 0.894231 0.913462 0.932692 0.951923 0.971154 0.990385 
0 0.1264980 0.5493600 0.9699010 0.5299910 0.9713350 0.5542120 0.1279310 0.573580
ветеръ — и гонитъ снѣгъ. У Зыбина нашелъ станового.
0.009804 0.029412 0.049020 0.068627 0.088235 0.107843 0.127451 0.147059 0.166667 0.186275 0.205882 0.225490 0.245098 0.264706 0.284314 0.303922 0.323529 0.343137 0.362745 0.382353 0.401961 0.421569 0.441176 0.460784 0.480392 0.500000 0.519608 0.539216 0.558824 0.578431 0.598039 0.617647 0.637255 0.656863 0.676471 0.696078 0.715686 0.735294 0.754902 0.774510 0.794118 0.813725 0.833333 0.852941 0.872549 0.892157 0.911765 0.931373 0.950980 0.970588 0.990196 
0 0.1276870 0.5754380 0.9000620 0.5586750 0.9012620 0.5801350 0.1288880 0.596898
Замѣчательный расказъ о помѣщикѣ Малиновскомъ, убитомъ его
0.008621 0.025862 0.043103 0.060345 0.077586 0.094828 0.112069 0.129310 0.146552 0.163793 0.181034 0.198276 0.215517 0.232759 0.250000 0.267241 0.284483 0.301724 0.318966 0.336207 0.353448 0.370690 0.387931 0.405172 0.422414 0.439655 0.456897 0.474138 0.491379 0.508621 0.525862 0.543103 0.560345 0.577586 0.594828 0.612069 0.629310 0.646552 0.663793 0.681034 0.698276 0.715517 0.732759 0.750000 0.767241 0.784483 0.801724 0.818966 0.836207 0.853448 0.870690 0.887931 0.905172 0.922414 0.939655 0.956897 0.974138 0.991379 
0 0.1319580 0.6013120 0.8919280 0.5796160 0.8937080 0.6038020 0.1337380 0.625498
крестьянами. Какъ замѣтно это была сильная страшно
0.010000 0.030000 0.050000 0.070000 0.090000 0.110000 0.130000 0.150000 0.170000 0.190000 0.210000 0.230000 0.250000 0.270000 0.290000 0.310000 0.330000 0.350000 0.370000 0.390000 0.410000 0.430000 0.450000 0.470000 0.490000 0.510000 0.530000 0.550000 0.570000 0.590000 0.610000 0.630000 0.650000 0.670000 0.690000 0.710000 0.730000 0.750000 0.770000 0.790000 0.810000 0.830000 0.850000 0.870000 0.890000 0.910000 0.930000 0.950000 0.970000 0.990000 
0 0.1347480 0.6268030 0.9436760 0.6047600 0.9453400 0.6284420 0.1364110 0.650485
дѣятельная натура. Мѣрами сильными о и стѣснительными
0.009434 0.028302 0.047170 0.066038 0.084906 0.103774 0.122642 0.141509 0.160377 0.179245 0.198113 0.216981 0.235849 0.254717 0.273585 0.292453 0.311321 0.330189 0.349057 0.367925 0.386792 0.405660 0.424528 0.443396 0.462264 0.481132 0.500000 0.518868 0.537736 0.556604 0.575472 0.594340 0.613208 0.632075 0.650943 0.669811 0.688679 0.707547 0.726415 0.745283 0.764151 0.783019 0.801887 0.820755 0.839623 0.858491 0.877358 0.896226 0.915094 0.933962 0.952830 0.971698 0.990566 
0 0.1372560 0.6540370 0.9523310 0.6291330 0.9542410 0.6533840 0.1391660 0.678287
онъ довелъ крестьянъ до большого благосостоянія и богат-
0.008929 0.026786 0.044643 0.062500 0.080357 0.098214 0.116071 0.133929 0.151786 0.169643 0.187500 0.205357 0.223214 0.241071 0.258929 0.276786 0.294643 0.312500 0.330357 0.348214 0.366071 0.383929 0.401786 0.419643 0.437500 0.455357 0.473214 0.491071 0.508929 0.526786 0.544643 0.562500 0.580357 0.598214 0.616071 0.633929 0.651786 0.669643 0.687500 0.705357 0.723214 0.741071 0.758929 0.776786 0.794643 0.812500 0.830357 0.848214 0.866071 0.883929 0.901786 0.919643 0.937500 0.955357 0.973214 0.991071 
0 0.1371210 0.6824390 0.8899250 0.6589950 0.8918350 0.6827850 0.1390310 0.706229
ства, получивъ имѣніе разоренное и крестьянъ прожившихся —
0.008621 0.025862 0.043103 0.060345 0.077586 0.094828 0.112069 0.129310 0.146552 0.163793 0.181034 0.198276 0.215517 0.232759 0.250000 0.267241 0.284483 0.301724 0.318966 0.336207 0.353448 0.370690 0.387931 0.405172 0.422414 0.439655 0.456897 0.474138 0.491379 0.508621 0.525862 0.543103 0.560345 0.577586 0.594828 0.612069 0.629310 0.646552 0.663793 0.681034 0.698276 0.715517 0.732759 0.750000 0.767241 0.784483 0.801724 0.818966 0.836207 0.853448 0.870690 0.887931 0.905172 0.922414 0.939655 0.956897 0.974138 0.991379 
0 0.1343500 0.7114080 0.9037590 0.6825300 0.9060880 0.7066090 0.1366790 0.735487
#
0.500000 
0 0.1365150 0.7355550 0.9148730 0.7112720 0.9168080 0.7353330 0.1384500 0.759616
#
0.500000 
0 0.1333440 0.7663600 0.9202330 0.7393620 0.9224980 0.7649750 0.1356090 0.791972
#
0.500000 
0 0.1367420 0.7920660 0.9466650 0.7689700 0.9485140 0.7941210 0.1385900 0.817216
#
0.500000 
0 0.1350890 0.8178780 0.8527550 0.8005860 0.8542420 0.8245380 0.1365770 0.841830
#
0.500000 
0 0.1413890 0.8441360 0.8984410 0.8250370 0.9001600 0.8514800 0.1431090 0.870579
#
0.500000 
0 0.1448280 0.8715780 0.3502610 0.8687410 0.3510260 0.8902120 0.1455930 0.893050
#
0.500000 
0 0.1440570 0.8997620 0.8918850 0.8759470 0.8938840 0.9002930 0.1460550 0.924108
#
0.500000 
0 0.1414010 0.9271790 0.8820250 0.9171880 0.8827710 0.9386580 0.1421470 0.948649
#
0.500000 
0 0.1573500 0.9518000 0.7885650 0.9414030 0.7894770 0.9628710 0.1582620 0.973268
#
0.500000 
