0 0.0854630 0.0912030 0.8686140 0.0928690 0.8684970 0.1141170 0.0853460 0.112451
#
0.500000 
0 0.0836390 0.1184370 0.9589690 0.1217440 0.9587610 0.1429850 0.0834310 0.139679
#
0.500000 
0 0.0989800 0.1511970 0.4344540 0.1511970 0.4344540 0.1721970 0.0989800 0.172197
#
0.500000 
0 0.1029610 0.1867910 0.9374890 0.1750040 0.9382660 0.1962300 0.1037380 0.208017
#
0.500000 
0 0.1029520 0.2107920 0.9446810 0.2004370 0.9454360 0.2241310 0.1037070 0.234486
#
0.500000 
0 0.1036390 0.2367900 0.9366550 0.2233600 0.9375420 0.2445880 0.1045250 0.258018
#
0.500000 
0 0.1031010 0.2583770 0.7302250 0.2517690 0.7308050 0.2730000 0.1036810 0.279608
#
0.500000 
0 0.2287560 0.2784310 0.9178000 0.2684950 0.9187350 0.2935320 0.2296910 0.303469
#
0.500000 
0 0.1278340 0.3072130 0.4153270 0.3027010 0.4161900 0.3239310 0.1286970 0.328443
#
0.500000 
0 0.1996450 0.3473390 0.2254130 0.3623140 0.1732300 0.3969820 0.1474620 0.382007
#
0.500000 
0 0.2883300 0.3391870 0.3136410 0.3546800 0.2514090 0.3939340 0.2260970 0.378440
#
0.500000 
0 0.3695540 0.3403600 0.3948650 0.3558540 0.3326330 0.3951080 0.3073210 0.379614
#
0.500000 
0 0.4461850 0.3453210 0.4716470 0.3604910 0.4141570 0.3977460 0.3886950 0.382576
#
0.500000 
0 0.4643300 0.3808880 0.5257000 0.3448080 0.5498930 0.3606960 0.4885230 0.396776
#
0.500000 
0 0.5437300 0.3796770 0.5986990 0.3475970 0.6227800 0.3635280 0.5678110 0.395608
#
0.500000 
0 0.6316300 0.3783570 0.6921270 0.3440520 0.7159920 0.3603000 0.6554950 0.394605
#
0.500000 
0 0.7416390 0.3550460 0.9422420 0.3572060 0.9416500 0.3784440 0.7410460 0.376283
#
0.500000 
0 0.2104890 0.3574060 0.2363800 0.3724010 0.2054360 0.3930300 0.1795450 0.378036
#
0.500000 
0 0.2953100 0.3525340 0.3214300 0.3674390 0.2822350 0.3939600 0.2561140 0.379056
#
0.500000 
0 0.3678550 0.3624380 0.3930160 0.3776600 0.3660050 0.3948980 0.3408450 0.379677
#
0.500000 
0 0.4525620 0.3618480 0.4781060 0.3768980 0.4417260 0.4007390 0.4161810 0.385688
#
0.500000 
0 0.4968750 0.3809020 0.5285630 0.3638940 0.5514580 0.3803620 0.5197700 0.397371
#
0.500000 
0 0.5782570 0.3809860 0.6138570 0.3596560 0.6383610 0.3754460 0.6027600 0.396776
#
0.500000 
0 0.6606610 0.3814980 0.7002710 0.3607120 0.7228910 0.3773540 0.6832810 0.398140
#
0.500000 
0 0.7213820 0.3738610 0.9718540 0.3726500 0.9721200 0.3939000 0.7216480 0.395111
#
0.500000 
0 0.0251750 0.4027480 0.1539990 0.4010540 0.1547220 0.4222910 0.0258990 0.423986
#
0.500000 
0 0.7246560 0.3876790 0.9796600 0.3905370 0.9790440 0.4117730 0.7240390 0.408915
#
0.500000 
0 0.0193170 0.4222430 0.1621200 0.4196630 0.1631140 0.4408920 0.0203100 0.443472
#
0.500000 
0 0.1791010 0.4193700 0.2308560 0.4184120 0.2318740 0.4396460 0.1801190 0.440604
#
0.500000 
0 0.2474500 0.4178640 0.2961840 0.4178640 0.2961840 0.4388640 0.2474500 0.438864
#
0.500000 
0 0.3275410 0.4178640 0.3974310 0.4178640 0.3974310 0.4388640 0.3275410 0.438864
#
0.500000 
0 0.4144310 0.4178640 0.4676990 0.4178640 0.4676990 0.4388640 0.4144310 0.438864
#
0.500000 
0 0.4811780 0.4184770 0.5571120 0.4175060 0.5578150 0.4387510 0.4818810 0.439722
#
0.500000 
0 0.5741090 0.4173190 0.6292660 0.4166070 0.6299750 0.4378500 0.5748190 0.438562
#
0.500000 
0 0.6564620 0.4162870 0.7097300 0.4155990 0.7104420 0.4368430 0.6571740 0.437532
#
0.500000 
0 0.7282440 0.4059860 0.9809810 0.4100310 0.9801000 0.4312610 0.7273640 0.427216
#
0.500000 
0 0.7311060 0.4271090 0.9740190 0.4323440 0.9728340 0.4535680 0.7299210 0.448332
#
0.500000 
0 0.1090190 0.4560350 0.7085640 0.4477740 0.7093220 0.4690050 0.1097770 0.477265
#
0.500000 
0 0.7288930 0.4466490 0.9419620 0.4433100 0.9428240 0.4645410 0.7297540 0.467880
#
0.500000 
0 0.2436720 0.4840610 0.6966380 0.4840610 0.6966380 0.5050610 0.2436720 0.505061
#
0.500000 
0 0.1003060 0.5121210 0.8997020 0.5083440 0.8999610 0.5295840 0.1005660 0.533361
#
0.500000 
0 0.0999650 0.5319310 0.9473920 0.5227650 0.9480870 0.5475900 0.1006610 0.556756
#
0.500000 
0 0.1041390 0.5500230 0.9318710 0.5476220 0.9320470 0.5710080 0.1043140 0.573409
#
0.500000 
0 0.1013210 0.5717520 0.8912710 0.5656200 0.8916980 0.5868550 0.1017480 0.592986
#
0.500000 
0 0.1084090 0.5890310 0.8825150 0.5831140 0.8830280 0.6090490 0.1089220 0.614966
#
0.500000 
0 0.1110360 0.6120490 0.9028930 0.6050660 0.9034430 0.6291270 0.1115850 0.636110
#
0.500000 
0 0.1073260 0.6342440 0.8965240 0.6288140 0.8969760 0.6541430 0.1077770 0.659573
#
0.500000 
0 0.1096420 0.6738820 0.8909010 0.6604470 0.8918470 0.6816750 0.1105870 0.695110
#
0.500000 
0 0.1179630 0.6978250 0.9105560 0.6843920 0.9114880 0.7056200 0.1188940 0.719053
#
0.500000 
0 0.1163820 0.7194110 0.2259380 0.7184180 0.2264370 0.7396650 0.1168800 0.740658
#
0.500000 
0 0.1170390 0.7445280 0.8903660 0.7355700 0.8910030 0.7568020 0.1176760 0.765761
#
0.500000 
0 0.1213330 0.7718610 0.8855620 0.7582490 0.8866400 0.7816010 0.1224110 0.795213
#
0.500000 
0 0.1237910 0.7973680 0.9201610 0.7794590 0.9213970 0.8006800 0.1250280 0.818589
#
0.500000 
0 0.1482020 0.8161340 0.9188840 0.8034070 0.9197920 0.8246340 0.1491100 0.837362
#
0.500000 
0 0.1236790 0.8371270 0.9310080 0.8188190 0.9323580 0.8418070 0.1250290 0.860115
16-го. Оттепель. Всь снѣгъ сходитъ le petit roman continue. Почти ничего
0.006944 0.020833 0.034722 0.048611 0.062500 0.076389 0.090278 0.104167 0.118056 0.131944 0.145833 0.159722 0.173611 0.187500 0.201389 0.215278 0.229167 0.243056 0.256944 0.270833 0.284722 0.298611 0.312500 0.326389 0.340278 0.354167 0.368056 0.381944 0.395833 0.409722 0.423611 0.437500 0.451389 0.465278 0.479167 0.493056 0.506944 0.520833 0.534722 0.548611 0.562500 0.576389 0.590278 0.604167 0.618056 0.631944 0.645833 0.659722 0.673611 0.687500 0.701389 0.715278 0.729167 0.743056 0.756944 0.770833 0.784722 0.798611 0.812500 0.826389 0.840278 0.854167 0.868056 0.881944 0.895833 0.909722 0.923611 0.937500 0.951389 0.965278 0.979167 0.993056 
0 0.1236400 0.8554130 0.8550410 0.8388810 0.8564290 0.8625880 0.1250270 0.879120
не дѣлаю, встаю поздно. 4-го числа написалъ письмо къ Панаеву о
0.007937 0.023810 0.039683 0.055556 0.071429 0.087302 0.103175 0.119048 0.134921 0.150794 0.166667 0.182540 0.198413 0.214286 0.230159 0.246032 0.261905 0.277778 0.293651 0.309524 0.325397 0.341270 0.357143 0.373016 0.388889 0.404762 0.420635 0.436508 0.452381 0.468254 0.484127 0.500000 0.515873 0.531746 0.547619 0.563492 0.579365 0.595238 0.611111 0.626984 0.642857 0.658730 0.674603 0.690476 0.706349 0.722222 0.738095 0.753968 0.769841 0.785714 0.801587 0.817460 0.833333 0.849206 0.865079 0.880952 0.896825 0.912698 0.928571 0.944444 0.960317 0.976190 0.992063 
0 0.1221970 0.8807070 0.8970310 0.8616180 0.8983850 0.8828350 0.1235510 0.901925
помещеніи отрывка изъ моего перевода Гегеля. Федоръ Миловъ его
0.008065 0.024194 0.040323 0.056452 0.072581 0.088710 0.104839 0.120968 0.137097 0.153226 0.169355 0.185484 0.201613 0.217742 0.233871 0.250000 0.266129 0.282258 0.298387 0.314516 0.330645 0.346774 0.362903 0.379032 0.395161 0.411290 0.427419 0.443548 0.459677 0.475806 0.491935 0.508065 0.524194 0.540323 0.556452 0.572581 0.588710 0.604839 0.620968 0.637097 0.653226 0.669355 0.685484 0.701613 0.717742 0.733871 0.750000 0.766129 0.782258 0.798387 0.814516 0.830645 0.846774 0.862903 0.879032 0.895161 0.911290 0.927419 0.943548 0.959677 0.975806 0.991935 
0 0.1191730 0.9023030 0.4837320 0.8933080 0.4850880 0.9145260 0.1205290 0.923521
переписываетъ — я его исправляю —
0.015152 0.045455 0.075758 0.106061 0.136364 0.166667 0.196970 0.227273 0.257576 0.287879 0.318182 0.348485 0.378788 0.409091 0.439394 0.469697 0.500000 0.530303 0.560606 0.590909 0.621212 0.651515 0.681818 0.712121 0.742424 0.772727 0.803030 0.833333 0.863636 0.893939 0.924242 0.954545 0.984848 
0 0.1185110 0.9267100 0.8907020 0.9095070 0.8919260 0.9307280 0.1197350 0.947931
17-е. Встаю не рано. На заводъ хожу мало — Семенъ Иванычъ въ большомъ
0.007246 0.021739 0.036232 0.050725 0.065217 0.079710 0.094203 0.108696 0.123188 0.137681 0.152174 0.166667 0.181159 0.195652 0.210145 0.224638 0.239130 0.253623 0.268116 0.282609 0.297101 0.311594 0.326087 0.340580 0.355072 0.369565 0.384058 0.398551 0.413043 0.427536 0.442029 0.456522 0.471014 0.485507 0.500000 0.514493 0.528986 0.543478 0.557971 0.572464 0.586957 0.601449 0.615942 0.630435 0.644928 0.659420 0.673913 0.688406 0.702899 0.717391 0.731884 0.746377 0.760870 0.775362 0.789855 0.804348 0.818841 0.833333 0.847826 0.862319 0.876812 0.891304 0.905797 0.920290 0.934783 0.949275 0.963768 0.978261 0.992754 
0 0.1124990 0.9479200 0.9598510 0.9296640 0.9612930 0.9555190 0.1139420 0.973775
духѣ и только улыбается. Заводъ пошёлъ твердо. — Le petit roman continue.
0.006849 0.020548 0.034247 0.047945 0.061644 0.075342 0.089041 0.102740 0.116438 0.130137 0.143836 0.157534 0.171233 0.184932 0.198630 0.212329 0.226027 0.239726 0.253425 0.267123 0.280822 0.294521 0.308219 0.321918 0.335616 0.349315 0.363014 0.376712 0.390411 0.404110 0.417808 0.431507 0.445205 0.458904 0.472603 0.486301 0.500000 0.513699 0.527397 0.541096 0.554795 0.568493 0.582192 0.595890 0.609589 0.623288 0.636986 0.650685 0.664384 0.678082 0.691781 0.705479 0.719178 0.732877 0.746575 0.760274 0.773973 0.787671 0.801370 0.815068 0.828767 0.842466 0.856164 0.869863 0.883562 0.897260 0.910959 0.924658 0.938356 0.952055 0.965753 0.979452 0.993151 
