0 0.0879370 0.0724530 0.8258950 0.0677180 0.8262920 0.0944590 0.0883340 0.099194
18. Гроза — я кончилъ Комедію и отдалъ ее
0.012195 0.036585 0.060976 0.085366 0.109756 0.134146 0.158537 0.182927 0.207317 0.231707 0.256098 0.280488 0.304878 0.329268 0.353659 0.378049 0.402439 0.426829 0.451220 0.475610 0.500000 0.524390 0.548780 0.573171 0.597561 0.621951 0.646341 0.670732 0.695122 0.719512 0.743902 0.768293 0.792683 0.817073 0.841463 0.865854 0.890244 0.914634 0.939024 0.963415 0.987805 
0 0.0992070 0.1182380 0.9075160 0.1047420 0.9084310 0.1284350 0.1001220 0.141932
Шумскому. Получилъ письмо отъ N.N. о затрудненіяхъ въ
0.009434 0.028302 0.047170 0.066038 0.084906 0.103774 0.122642 0.141509 0.160377 0.179245 0.198113 0.216981 0.235849 0.254717 0.273585 0.292453 0.311321 0.330189 0.349057 0.367925 0.386792 0.405660 0.424528 0.443396 0.462264 0.481132 0.500000 0.518868 0.537736 0.556604 0.575472 0.594340 0.613208 0.632075 0.650943 0.669811 0.688679 0.707547 0.726415 0.745283 0.764151 0.783019 0.801887 0.820755 0.839623 0.858491 0.877358 0.896226 0.915094 0.933962 0.952830 0.971698 0.990566 
0 0.2844500 0.1382790 0.7559210 0.1281590 0.7569930 0.1497380 0.2855220 0.159858
Парижѣ относительно L.G.
0.020833 0.062500 0.104167 0.145833 0.187500 0.229167 0.270833 0.312500 0.354167 0.395833 0.437500 0.479167 0.520833 0.562500 0.604167 0.645833 0.687500 0.729167 0.770833 0.812500 0.854167 0.895833 0.937500 0.979167 
0 0.0901310 0.1658880 0.8395820 0.1492360 0.8407820 0.1725730 0.0913310 0.189225
19. Утро дождь. Выѣздъ въ Воскресенское.
0.012500 0.037500 0.062500 0.087500 0.112500 0.137500 0.162500 0.187500 0.212500 0.237500 0.262500 0.287500 0.312500 0.337500 0.362500 0.387500 0.412500 0.437500 0.462500 0.487500 0.512500 0.537500 0.562500 0.587500 0.612500 0.637500 0.662500 0.687500 0.712500 0.737500 0.762500 0.787500 0.812500 0.837500 0.862500 0.887500 0.912500 0.937500 0.962500 0.987500 
0 0.0981240 0.2052790 0.8546500 0.1876950 0.8559850 0.2125040 0.0994590 0.230088
Ссора съ An. у Калужскихъ воротъ —
0.014706 0.044118 0.073529 0.102941 0.132353 0.161765 0.191176 0.220588 0.250000 0.279412 0.308824 0.338235 0.367647 0.397059 0.426471 0.455882 0.485294 0.514706 0.544118 0.573529 0.602941 0.632353 0.661765 0.691176 0.720588 0.750000 0.779412 0.808824 0.838235 0.867647 0.897059 0.926471 0.955882 0.985294 
0 0.1045090 0.2417680 0.8985980 0.2275990 0.8995370 0.2503310 0.1054480 0.264501
примирѣніе — мы отправлялись и прибыли
0.013158 0.039474 0.065789 0.092105 0.118421 0.144737 0.171053 0.197368 0.223684 0.250000 0.276316 0.302632 0.328947 0.355263 0.381579 0.407895 0.434211 0.460526 0.486842 0.513158 0.539474 0.565789 0.592105 0.618421 0.644737 0.671053 0.697368 0.723684 0.750000 0.776316 0.802632 0.828947 0.855263 0.881579 0.907895 0.934211 0.960526 0.986842 
0 0.1061310 0.2799490 0.8618090 0.2630790 0.8630550 0.2871920 0.1073770 0.304061
въ Воскресенское въ 5 часовъ. Вечеръ
0.013889 0.041667 0.069444 0.097222 0.125000 0.152778 0.180556 0.208333 0.236111 0.263889 0.291667 0.319444 0.347222 0.375000 0.402778 0.430556 0.458333 0.486111 0.513889 0.541667 0.569444 0.597222 0.625000 0.652778 0.680556 0.708333 0.736111 0.763889 0.791667 0.819444 0.847222 0.875000 0.902778 0.930556 0.958333 0.986111 
0 0.1090210 0.3130990 0.9405620 0.3005360 0.9413880 0.3241480 0.1098460 0.336710
хорошъ. Покосъ остановился. Навозъ продолжаютъ
0.010870 0.032609 0.054348 0.076087 0.097826 0.119565 0.141304 0.163043 0.184783 0.206522 0.228261 0.250000 0.271739 0.293478 0.315217 0.336957 0.358696 0.380435 0.402174 0.423913 0.445652 0.467391 0.489130 0.510870 0.532609 0.554348 0.576087 0.597826 0.619565 0.641304 0.663043 0.684783 0.706522 0.728261 0.750000 0.771739 0.793478 0.815217 0.836957 0.858696 0.880435 0.902174 0.923913 0.945652 0.967391 0.989130 
0 0.1142780 0.3579050 0.8833660 0.3433240 0.8844200 0.3673430 0.1153320 0.381924
возить и уже занавозили 12-ть десятинъ.
0.012821 0.038462 0.064103 0.089744 0.115385 0.141026 0.166667 0.192308 0.217949 0.243590 0.269231 0.294872 0.320513 0.346154 0.371795 0.397436 0.423077 0.448718 0.474359 0.500000 0.525641 0.551282 0.576923 0.602564 0.628205 0.653846 0.679487 0.705128 0.730769 0.756410 0.782051 0.807692 0.833333 0.858974 0.884615 0.910256 0.935897 0.961538 0.987179 
0 0.1203350 0.4026420 0.9276970 0.3844330 0.9290120 0.4096290 0.1216500 0.427837
Клубника во всемъ развалѣ. Малина, смородина
0.011364 0.034091 0.056818 0.079545 0.102273 0.125000 0.147727 0.170455 0.193182 0.215909 0.238636 0.261364 0.284091 0.306818 0.329545 0.352273 0.375000 0.397727 0.420455 0.443182 0.465909 0.488636 0.511364 0.534091 0.556818 0.579545 0.602273 0.625000 0.647727 0.670455 0.693182 0.715909 0.738636 0.761364 0.784091 0.806818 0.829545 0.852273 0.875000 0.897727 0.920455 0.943182 0.965909 0.988636 
0 0.1181820 0.4368360 0.8677390 0.4293480 0.8682510 0.4514770 0.1186930 0.458965
и вишня начинаютъ поспѣвать. Рожь
0.015152 0.045455 0.075758 0.106061 0.136364 0.166667 0.196970 0.227273 0.257576 0.287879 0.318182 0.348485 0.378788 0.409091 0.439394 0.469697 0.500000 0.530303 0.560606 0.590909 0.621212 0.651515 0.681818 0.712121 0.742424 0.772727 0.803030 0.833333 0.863636 0.893939 0.924242 0.954545 0.984848 
0 0.1064640 0.4774400 0.8774050 0.4667820 0.8780960 0.4883720 0.1071550 0.499030
желтѣетъ — овсы выкашиваются но
0.016129 0.048387 0.080645 0.112903 0.145161 0.177419 0.209677 0.241935 0.274194 0.306452 0.338710 0.370968 0.403226 0.435484 0.467742 0.500000 0.532258 0.564516 0.596774 0.629032 0.661290 0.693548 0.725806 0.758065 0.790323 0.822581 0.854839 0.887097 0.919355 0.951613 0.983871 
0 0.1088110 0.5185410 0.9206750 0.5022000 0.9218480 0.5273800 0.1099840 0.543721
плохи, мелкіе и отъ жаровъ задержались.
0.012821 0.038462 0.064103 0.089744 0.115385 0.141026 0.166667 0.192308 0.217949 0.243590 0.269231 0.294872 0.320513 0.346154 0.371795 0.397436 0.423077 0.448718 0.474359 0.500000 0.525641 0.551282 0.576923 0.602564 0.628205 0.653846 0.679487 0.705128 0.730769 0.756410 0.782051 0.807692 0.833333 0.858974 0.884615 0.910256 0.935897 0.961538 0.987179 
0 0.1138190 0.5596560 0.9061520 0.5536740 0.9065830 0.5783030 0.1142500 0.584286
20-е. День тёплый къ вечеру дождь. Обходилъ поля.
0.010204 0.030612 0.051020 0.071429 0.091837 0.112245 0.132653 0.153061 0.173469 0.193878 0.214286 0.234694 0.255102 0.275510 0.295918 0.316327 0.336735 0.357143 0.377551 0.397959 0.418367 0.438776 0.459184 0.479592 0.500000 0.520408 0.540816 0.561224 0.581633 0.602041 0.622449 0.642857 0.663265 0.683673 0.704082 0.724490 0.744898 0.765306 0.785714 0.806122 0.826531 0.846939 0.867347 0.887755 0.908163 0.928571 0.948980 0.969388 0.989796 
0 0.1067520 0.5990250 0.9026640 0.5947470 0.9029700 0.6192970 0.1070570 0.623575
Рожь желтѣетъ и наливаетъ. Картофель вышелъ
0.011628 0.034884 0.058140 0.081395 0.104651 0.127907 0.151163 0.174419 0.197674 0.220930 0.244186 0.267442 0.290698 0.313953 0.337209 0.360465 0.383721 0.406977 0.430233 0.453488 0.476744 0.500000 0.523256 0.546512 0.569767 0.593023 0.616279 0.639535 0.662791 0.686047 0.709302 0.732558 0.755814 0.779070 0.802326 0.825581 0.848837 0.872093 0.895349 0.918605 0.941860 0.965116 0.988372 
0 0.1050530 0.6385090 0.8483680 0.6360700 0.8485320 0.6577050 0.1052180 0.660143
ростомъ до 3-хъ вершковъ и до четверти; овесъ мелокъ
0.009615 0.028846 0.048077 0.067308 0.086538 0.105769 0.125000 0.144231 0.163462 0.182692 0.201923 0.221154 0.240385 0.259615 0.278846 0.298077 0.317308 0.336538 0.355769 0.375000 0.394231 0.413462 0.432692 0.451923 0.471154 0.490385 0.509615 0.528846 0.548077 0.567308 0.586538 0.605769 0.625000 0.644231 0.663462 0.682692 0.701923 0.721154 0.740385 0.759615 0.778846 0.798077 0.817308 0.836538 0.855769 0.875000 0.894231 0.913462 0.932692 0.951923 0.971154 0.990385 
0 0.1049450 0.6777660 0.8562810 0.6729990 0.8565980 0.6946050 0.1052630 0.699373
задержался и начинаетъ выметываться. Днемъ
0.011905 0.035714 0.059524 0.083333 0.107143 0.130952 0.154762 0.178571 0.202381 0.226190 0.250000 0.273810 0.297619 0.321429 0.345238 0.369048 0.392857 0.416667 0.440476 0.464286 0.488095 0.511905 0.535714 0.559524 0.583333 0.607143 0.630952 0.654762 0.678571 0.702381 0.726190 0.750000 0.773810 0.797619 0.821429 0.845238 0.869048 0.892857 0.916667 0.940476 0.964286 0.988095 
0 0.1075120 0.7155230 0.9016170 0.7079420 0.9021550 0.7322830 0.1080500 0.739864
работалъ сколь могъ. Вечеромъ катался съ Anaïs въ шараба-
0.008772 0.026316 0.043860 0.061404 0.078947 0.096491 0.114035 0.131579 0.149123 0.166667 0.184211 0.201754 0.219298 0.236842 0.254386 0.271930 0.289474 0.307018 0.324561 0.342105 0.359649 0.377193 0.394737 0.412281 0.429825 0.447368 0.464912 0.482456 0.500000 0.517544 0.535088 0.552632 0.570175 0.587719 0.605263 0.622807 0.640351 0.657895 0.675439 0.692982 0.710526 0.728070 0.745614 0.763158 0.780702 0.798246 0.815789 0.833333 0.850877 0.868421 0.885965 0.903509 0.921053 0.938596 0.956140 0.973684 0.991228 
0 0.1053620 0.7478960 0.2675690 0.7487700 0.2672990 0.7703500 0.1050930 0.769476
нюшкѣ.—.
0.062500 0.187500 0.312500 0.437500 0.562500 0.687500 0.812500 0.937500 
0 0.0997790 0.7809870 0.8172470 0.7801090 0.8173080 0.8016940 0.0998400 0.802572
21. 22-е. Вѣтеръ Сѣверный во вѣсь день
0.013158 0.039474 0.065789 0.092105 0.118421 0.144737 0.171053 0.197368 0.223684 0.250000 0.276316 0.302632 0.328947 0.355263 0.381579 0.407895 0.434211 0.460526 0.486842 0.513158 0.539474 0.565789 0.592105 0.618421 0.644737 0.671053 0.697368 0.723684 0.750000 0.776316 0.802632 0.828947 0.855263 0.881579 0.907895 0.934211 0.960526 0.986842 
0 0.0928240 0.8200300 0.9020920 0.8230420 0.9019060 0.8446700 0.0926380 0.841658
мгла во всей окрестности: синій туманъ,
0.012821 0.038462 0.064103 0.089744 0.115385 0.141026 0.166667 0.192308 0.217949 0.243590 0.269231 0.294872 0.320513 0.346154 0.371795 0.397436 0.423077 0.448718 0.474359 0.500000 0.525641 0.551282 0.576923 0.602564 0.628205 0.653846 0.679487 0.705128 0.730769 0.756410 0.782051 0.807692 0.833333 0.858974 0.884615 0.910256 0.935897 0.961538 0.987179 
0 0.0991520 0.8551890 0.8638570 0.8599570 0.8635450 0.8815650 0.0988400 0.876796
облекающій всю даль, такъ что за пять
0.013514 0.040541 0.067568 0.094595 0.121622 0.148649 0.175676 0.202703 0.229730 0.256757 0.283784 0.310811 0.337838 0.364865 0.391892 0.418919 0.445946 0.472973 0.500000 0.527027 0.554054 0.581081 0.608108 0.635135 0.662162 0.689189 0.716216 0.743243 0.770270 0.797297 0.824324 0.851351 0.878378 0.905405 0.932432 0.959459 0.986486 
0 0.0964740 0.8929340 0.8941470 0.8977130 0.8938030 0.9225410 0.0961300 0.917762
верстъ ничего не видно, въ воздухѣ тяжело
0.012195 0.036585 0.060976 0.085366 0.109756 0.134146 0.158537 0.182927 0.207317 0.231707 0.256098 0.280488 0.304878 0.329268 0.353659 0.378049 0.402439 0.426829 0.451220 0.475610 0.500000 0.524390 0.548780 0.573171 0.597561 0.621951 0.646341 0.670732 0.695122 0.719512 0.743902 0.768293 0.792683 0.817073 0.841463 0.865854 0.890244 0.914634 0.939024 0.963415 0.987805 
0 0.0832940 0.9280120 0.8605350 0.9370210 0.8598400 0.9629120 0.0826000 0.953903
и холодно. Вечеромъ пріѣхалъ ко мнѣ Самсонъ..
0.011111 0.033333 0.055556 0.077778 0.100000 0.122222 0.144444 0.166667 0.188889 0.211111 0.233333 0.255556 0.277778 0.300000 0.322222 0.344444 0.366667 0.388889 0.411111 0.433333 0.455556 0.477778 0.500000 0.522222 0.544444 0.566667 0.588889 0.611111 0.633333 0.655556 0.677778 0.700000 0.722222 0.744444 0.766667 0.788889 0.811111 0.833333 0.855556 0.877778 0.900000 0.922222 0.944444 0.966667 0.988889 
