0 0.0777410 0.0956920 0.8801200 0.0831790 0.8806200 0.1045670 0.0782410 0.117080
Не выходилъ никуда. Занимался дома. Переводилъ Логику. Пони-
0.008333 0.025000 0.041667 0.058333 0.075000 0.091667 0.108333 0.125000 0.141667 0.158333 0.175000 0.191667 0.208333 0.225000 0.241667 0.258333 0.275000 0.291667 0.308333 0.325000 0.341667 0.358333 0.375000 0.391667 0.408333 0.425000 0.441667 0.458333 0.475000 0.491667 0.508333 0.525000 0.541667 0.558333 0.575000 0.591667 0.608333 0.625000 0.641667 0.658333 0.675000 0.691667 0.708333 0.725000 0.741667 0.758333 0.775000 0.791667 0.808333 0.825000 0.841667 0.858333 0.875000 0.891667 0.908333 0.925000 0.941667 0.958333 0.975000 0.991667 
0 0.0733210 0.1361550 0.6199850 0.1244010 0.6206740 0.1457860 0.0740110 0.157540
малъ ясно. Вечеромъ уделывалъ четвертый актъ. —
0.010638 0.031915 0.053191 0.074468 0.095745 0.117021 0.138298 0.159574 0.180851 0.202128 0.223404 0.244681 0.265957 0.287234 0.308511 0.329787 0.351064 0.372340 0.393617 0.414894 0.436170 0.457447 0.478723 0.500000 0.521277 0.542553 0.563830 0.585106 0.606383 0.627660 0.648936 0.670213 0.691489 0.712766 0.734043 0.755319 0.776596 0.797872 0.819149 0.840426 0.861702 0.882979 0.904255 0.925532 0.946809 0.968085 0.989362 
0 0.0794890 0.1736570 0.8789960 0.1575420 0.8797060 0.1810610 0.0801990 0.197176
23. 24. Не выходилъ никуда. Писалъ піэссу. Читалъ Шекспира...
0.008197 0.024590 0.040984 0.057377 0.073770 0.090164 0.106557 0.122951 0.139344 0.155738 0.172131 0.188525 0.204918 0.221311 0.237705 0.254098 0.270492 0.286885 0.303279 0.319672 0.336066 0.352459 0.368852 0.385246 0.401639 0.418033 0.434426 0.450820 0.467213 0.483607 0.500000 0.516393 0.532787 0.549180 0.565574 0.581967 0.598361 0.614754 0.631148 0.647541 0.663934 0.680328 0.696721 0.713115 0.729508 0.745902 0.762295 0.778689 0.795082 0.811475 0.827869 0.844262 0.860656 0.877049 0.893443 0.909836 0.926230 0.942623 0.959016 0.975410 0.991803 
0 0.0799910 0.2123950 0.3209400 0.2072420 0.3216260 0.2286280 0.0806760 0.233781
Вечеромъ всенощная.
0.026316 0.078947 0.131579 0.184211 0.236842 0.289474 0.342105 0.394737 0.447368 0.500000 0.552632 0.605263 0.657895 0.710526 0.763158 0.815789 0.868421 0.921053 0.973684 
0 0.0791680 0.2495040 0.8418610 0.2212560 0.8432590 0.2464480 0.0805670 0.274696
25. Тепло. 3 гр. мороза. Всталъ по утру. Долго не одѣвался —
0.008333 0.025000 0.041667 0.058333 0.075000 0.091667 0.108333 0.125000 0.141667 0.158333 0.175000 0.191667 0.208333 0.225000 0.241667 0.258333 0.275000 0.291667 0.308333 0.325000 0.341667 0.358333 0.375000 0.391667 0.408333 0.425000 0.441667 0.458333 0.475000 0.491667 0.508333 0.525000 0.541667 0.558333 0.575000 0.591667 0.608333 0.625000 0.641667 0.658333 0.675000 0.691667 0.708333 0.725000 0.741667 0.758333 0.775000 0.791667 0.808333 0.825000 0.841667 0.858333 0.875000 0.891667 0.908333 0.925000 0.941667 0.958333 0.975000 0.991667 
0 0.0773610 0.2831560 0.8543840 0.2609120 0.8554950 0.2868210 0.0784730 0.309065
написалъ Сцену Лидочьки 4-го акта съ Атуевой и Муромскимъ
0.008772 0.026316 0.043860 0.061404 0.078947 0.096491 0.114035 0.131579 0.149123 0.166667 0.184211 0.201754 0.219298 0.236842 0.254386 0.271930 0.289474 0.307018 0.324561 0.342105 0.359649 0.377193 0.394737 0.412281 0.429825 0.447368 0.464912 0.482456 0.500000 0.517544 0.535088 0.552632 0.570175 0.587719 0.605263 0.622807 0.640351 0.657895 0.675439 0.692982 0.710526 0.728070 0.745614 0.763158 0.780702 0.798246 0.815789 0.833333 0.850877 0.868421 0.885965 0.903509 0.921053 0.938596 0.956140 0.973684 0.991228 
0 0.0806570 0.3178940 0.8229990 0.2948890 0.8240900 0.3183750 0.0817480 0.341380
и окончилъ сцену складчины — такимъ образомъ почти вѣсь
0.009091 0.027273 0.045455 0.063636 0.081818 0.100000 0.118182 0.136364 0.154545 0.172727 0.190909 0.209091 0.227273 0.245455 0.263636 0.281818 0.300000 0.318182 0.336364 0.354545 0.372727 0.390909 0.409091 0.427273 0.445455 0.463636 0.481818 0.500000 0.518182 0.536364 0.554545 0.572727 0.590909 0.609091 0.627273 0.645455 0.663636 0.681818 0.700000 0.718182 0.736364 0.754545 0.772727 0.790909 0.809091 0.827273 0.845455 0.863636 0.881818 0.900000 0.918182 0.936364 0.954545 0.972727 0.990909 
0 0.0826170 0.3486830 0.8477120 0.3242900 0.8488600 0.3483140 0.0837650 0.372708
4-й актъ готовъ. Принималъ людей и угощалъ ихъ. Третьяго
0.008929 0.026786 0.044643 0.062500 0.080357 0.098214 0.116071 0.133929 0.151786 0.169643 0.187500 0.205357 0.223214 0.241071 0.258929 0.276786 0.294643 0.312500 0.330357 0.348214 0.366071 0.383929 0.401786 0.419643 0.437500 0.455357 0.473214 0.491071 0.508929 0.526786 0.544643 0.562500 0.580357 0.598214 0.616071 0.633929 0.651786 0.669643 0.687500 0.705357 0.723214 0.741071 0.758929 0.776786 0.794643 0.812500 0.830357 0.848214 0.866071 0.883929 0.901786 0.919643 0.937500 0.955357 0.973214 0.991071 
0 0.0873410 0.3785090 0.9133600 0.3556970 0.9145340 0.3840600 0.0885150 0.406872
дня полученъ Указъ о составленіи Комитетовъ въ трехъ Бѣлорускихъ
0.007813 0.023438 0.039063 0.054688 0.070313 0.085938 0.101563 0.117188 0.132813 0.148438 0.164063 0.179688 0.195313 0.210938 0.226563 0.242188 0.257813 0.273438 0.289063 0.304688 0.320313 0.335938 0.351563 0.367188 0.382813 0.398438 0.414063 0.429688 0.445313 0.460938 0.476563 0.492188 0.507813 0.523438 0.539063 0.554688 0.570313 0.585938 0.601563 0.617188 0.632813 0.648438 0.664063 0.679688 0.695313 0.710938 0.726563 0.742188 0.757813 0.773438 0.789063 0.804688 0.820313 0.835938 0.851563 0.867188 0.882813 0.898438 0.914063 0.929688 0.945313 0.960938 0.976563 0.992188 
0 0.0860340 0.4139280 0.8973630 0.3923550 0.8983340 0.4167320 0.0870060 0.438304
губерніяхъ и въ С. Петербургской. Указъ я передавалъ священнику.
0.007813 0.023438 0.039063 0.054688 0.070313 0.085938 0.101563 0.117188 0.132813 0.148438 0.164063 0.179688 0.195313 0.210938 0.226563 0.242188 0.257813 0.273438 0.289063 0.304688 0.320313 0.335938 0.351563 0.367188 0.382813 0.398438 0.414063 0.429688 0.445313 0.460938 0.476563 0.492188 0.507813 0.523438 0.539063 0.554688 0.570313 0.585938 0.601563 0.617188 0.632813 0.648438 0.664063 0.679688 0.695313 0.710938 0.726563 0.742188 0.757813 0.773438 0.789063 0.804688 0.820313 0.835938 0.851563 0.867188 0.882813 0.898438 0.914063 0.929688 0.945313 0.960938 0.976563 0.992188 
0 0.0884160 0.4473510 0.9055510 0.4292270 0.9063900 0.4544610 0.0892550 0.472586
Разговоръ объ освобожденіи. Разкасъ священника о понятіяхъ крестьянъ
0.007353 0.022059 0.036765 0.051471 0.066176 0.080882 0.095588 0.110294 0.125000 0.139706 0.154412 0.169118 0.183824 0.198529 0.213235 0.227941 0.242647 0.257353 0.272059 0.286765 0.301471 0.316176 0.330882 0.345588 0.360294 0.375000 0.389706 0.404412 0.419118 0.433824 0.448529 0.463235 0.477941 0.492647 0.507353 0.522059 0.536765 0.551471 0.566176 0.580882 0.595588 0.610294 0.625000 0.639706 0.654412 0.669118 0.683824 0.698529 0.713235 0.727941 0.742647 0.757353 0.772059 0.786765 0.801471 0.816176 0.830882 0.845588 0.860294 0.875000 0.889706 0.904412 0.919118 0.933824 0.948529 0.963235 0.977941 0.992647 
0 0.0883090 0.4804400 0.8559350 0.4623560 0.8568890 0.4893870 0.0892630 0.507471
они всѣ ожидаютъ, что Государь надѣлитъ ихъ землями изъ
0.009091 0.027273 0.045455 0.063636 0.081818 0.100000 0.118182 0.136364 0.154545 0.172727 0.190909 0.209091 0.227273 0.245455 0.263636 0.281818 0.300000 0.318182 0.336364 0.354545 0.372727 0.390909 0.409091 0.427273 0.445455 0.463636 0.481818 0.500000 0.518182 0.536364 0.554545 0.572727 0.590909 0.609091 0.627273 0.645455 0.663636 0.681818 0.700000 0.718182 0.736364 0.754545 0.772727 0.790909 0.809091 0.827273 0.845455 0.863636 0.881818 0.900000 0.918182 0.936364 0.954545 0.972727 0.990909 
0 0.0893130 0.5147420 0.9321740 0.4934430 0.9330930 0.5177080 0.0902330 0.539008
отъ помѣщиковъ. Священникъ старался имъ доказать, что это невоз-
0.007813 0.023438 0.039063 0.054688 0.070313 0.085938 0.101563 0.117188 0.132813 0.148438 0.164063 0.179688 0.195313 0.210938 0.226563 0.242188 0.257813 0.273438 0.289063 0.304688 0.320313 0.335938 0.351563 0.367188 0.382813 0.398438 0.414063 0.429688 0.445313 0.460938 0.476563 0.492188 0.507813 0.523438 0.539063 0.554688 0.570313 0.585938 0.601563 0.617188 0.632813 0.648438 0.664063 0.679688 0.695313 0.710938 0.726563 0.742188 0.757813 0.773438 0.789063 0.804688 0.820313 0.835938 0.851563 0.867188 0.882813 0.898438 0.914063 0.929688 0.945313 0.960938 0.976563 0.992188 
0 0.0838730 0.5517140 0.9119120 0.5233820 0.9131650 0.5478070 0.0851260 0.576140
можно — ибо де помѣщики за эти земли заплатили тѣ же деньги
0.008475 0.025424 0.042373 0.059322 0.076271 0.093220 0.110169 0.127119 0.144068 0.161017 0.177966 0.194915 0.211864 0.228814 0.245763 0.262712 0.279661 0.296610 0.313559 0.330508 0.347458 0.364407 0.381356 0.398305 0.415254 0.432203 0.449153 0.466102 0.483051 0.500000 0.516949 0.533898 0.550847 0.567797 0.584746 0.601695 0.618644 0.635593 0.652542 0.669492 0.686441 0.703390 0.720339 0.737288 0.754237 0.771186 0.788136 0.805085 0.822034 0.838983 0.855932 0.872881 0.889831 0.906780 0.923729 0.940678 0.957627 0.974576 0.991525 
0 0.0842250 0.5832200 0.8988540 0.5546420 0.9003150 0.5824240 0.0856860 0.611001
какъ и другіе частные люди. Крестьяне говорятъ: такъ то такъ —
0.008065 0.024194 0.040323 0.056452 0.072581 0.088710 0.104839 0.120968 0.137097 0.153226 0.169355 0.185484 0.201613 0.217742 0.233871 0.250000 0.266129 0.282258 0.298387 0.314516 0.330645 0.346774 0.362903 0.379032 0.395161 0.411290 0.427419 0.443548 0.459677 0.475806 0.491935 0.508065 0.524194 0.540323 0.556452 0.572581 0.588710 0.604839 0.620968 0.637097 0.653226 0.669355 0.685484 0.701613 0.717742 0.733871 0.750000 0.766129 0.782258 0.798387 0.814516 0.830645 0.846774 0.862903 0.879032 0.895161 0.911290 0.927419 0.943548 0.959677 0.975806 0.991935 
0 0.0823010 0.6201720 0.9083110 0.5857840 0.9098980 0.6112040 0.0838870 0.645592
а всё Государь ужъ какъ нибудь и сдѣлаетъ. Семенъ Ив. и священ-
0.007937 0.023810 0.039683 0.055556 0.071429 0.087302 0.103175 0.119048 0.134921 0.150794 0.166667 0.182540 0.198413 0.214286 0.230159 0.246032 0.261905 0.277778 0.293651 0.309524 0.325397 0.341270 0.357143 0.373016 0.388889 0.404762 0.420635 0.436508 0.452381 0.468254 0.484127 0.500000 0.515873 0.531746 0.547619 0.563492 0.579365 0.595238 0.611111 0.626984 0.642857 0.658730 0.674603 0.690476 0.706349 0.722222 0.738095 0.753968 0.769841 0.785714 0.801587 0.817460 0.833333 0.849206 0.865079 0.880952 0.896825 0.912698 0.928571 0.944444 0.960317 0.976190 0.992063 
0 0.0825010 0.6499510 0.8990210 0.6214870 0.9003130 0.6462120 0.0837930 0.674677
никъ увѣряютъ, что крестьянамъ въ общей массѣ лучше не будетъ.
0.008065 0.024194 0.040323 0.056452 0.072581 0.088710 0.104839 0.120968 0.137097 0.153226 0.169355 0.185484 0.201613 0.217742 0.233871 0.250000 0.266129 0.282258 0.298387 0.314516 0.330645 0.346774 0.362903 0.379032 0.395161 0.411290 0.427419 0.443548 0.459677 0.475806 0.491935 0.508065 0.524194 0.540323 0.556452 0.572581 0.588710 0.604839 0.620968 0.637097 0.653226 0.669355 0.685484 0.701613 0.717742 0.733871 0.750000 0.766129 0.782258 0.798387 0.814516 0.830645 0.846774 0.862903 0.879032 0.895161 0.911290 0.927419 0.943548 0.959677 0.975806 0.991935 
0 0.0750340 0.6823380 0.9291910 0.6572400 0.9302650 0.6816340 0.0761080 0.706731
Семенъ Иванычъ приводилъ въ примѣръ Михайловскихъ крестьянъ Графа
0.007692 0.023077 0.038462 0.053846 0.069231 0.084615 0.100000 0.115385 0.130769 0.146154 0.161538 0.176923 0.192308 0.207692 0.223077 0.238462 0.253846 0.269231 0.284615 0.300000 0.315385 0.330769 0.346154 0.361538 0.376923 0.392308 0.407692 0.423077 0.438462 0.453846 0.469231 0.484615 0.500000 0.515385 0.530769 0.546154 0.561538 0.576923 0.592308 0.607692 0.623077 0.638462 0.653846 0.669231 0.684615 0.700000 0.715385 0.730769 0.746154 0.761538 0.776923 0.792308 0.807692 0.823077 0.838462 0.853846 0.869231 0.884615 0.900000 0.915385 0.930769 0.946154 0.961538 0.976923 0.992308 
0 0.0793450 0.7103960 0.8755400 0.6898780 0.8764340 0.7130310 0.0802400 0.733549
Бобринскаго, которые даже и не желаютъ отъ него отходить. —
0.008475 0.025424 0.042373 0.059322 0.076271 0.093220 0.110169 0.127119 0.144068 0.161017 0.177966 0.194915 0.211864 0.228814 0.245763 0.262712 0.279661 0.296610 0.313559 0.330508 0.347458 0.364407 0.381356 0.398305 0.415254 0.432203 0.449153 0.466102 0.483051 0.500000 0.516949 0.533898 0.550847 0.567797 0.584746 0.601695 0.618644 0.635593 0.652542 0.669492 0.686441 0.703390 0.720339 0.737288 0.754237 0.771186 0.788136 0.805085 0.822034 0.838983 0.855932 0.872881 0.889831 0.906780 0.923729 0.940678 0.957627 0.974576 0.991525 
0 0.0822470 0.7426300 0.9121860 0.7223000 0.9130770 0.7465650 0.0831380 0.766895
Вечеромъ читалъ Байрона Каина. Великая вещь. Поэзія абстракціи.
0.007937 0.023810 0.039683 0.055556 0.071429 0.087302 0.103175 0.119048 0.134921 0.150794 0.166667 0.182540 0.198413 0.214286 0.230159 0.246032 0.261905 0.277778 0.293651 0.309524 0.325397 0.341270 0.357143 0.373016 0.388889 0.404762 0.420635 0.436508 0.452381 0.468254 0.484127 0.500000 0.515873 0.531746 0.547619 0.563492 0.579365 0.595238 0.611111 0.626984 0.642857 0.658730 0.674603 0.690476 0.706349 0.722222 0.738095 0.753968 0.769841 0.785714 0.801587 0.817460 0.833333 0.849206 0.865079 0.880952 0.896825 0.912698 0.928571 0.944444 0.960317 0.976190 0.992063 
0 0.0836380 0.7742450 0.8802770 0.7559540 0.8811590 0.7815710 0.0845190 0.799863
Вообще собою доволенъ — ибо піэсса идётъ. Живу одинъ и
0.009259 0.027778 0.046296 0.064815 0.083333 0.101852 0.120370 0.138889 0.157407 0.175926 0.194444 0.212963 0.231481 0.250000 0.268519 0.287037 0.305556 0.324074 0.342593 0.361111 0.379630 0.398148 0.416667 0.435185 0.453704 0.472222 0.490741 0.509259 0.527778 0.546296 0.564815 0.583333 0.601852 0.620370 0.638889 0.657407 0.675926 0.694444 0.712963 0.731481 0.750000 0.768519 0.787037 0.805556 0.824074 0.842593 0.861111 0.879630 0.898148 0.916667 0.935185 0.953704 0.972222 0.990741 
0 0.0836610 0.8103100 0.4173950 0.7948290 0.4189880 0.8177370 0.0852540 0.833218
совершенно не скучно. —
0.021739 0.065217 0.108696 0.152174 0.195652 0.239130 0.282609 0.326087 0.369565 0.413043 0.456522 0.500000 0.543478 0.586957 0.630435 0.673913 0.717391 0.760870 0.804348 0.847826 0.891304 0.934783 0.978261 
0 0.0939820 0.8363850 0.8850190 0.8121550 0.8861530 0.8368540 0.0951160 0.861084
26-е. Всталъ рано — дѣлалъ Гимнастику — писалъ піэссу 4-ой
0.008621 0.025862 0.043103 0.060345 0.077586 0.094828 0.112069 0.129310 0.146552 0.163793 0.181034 0.198276 0.215517 0.232759 0.250000 0.267241 0.284483 0.301724 0.318966 0.336207 0.353448 0.370690 0.387931 0.405172 0.422414 0.439655 0.456897 0.474138 0.491379 0.508621 0.525862 0.543103 0.560345 0.577586 0.594828 0.612069 0.629310 0.646552 0.663793 0.681034 0.698276 0.715517 0.732759 0.750000 0.767241 0.784483 0.801724 0.818966 0.836207 0.853448 0.870690 0.887931 0.905172 0.922414 0.939655 0.956897 0.974138 0.991379 
0 0.1052260 0.8609440 0.9066530 0.8465080 0.9073080 0.8707610 0.1058810 0.885197
актъ на черно. Ходилъ въ лѣсъ и чистилъ заросли у втораго
0.008772 0.026316 0.043860 0.061404 0.078947 0.096491 0.114035 0.131579 0.149123 0.166667 0.184211 0.201754 0.219298 0.236842 0.254386 0.271930 0.289474 0.307018 0.324561 0.342105 0.359649 0.377193 0.394737 0.412281 0.429825 0.447368 0.464912 0.482456 0.500000 0.517544 0.535088 0.552632 0.570175 0.587719 0.605263 0.622807 0.640351 0.657895 0.675439 0.692982 0.710526 0.728070 0.745614 0.763158 0.780702 0.798246 0.815789 0.833333 0.850877 0.868421 0.885965 0.903509 0.921053 0.938596 0.956140 0.973684 0.991228 
0 0.1048850 0.8912650 0.8805050 0.8790900 0.8811020 0.9044430 0.1054820 0.916618
дуба. Вечеромъ опять писалъ піэссу. Обдѣлалъ Монологъ
0.009434 0.028302 0.047170 0.066038 0.084906 0.103774 0.122642 0.141509 0.160377 0.179245 0.198113 0.216981 0.235849 0.254717 0.273585 0.292453 0.311321 0.330189 0.349057 0.367925 0.386792 0.405660 0.424528 0.443396 0.462264 0.481132 0.500000 0.518868 0.537736 0.556604 0.575472 0.594340 0.613208 0.632075 0.650943 0.669811 0.688679 0.707547 0.726415 0.745283 0.764151 0.783019 0.801887 0.820755 0.839623 0.858491 0.877358 0.896226 0.915094 0.933962 0.952830 0.971698 0.990566 
0 0.1049950 0.9192370 0.9045400 0.9114050 0.9049060 0.9363030 0.1053600 0.944135
Хлестакова 4-го акта предъ Катастрофической сценой. —
0.009434 0.028302 0.047170 0.066038 0.084906 0.103774 0.122642 0.141509 0.160377 0.179245 0.198113 0.216981 0.235849 0.254717 0.273585 0.292453 0.311321 0.330189 0.349057 0.367925 0.386792 0.405660 0.424528 0.443396 0.462264 0.481132 0.500000 0.518868 0.537736 0.556604 0.575472 0.594340 0.613208 0.632075 0.650943 0.669811 0.688679 0.707547 0.726415 0.745283 0.764151 0.783019 0.801887 0.820755 0.839623 0.858491 0.877358 0.896226 0.915094 0.933962 0.952830 0.971698 0.990566 
