0 0.1617390 0.1415970 0.9423760 0.1105570 0.9439200 0.1357840 0.1632830 0.166825
Морозъ. У меня до 8/т берковцевъ. Въ 7 часу вечера Заводъ пошелъ.
0.007692 0.023077 0.038462 0.053846 0.069231 0.084615 0.100000 0.115385 0.130769 0.146154 0.161538 0.176923 0.192308 0.207692 0.223077 0.238462 0.253846 0.269231 0.284615 0.300000 0.315385 0.330769 0.346154 0.361538 0.376923 0.392308 0.407692 0.423077 0.438462 0.453846 0.469231 0.484615 0.500000 0.515385 0.530769 0.546154 0.561538 0.576923 0.592308 0.607692 0.623077 0.638462 0.653846 0.669231 0.684615 0.700000 0.715385 0.730769 0.746154 0.761538 0.776923 0.792308 0.807692 0.823077 0.838462 0.853846 0.869231 0.884615 0.900000 0.915385 0.930769 0.946154 0.961538 0.976923 0.992308 
0 0.1643900 0.1802020 0.7619710 0.1648670 0.7629160 0.1887970 0.1653360 0.204133
Переводилъ Логику и писалъ Лидочьку. Морозъ. 5°
0.010638 0.031915 0.053191 0.074468 0.095745 0.117021 0.138298 0.159574 0.180851 0.202128 0.223404 0.244681 0.265957 0.287234 0.308511 0.329787 0.351064 0.372340 0.393617 0.414894 0.436170 0.457447 0.478723 0.500000 0.521277 0.542553 0.563830 0.585106 0.606383 0.627660 0.648936 0.670213 0.691489 0.712766 0.734043 0.755319 0.776596 0.797872 0.819149 0.840426 0.861702 0.882979 0.904255 0.925532 0.946809 0.968085 0.989362 
0 0.1716250 0.2170090 0.9305720 0.1889940 0.9320230 0.2145260 0.1730760 0.242540
8-е. Всталъ дурно. Всё чувствую и простуду. Морозъ 6°. Переводъ
0.007937 0.023810 0.039683 0.055556 0.071429 0.087302 0.103175 0.119048 0.134921 0.150794 0.166667 0.182540 0.198413 0.214286 0.230159 0.246032 0.261905 0.277778 0.293651 0.309524 0.325397 0.341270 0.357143 0.373016 0.388889 0.404762 0.420635 0.436508 0.452381 0.468254 0.484127 0.500000 0.515873 0.531746 0.547619 0.563492 0.579365 0.595238 0.611111 0.626984 0.642857 0.658730 0.674603 0.690476 0.706349 0.722222 0.738095 0.753968 0.769841 0.785714 0.801587 0.817460 0.833333 0.849206 0.865079 0.880952 0.896825 0.912698 0.928571 0.944444 0.960317 0.976190 0.992063 
0 0.1672310 0.2541970 0.9365620 0.2304630 0.9377730 0.2559500 0.1684410 0.279684
не пошёлъ. Кончилъ въ чернѣ 1-й актъ Лидочьки. Тотчасъ прини-
0.008197 0.024590 0.040984 0.057377 0.073770 0.090164 0.106557 0.122951 0.139344 0.155738 0.172131 0.188525 0.204918 0.221311 0.237705 0.254098 0.270492 0.286885 0.303279 0.319672 0.336066 0.352459 0.368852 0.385246 0.401639 0.418033 0.434426 0.450820 0.467213 0.483607 0.500000 0.516393 0.532787 0.549180 0.565574 0.581967 0.598361 0.614754 0.631148 0.647541 0.663934 0.680328 0.696721 0.713115 0.729508 0.745902 0.762295 0.778689 0.795082 0.811475 0.827869 0.844262 0.860656 0.877049 0.893443 0.909836 0.926230 0.942623 0.959016 0.975410 0.991803 
0 0.1750150 0.2922320 0.9659040 0.2724370 0.9669580 0.2997790 0.1760680 0.319574
маюсь за 2-ой. На заводѣ преса идутъ дурно и тихо. Насосики
0.008475 0.025424 0.042373 0.059322 0.076271 0.093220 0.110169 0.127119 0.144068 0.161017 0.177966 0.194915 0.211864 0.228814 0.245763 0.262712 0.279661 0.296610 0.313559 0.330508 0.347458 0.364407 0.381356 0.398305 0.415254 0.432203 0.449153 0.466102 0.483051 0.500000 0.516949 0.533898 0.550847 0.567797 0.584746 0.601695 0.618644 0.635593 0.652542 0.669492 0.686441 0.703390 0.720339 0.737288 0.754237 0.771186 0.788136 0.805085 0.822034 0.838983 0.855932 0.872881 0.889831 0.906780 0.923729 0.940678 0.957627 0.974576 0.991525 
0 0.1784170 0.3256600 0.9435050 0.3087970 0.9443540 0.3338130 0.1792650 0.350677
пропускаютъ воду. Сокъ 10°. Въ первыя сутки стерли 78
0.009434 0.028302 0.047170 0.066038 0.084906 0.103774 0.122642 0.141509 0.160377 0.179245 0.198113 0.216981 0.235849 0.254717 0.273585 0.292453 0.311321 0.330189 0.349057 0.367925 0.386792 0.405660 0.424528 0.443396 0.462264 0.481132 0.500000 0.518868 0.537736 0.556604 0.575472 0.594340 0.613208 0.632075 0.650943 0.669811 0.688679 0.707547 0.726415 0.745283 0.764151 0.783019 0.801887 0.820755 0.839623 0.858491 0.877358 0.896226 0.915094 0.933962 0.952830 0.971698 0.990566 
0 0.1795460 0.3656550 0.9421240 0.3380010 0.9434620 0.3619600 0.1808840 0.389614
берковцевъ и напрессовали 750 ведръ соку. Весь вечеръ на За-
0.008333 0.025000 0.041667 0.058333 0.075000 0.091667 0.108333 0.125000 0.141667 0.158333 0.175000 0.191667 0.208333 0.225000 0.241667 0.258333 0.275000 0.291667 0.308333 0.325000 0.341667 0.358333 0.375000 0.391667 0.408333 0.425000 0.441667 0.458333 0.475000 0.491667 0.508333 0.525000 0.541667 0.558333 0.575000 0.591667 0.608333 0.625000 0.641667 0.658333 0.675000 0.691667 0.708333 0.725000 0.741667 0.758333 0.775000 0.791667 0.808333 0.825000 0.841667 0.858333 0.875000 0.891667 0.908333 0.925000 0.941667 0.958333 0.975000 0.991667 
0 0.1779750 0.4043720 0.9233760 0.3734430 0.9249230 0.3976620 0.1795220 0.428591
водѣ. Приказалъ наладить прессовую шкиву на скорый
0.010000 0.030000 0.050000 0.070000 0.090000 0.110000 0.130000 0.150000 0.170000 0.190000 0.210000 0.230000 0.250000 0.270000 0.290000 0.310000 0.330000 0.350000 0.370000 0.390000 0.410000 0.430000 0.450000 0.470000 0.490000 0.510000 0.530000 0.550000 0.570000 0.590000 0.610000 0.630000 0.650000 0.670000 0.690000 0.710000 0.730000 0.750000 0.770000 0.790000 0.810000 0.830000 0.850000 0.870000 0.890000 0.910000 0.930000 0.950000 0.970000 0.990000 
0 0.1816910 0.4357000 0.2606340 0.4336480 0.2614890 0.4550350 0.1825470 0.457087
ходъ.
0.100000 0.300000 0.500000 0.700000 0.900000 
0 0.1774510 0.4603190 0.9366460 0.4288780 0.9381920 0.4531410 0.1789980 0.484582
#
0.500000 
0 0.1807560 0.5006430 0.9440040 0.4654730 0.9458790 0.4919140 0.1826310 0.527084
#
0.500000 
0 0.1861400 0.5357330 0.9530480 0.5044230 0.9546590 0.5300590 0.1877510 0.561370
#
0.500000 
0 0.1872040 0.5717170 0.9502270 0.5445800 0.9516430 0.5704540 0.1886200 0.597592
#
0.500000 
0 0.1923410 0.6123630 0.9521400 0.5809720 0.9534980 0.6023280 0.1937000 0.633720
#
0.500000 
0 0.1933070 0.6427540 0.9539950 0.6158730 0.9553620 0.6409950 0.1946740 0.667876
#
0.500000 
0 0.1937380 0.6844870 0.9520290 0.6534760 0.9535280 0.6772940 0.1952380 0.708305
#
0.500000 
0 0.2013940 0.7237130 0.9485780 0.6933800 0.9501350 0.7182950 0.2029510 0.748628
#
0.500000 
0 0.2045150 0.7577310 0.9518770 0.7336980 0.9529350 0.7550660 0.2055720 0.779099
#
0.500000 
0 0.2008620 0.7947490 0.9014260 0.7684590 0.9028340 0.7928400 0.2022700 0.819131
#
0.500000 
0 0.2140020 0.8292110 0.5680240 0.8164570 0.5693360 0.8401050 0.2153130 0.852859
#
0.500000 
0 0.2194060 0.8600450 0.9252400 0.8310460 0.9269460 0.8580140 0.2211110 0.887014
#
0.500000 
0 0.2354160 0.8956100 0.9541950 0.8729800 0.9554390 0.8986570 0.2366610 0.921287
#
0.500000 
0 0.2204210 0.9328270 0.9175490 0.9138920 0.9186250 0.9396350 0.2214970 0.958569
#
0.500000 
