0 0.0867430 0.1571570 0.2933910 0.1583690 0.2930690 0.1796180 0.0864200 0.178406
#
0.500000 
0 0.6433460 0.1633060 0.9674860 0.1599800 0.9680500 0.1812160 0.6439110 0.184542
#
0.500000 
0 0.0832910 0.1921700 0.5033890 0.1900290 0.5036700 0.2112720 0.0835720 0.213413
#
0.500000 
0 0.0829000 0.2171540 0.9643370 0.2055780 0.9651410 0.2292130 0.0837040 0.240790
#
0.500000 
0 0.0794510 0.2413940 0.9517890 0.2278270 0.9527510 0.2517090 0.0804130 0.265275
#
0.500000 
0 0.0830790 0.2665910 0.9119410 0.2578720 0.9125200 0.2791050 0.0836580 0.287824
#
0.500000 
0 0.0830900 0.2873740 0.9618760 0.2797320 0.9624150 0.3036530 0.0836290 0.311296
#
0.500000 
0 0.0814870 0.3144830 0.9609720 0.3034100 0.9616650 0.3246410 0.0821800 0.335714
#
0.500000 
0 0.0785050 0.3420540 0.9391030 0.3263490 0.9402220 0.3500270 0.0796240 0.365732
#
0.500000 
0 0.0823890 0.3695020 0.6392080 0.3562140 0.6407180 0.3806430 0.0838990 0.393931
#
0.500000 
0 0.3174420 0.3901700 0.7718820 0.3825160 0.7729030 0.4059240 0.3184630 0.413578
Періодъ съ 23 по 30-е Ноября.
0.017241 0.051724 0.086207 0.120690 0.155172 0.189655 0.224138 0.258621 0.293103 0.327586 0.362069 0.396552 0.431034 0.465517 0.500000 0.534483 0.568966 0.603448 0.637931 0.672414 0.706897 0.741379 0.775862 0.810345 0.844828 0.879310 0.913793 0.948276 0.982759 
0 0.0887150 0.4184730 0.9432670 0.4088090 0.9438880 0.4300410 0.0893370 0.439704
Заводъ наконецъ потёкъ правильно — но чрезъ нѣсколько сутокъ оказалось,
0.007042 0.021127 0.035211 0.049296 0.063380 0.077465 0.091549 0.105634 0.119718 0.133803 0.147887 0.161972 0.176056 0.190141 0.204225 0.218310 0.232394 0.246479 0.260563 0.274648 0.288732 0.302817 0.316901 0.330986 0.345070 0.359155 0.373239 0.387324 0.401408 0.415493 0.429577 0.443662 0.457746 0.471831 0.485915 0.500000 0.514085 0.528169 0.542254 0.556338 0.570423 0.584507 0.598592 0.612676 0.626761 0.640845 0.654930 0.669014 0.683099 0.697183 0.711268 0.725352 0.739437 0.753521 0.767606 0.781690 0.795775 0.809859 0.823944 0.838028 0.852113 0.866197 0.880282 0.894366 0.908451 0.922535 0.936620 0.950704 0.964789 0.978873 0.992958 
0 0.0946650 0.4438280 0.9348600 0.4322820 0.9356150 0.4535120 0.0954210 0.465058
что мы истребляемъ страшное количество топлива. Чтобы этому
0.008475 0.025424 0.042373 0.059322 0.076271 0.093220 0.110169 0.127119 0.144068 0.161017 0.177966 0.194915 0.211864 0.228814 0.245763 0.262712 0.279661 0.296610 0.313559 0.330508 0.347458 0.364407 0.381356 0.398305 0.415254 0.432203 0.449153 0.466102 0.483051 0.500000 0.516949 0.533898 0.550847 0.567797 0.584746 0.601695 0.618644 0.635593 0.652542 0.669492 0.686441 0.703390 0.720339 0.737288 0.754237 0.771186 0.788136 0.805085 0.822034 0.838983 0.855932 0.872881 0.889831 0.906780 0.923729 0.940678 0.957627 0.974576 0.991525 
0 0.0921470 0.4689390 0.9459430 0.4599840 0.9465200 0.4812170 0.0927240 0.490172
помочь и узнать причину такого потребленія дровъ — я тотчасъ отпра-
0.007463 0.022388 0.037313 0.052239 0.067164 0.082090 0.097015 0.111940 0.126866 0.141791 0.156716 0.171642 0.186567 0.201493 0.216418 0.231343 0.246269 0.261194 0.276119 0.291045 0.305970 0.320896 0.335821 0.350746 0.365672 0.380597 0.395522 0.410448 0.425373 0.440299 0.455224 0.470149 0.485075 0.500000 0.514925 0.529851 0.544776 0.559701 0.574627 0.589552 0.604478 0.619403 0.634328 0.649254 0.664179 0.679104 0.694030 0.708955 0.723881 0.738806 0.753731 0.768657 0.783582 0.798507 0.813433 0.828358 0.843284 0.858209 0.873134 0.888060 0.902985 0.917910 0.932836 0.947761 0.962687 0.977612 0.992537 
0 0.0913320 0.4961720 0.9334160 0.4860390 0.9340770 0.5072710 0.0919930 0.517404
вилъ Сорина въ Богородское и Михайловское собирать свѣдѣнія; между
0.007576 0.022727 0.037879 0.053030 0.068182 0.083333 0.098485 0.113636 0.128788 0.143939 0.159091 0.174242 0.189394 0.204545 0.219697 0.234848 0.250000 0.265152 0.280303 0.295455 0.310606 0.325758 0.340909 0.356061 0.371212 0.386364 0.401515 0.416667 0.431818 0.446970 0.462121 0.477273 0.492424 0.507576 0.522727 0.537879 0.553030 0.568182 0.583333 0.598485 0.613636 0.628788 0.643939 0.659091 0.674242 0.689394 0.704545 0.719697 0.734848 0.750000 0.765152 0.780303 0.795455 0.810606 0.825758 0.840909 0.856061 0.871212 0.886364 0.901515 0.916667 0.931818 0.946970 0.962121 0.977273 0.992424 
0 0.0917030 0.5231790 0.9239310 0.5069920 0.9251230 0.5306450 0.0928950 0.546832
темъ сталъ самъ окутывать всѣ трубы. Окутка не могла ничего —
0.008197 0.024590 0.040984 0.057377 0.073770 0.090164 0.106557 0.122951 0.139344 0.155738 0.172131 0.188525 0.204918 0.221311 0.237705 0.254098 0.270492 0.286885 0.303279 0.319672 0.336066 0.352459 0.368852 0.385246 0.401639 0.418033 0.434426 0.450820 0.467213 0.483607 0.500000 0.516393 0.532787 0.549180 0.565574 0.581967 0.598361 0.614754 0.631148 0.647541 0.663934 0.680328 0.696721 0.713115 0.729508 0.745902 0.762295 0.778689 0.795082 0.811475 0.827869 0.844262 0.860656 0.877049 0.893443 0.909836 0.926230 0.942623 0.959016 0.975410 0.991803 
0 0.0913760 0.5544290 0.9156990 0.5294560 0.9173630 0.5506660 0.0930410 0.575639
30-го Соринъ возвратился съ извѣстіемъ, что предположительно это
0.007813 0.023438 0.039063 0.054688 0.070313 0.085938 0.101563 0.117188 0.132813 0.148438 0.164063 0.179688 0.195313 0.210938 0.226563 0.242188 0.257813 0.273438 0.289063 0.304688 0.320313 0.335938 0.351563 0.367188 0.382813 0.398438 0.414063 0.429688 0.445313 0.460938 0.476563 0.492188 0.507813 0.523438 0.539063 0.554688 0.570313 0.585938 0.601563 0.617188 0.632813 0.648438 0.664063 0.679688 0.695313 0.710938 0.726563 0.742188 0.757813 0.773438 0.789063 0.804688 0.820313 0.835938 0.851563 0.867188 0.882813 0.898438 0.914063 0.929688 0.945313 0.960938 0.976563 0.992188 
0 0.0922420 0.5796850 0.9648320 0.5562350 0.9665300 0.5806310 0.0939400 0.604081
происходитъ отъ ретуровъ; — а потому рѣшился я поставить большой
0.007813 0.023438 0.039063 0.054688 0.070313 0.085938 0.101563 0.117188 0.132813 0.148438 0.164063 0.179688 0.195313 0.210938 0.226563 0.242188 0.257813 0.273438 0.289063 0.304688 0.320313 0.335938 0.351563 0.367188 0.382813 0.398438 0.414063 0.429688 0.445313 0.460938 0.476563 0.492188 0.507813 0.523438 0.539063 0.554688 0.570313 0.585938 0.601563 0.617188 0.632813 0.648438 0.664063 0.679688 0.695313 0.710938 0.726563 0.742188 0.757813 0.773438 0.789063 0.804688 0.820313 0.835938 0.851563 0.867188 0.882813 0.898438 0.914063 0.929688 0.945313 0.960938 0.976563 0.992188 
0 0.0952940 0.6072010 0.9693980 0.5862100 0.9709060 0.6104560 0.0968020 0.631447
чанъ для впусканія туда воды и для нагрѣванія ее исходящимъ паромъ,
0.007463 0.022388 0.037313 0.052239 0.067164 0.082090 0.097015 0.111940 0.126866 0.141791 0.156716 0.171642 0.186567 0.201493 0.216418 0.231343 0.246269 0.261194 0.276119 0.291045 0.305970 0.320896 0.335821 0.350746 0.365672 0.380597 0.395522 0.410448 0.425373 0.440299 0.455224 0.470149 0.485075 0.500000 0.514925 0.529851 0.544776 0.559701 0.574627 0.589552 0.604478 0.619403 0.634328 0.649254 0.664179 0.679104 0.694030 0.708955 0.723881 0.738806 0.753731 0.768657 0.783582 0.798507 0.813433 0.828358 0.843284 0.858209 0.873134 0.888060 0.902985 0.917910 0.932836 0.947761 0.962687 0.977612 0.992537 
0 0.0936570 0.6384430 0.9213830 0.6217130 0.9224940 0.6429370 0.0947680 0.659667
который возвращенъ къ паровикамъ. Посему 30-го числа Заводъ
0.008475 0.025424 0.042373 0.059322 0.076271 0.093220 0.110169 0.127119 0.144068 0.161017 0.177966 0.194915 0.211864 0.228814 0.245763 0.262712 0.279661 0.296610 0.313559 0.330508 0.347458 0.364407 0.381356 0.398305 0.415254 0.432203 0.449153 0.466102 0.483051 0.500000 0.516949 0.533898 0.550847 0.567797 0.584746 0.601695 0.618644 0.635593 0.652542 0.669492 0.686441 0.703390 0.720339 0.737288 0.754237 0.771186 0.788136 0.805085 0.822034 0.838983 0.855932 0.872881 0.889831 0.906780 0.923729 0.940678 0.957627 0.974576 0.991525 
0 0.0979150 0.6661970 0.9244880 0.6435730 0.9261460 0.6669630 0.0995730 0.689587
былъ остановленъ; — къ томуже надо было осмотрѣть паровики
0.008621 0.025862 0.043103 0.060345 0.077586 0.094828 0.112069 0.129310 0.146552 0.163793 0.181034 0.198276 0.215517 0.232759 0.250000 0.267241 0.284483 0.301724 0.318966 0.336207 0.353448 0.370690 0.387931 0.405172 0.422414 0.439655 0.456897 0.474138 0.491379 0.508621 0.525862 0.543103 0.560345 0.577586 0.594828 0.612069 0.629310 0.646552 0.663793 0.681034 0.698276 0.715517 0.732759 0.750000 0.767241 0.784483 0.801724 0.818966 0.836207 0.853448 0.870690 0.887931 0.905172 0.922414 0.939655 0.956897 0.974138 0.991379 
0 0.0800510 0.6930440 0.9501320 0.6762200 0.9513450 0.7004510 0.0812650 0.717276
ходы и протереть клапаны. Въ это время принятъ мною въ Службу
0.008197 0.024590 0.040984 0.057377 0.073770 0.090164 0.106557 0.122951 0.139344 0.155738 0.172131 0.188525 0.204918 0.221311 0.237705 0.254098 0.270492 0.286885 0.303279 0.319672 0.336066 0.352459 0.368852 0.385246 0.401639 0.418033 0.434426 0.450820 0.467213 0.483607 0.500000 0.516393 0.532787 0.549180 0.565574 0.581967 0.598361 0.614754 0.631148 0.647541 0.663934 0.680328 0.696721 0.713115 0.729508 0.745902 0.762295 0.778689 0.795082 0.811475 0.827869 0.844262 0.860656 0.877049 0.893443 0.909836 0.926230 0.942623 0.959016 0.975410 0.991803 
0 0.0842780 0.7235920 0.7301740 0.7074470 0.7317820 0.7322860 0.0858860 0.748431
и употребленъ на Заводъ Конторщикъ Сахаровъ. —
0.010870 0.032609 0.054348 0.076087 0.097826 0.119565 0.141304 0.163043 0.184783 0.206522 0.228261 0.250000 0.271739 0.293478 0.315217 0.336957 0.358696 0.380435 0.402174 0.423913 0.445652 0.467391 0.489130 0.510870 0.532609 0.554348 0.576087 0.597826 0.619565 0.641304 0.663043 0.684783 0.706522 0.728261 0.750000 0.771739 0.793478 0.815217 0.836957 0.858696 0.880435 0.902174 0.923913 0.945652 0.967391 0.989130 
0 0.2886340 0.7495090 0.7317510 0.7412320 0.7328180 0.7632740 0.2897000 0.771551
#
0.500000 
0 0.1367640 0.8129090 0.2856000 0.8071510 0.2877230 0.8283440 0.1388880 0.834101
#
0.500000 
0 0.3629440 0.7863070 0.3911360 0.7996440 0.3259470 0.8528420 0.2977560 0.839505
#
0.500000 
0 0.4385840 0.7844450 0.4687120 0.7961360 0.4082160 0.8563270 0.3780890 0.844637
#
0.500000 
0 0.4993370 0.8193460 0.5270670 0.8328010 0.5039810 0.8511710 0.4762510 0.837717
#
0.500000 
0 0.5974040 0.7709570 0.6262960 0.7837670 0.5460760 0.8536280 0.5171830 0.840818
#
0.500000 
0 0.6633970 0.8014420 0.6924810 0.8139840 0.6488440 0.8530510 0.6197600 0.840508
#
0.500000 
0 0.7709220 0.7708640 0.7996590 0.7838020 0.7179160 0.8539020 0.6891780 0.840964
#
0.500000 
0 0.1749150 0.8288970 0.2780510 0.8288970 0.2780510 0.8498970 0.1749150 0.849897
#
0.500000 
0 0.3644360 0.8119430 0.3916610 0.8258810 0.3554020 0.8532260 0.3281760 0.839288
#
0.500000 
0 0.4977620 0.7950140 0.5255200 0.8086510 0.4685870 0.8533950 0.4408290 0.839758
#
0.500000 
0 0.6553990 0.7835070 0.6840370 0.7964950 0.6154850 0.8548490 0.5868480 0.841861
#
0.500000 
0 0.7072840 0.8023560 0.7362900 0.8149370 0.6971600 0.8497700 0.6681530 0.837189
#
0.500000 
0 0.3162730 0.8684860 0.3865380 0.8672460 0.3875090 0.8884800 0.3172440 0.889720
#
0.500000 
0 0.4043490 0.8661860 0.4402280 0.8649010 0.4421930 0.8860970 0.4063130 0.887381
#
0.500000 
0 0.4492710 0.8633430 0.5308680 0.8611470 0.5323460 0.8823610 0.4507500 0.884557
#
0.500000 
0 0.5489230 0.8617610 0.5859460 0.8617610 0.5859460 0.8827610 0.5489230 0.882761
#
0.500000 
0 0.6148610 0.8616130 0.6662350 0.8628680 0.6648920 0.8840890 0.6135180 0.882834
#
0.500000 
0 0.6891260 0.8605310 0.7680770 0.8583260 0.7696110 0.8795390 0.6906610 0.881744
#
0.500000 
0 0.1639130 0.9163430 0.9694540 0.8950460 0.9710520 0.9183750 0.1655110 0.939672
#
0.500000 
0 0.1669630 0.9433370 0.9671710 0.9290720 0.9682310 0.9520250 0.1680230 0.966291
#
0.500000 
