0 0.0617060 0.0894220 0.8998820 0.0921130 0.8996870 0.1160900 0.0615110 0.113399
#
0.500000 
0 0.0608090 0.1302570 0.6351220 0.1320430 0.6349380 0.1554170 0.0606250 0.153632
#
0.500000 
0 0.0603320 0.1680520 0.9081760 0.1613540 0.9086530 0.1852140 0.0608090 0.191912
21-е. Утромъ занимался отправкой #
0.014706 0.044118 0.073529 0.102941 0.132353 0.161765 0.191176 0.220588 0.250000 0.279412 0.308824 0.338235 0.367647 0.397059 0.426471 0.455882 0.485294 0.514706 0.544118 0.573529 0.602941 0.632353 0.661765 0.691176 0.720588 0.750000 0.779412 0.808824 0.838235 0.867647 0.897059 0.926471 0.955882 0.985294 
0 0.0591090 0.2072500 0.8999660 0.1953060 0.9008840 0.2208480 0.0600280 0.232793
на покупку лѣса для домика. Въ 11 часовъ поѣхалъ къ
0.009804 0.029412 0.049020 0.068627 0.088235 0.107843 0.127451 0.147059 0.166667 0.186275 0.205882 0.225490 0.245098 0.264706 0.284314 0.303922 0.323529 0.343137 0.362745 0.382353 0.401961 0.421569 0.441176 0.460784 0.480392 0.500000 0.519608 0.539216 0.558824 0.578431 0.598039 0.617647 0.637255 0.656863 0.676471 0.696078 0.715686 0.735294 0.754902 0.774510 0.794118 0.813725 0.833333 0.852941 0.872549 0.892157 0.911765 0.931373 0.950980 0.970588 0.990196 
0 0.0591780 0.2435970 0.9271920 0.2318960 0.9280850 0.2580720 0.0600710 0.269773
Зыбину и съ нимъ вмѣстѣ обѣдать къ Афремовымъ.
0.010870 0.032609 0.054348 0.076087 0.097826 0.119565 0.141304 0.163043 0.184783 0.206522 0.228261 0.250000 0.271739 0.293478 0.315217 0.336957 0.358696 0.380435 0.402174 0.423913 0.445652 0.467391 0.489130 0.510870 0.532609 0.554348 0.576087 0.597826 0.619565 0.641304 0.663043 0.684783 0.706522 0.728261 0.750000 0.771739 0.793478 0.815217 0.836957 0.858696 0.880435 0.902174 0.923913 0.945652 0.967391 0.989130 
0 0.0588970 0.2778450 0.9464610 0.2615320 0.9476570 0.2872470 0.0600930 0.303561
Отъ піэссы всѣ кто ее видѣлъ въ восхищеніи. Мятель
0.010000 0.030000 0.050000 0.070000 0.090000 0.110000 0.130000 0.150000 0.170000 0.190000 0.210000 0.230000 0.250000 0.270000 0.290000 0.310000 0.330000 0.350000 0.370000 0.390000 0.410000 0.430000 0.450000 0.470000 0.490000 0.510000 0.530000 0.550000 0.570000 0.590000 0.610000 0.630000 0.650000 0.670000 0.690000 0.710000 0.730000 0.750000 0.770000 0.790000 0.810000 0.830000 0.850000 0.870000 0.890000 0.910000 0.930000 0.950000 0.970000 0.990000 
0 0.0589040 0.3115570 0.4678410 0.3031600 0.4690890 0.3271690 0.0601520 0.335566
ночевалъ у Афремовыхъ.
0.022727 0.068182 0.113636 0.159091 0.204545 0.250000 0.295455 0.340909 0.386364 0.431818 0.477273 0.522727 0.568182 0.613636 0.659091 0.704545 0.750000 0.795455 0.840909 0.886364 0.931818 0.977273 
0 0.0578800 0.3420570 0.8985860 0.3231160 0.9000780 0.3492800 0.0593720 0.368220
#
0.500000 
0 0.0606100 0.3772230 0.9242640 0.3585680 0.9255700 0.3824490 0.0619160 0.401105
#
0.500000 
0 0.0639500 0.4143730 0.1650760 0.4113820 0.1666880 0.4329110 0.0655610 0.435902
#
0.500000 
0 0.0671100 0.4402400 0.9218960 0.4146540 0.9239370 0.4415930 0.0691510 0.467179
23-е. Столярничалъ вѣсь день — ничего больше не
0.010638 0.031915 0.053191 0.074468 0.095745 0.117021 0.138298 0.159574 0.180851 0.202128 0.223404 0.244681 0.265957 0.287234 0.308511 0.329787 0.351064 0.372340 0.393617 0.414894 0.436170 0.457447 0.478723 0.500000 0.521277 0.542553 0.563830 0.585106 0.606383 0.627660 0.648936 0.670213 0.691489 0.712766 0.734043 0.755319 0.776596 0.797872 0.819149 0.840426 0.861702 0.882979 0.904255 0.925532 0.946809 0.968085 0.989362 
0 0.0719090 0.4762030 0.8933850 0.4571240 0.8948430 0.4819310 0.0733670 0.501010
дѣлалъ — мятель. Пріѣхалъ Топорковъ — толки
0.011628 0.034884 0.058140 0.081395 0.104651 0.127907 0.151163 0.174419 0.197674 0.220930 0.244186 0.267442 0.290698 0.313953 0.337209 0.360465 0.383721 0.406977 0.430233 0.453488 0.476744 0.500000 0.523256 0.546512 0.569767 0.593023 0.616279 0.639535 0.662791 0.686047 0.709302 0.732558 0.755814 0.779070 0.802326 0.825581 0.848837 0.872093 0.895349 0.918605 0.941860 0.965116 0.988372 
0 0.0710520 0.5167250 0.9135290 0.4979610 0.9150260 0.5245150 0.0725490 0.543279
о заводѣ. Соринъ строитъ планы — постройка
0.011905 0.035714 0.059524 0.083333 0.107143 0.130952 0.154762 0.178571 0.202381 0.226190 0.250000 0.273810 0.297619 0.321429 0.345238 0.369048 0.392857 0.416667 0.440476 0.464286 0.488095 0.511905 0.535714 0.559524 0.583333 0.607143 0.630952 0.654762 0.678571 0.702381 0.726190 0.750000 0.773810 0.797619 0.821429 0.845238 0.869048 0.892857 0.916667 0.940476 0.964286 0.988095 
0 0.0717300 0.5552500 0.4657470 0.5512700 0.4662980 0.5728440 0.0722820 0.576823
выходитъ большая.—.
0.026316 0.078947 0.131579 0.184211 0.236842 0.289474 0.342105 0.394737 0.447368 0.500000 0.552632 0.605263 0.657895 0.710526 0.763158 0.815789 0.868421 0.921053 0.973684 
0 0.0766710 0.5908590 0.9104490 0.5754890 0.9114650 0.5972670 0.0776870 0.612636
#
0.500000 
0 0.0750460 0.6267960 0.8727050 0.6143650 0.8736790 0.6390610 0.0760200 0.651493
#
0.500000 
0 0.0744600 0.6629580 0.8572330 0.6575230 0.8576390 0.6806440 0.0748660 0.686080
#
0.500000 
0 0.0724710 0.7050640 0.9273490 0.6933530 0.9280960 0.7149050 0.0732190 0.726615
#
0.500000 
0 0.0707460 0.7465220 0.8552640 0.7364710 0.8559630 0.7580240 0.0714450 0.768075
#
0.500000 
0 0.0586030 0.7837850 0.9213720 0.7764140 0.9218990 0.8007960 0.0591300 0.808168
#
0.500000 
0 0.0700900 0.8247980 0.9214320 0.8191120 0.9218250 0.8423730 0.0704830 0.848059
#
0.500000 
0 0.0647850 0.8609050 0.9214210 0.8556340 0.9218170 0.8810690 0.0651820 0.886339
#
0.500000 
0 0.0702920 0.8953210 0.8618540 0.8941530 0.8619460 0.9186330 0.0703830 0.919801
#
0.500000 
