0 0.0914840 0.0429670 0.2889300 0.0416360 0.2892900 0.0632740 0.0918440 0.064604
1856. Мартъ
0.045455 0.136364 0.227273 0.318182 0.409091 0.500000 0.590909 0.681818 0.772727 0.863636 0.954545 
0 0.1065860 0.0848270 0.9570970 0.1008590 0.9559380 0.1257780 0.1054270 0.109745
#
0.500000 
0 0.1176730 0.1166970 0.9558990 0.1334840 0.9545670 0.1604240 0.1163420 0.143637
#
0.500000 
0 0.1209150 0.1463490 0.9635690 0.1578030 0.9627320 0.1827520 0.1200780 0.171299
#
0.500000 
0 0.1176260 0.1762750 0.9633100 0.1844850 0.9627890 0.2062610 0.1171040 0.198051
#
0.500000 
0 0.1132690 0.2049120 0.9522560 0.2102530 0.9518910 0.2334950 0.1129040 0.228154
#
0.500000 
0 0.1260520 0.2320930 0.9079550 0.2376220 0.9075500 0.2608550 0.1256460 0.255326
#
0.500000 
0 0.1284930 0.2637570 0.9523050 0.2703220 0.9518750 0.2921680 0.1280640 0.285603
#
0.500000 
0 0.0973420 0.2953920 0.9393860 0.2979590 0.9392010 0.3225900 0.0971570 0.320022
#
0.500000 
0 0.1221560 0.3263520 0.6567850 0.3269450 0.6567270 0.3483300 0.1220980 0.347738
должаютъ путь. Ночевалъ въ Тулѣ.
0.015625 0.046875 0.078125 0.109375 0.140625 0.171875 0.203125 0.234375 0.265625 0.296875 0.328125 0.359375 0.390625 0.421875 0.453125 0.484375 0.515625 0.546875 0.578125 0.609375 0.640625 0.671875 0.703125 0.734375 0.765625 0.796875 0.828125 0.859375 0.890625 0.921875 0.953125 0.984375 
0 0.1244330 0.3551850 0.9579830 0.3651510 0.9572890 0.3886530 0.1237400 0.378688
#
0.500000 
0 0.1201710 0.3860720 0.9299880 0.3947440 0.9293390 0.4193170 0.1195210 0.410646
#
0.500000 
0 0.1191920 0.4179610 0.8815970 0.4307520 0.8806180 0.4543930 0.1182130 0.441602
#
0.500000 
0 0.1106500 0.4481400 0.9622940 0.4603710 0.9613900 0.4858710 0.1097470 0.473639
3-е. Въ 11 часовъ пріѣхалъ въ Калугу. Дядя принялъ меня
0.009091 0.027273 0.045455 0.063636 0.081818 0.100000 0.118182 0.136364 0.154545 0.172727 0.190909 0.209091 0.227273 0.245455 0.263636 0.281818 0.300000 0.318182 0.336364 0.354545 0.372727 0.390909 0.409091 0.427273 0.445455 0.463636 0.481818 0.500000 0.518182 0.536364 0.554545 0.572727 0.590909 0.609091 0.627273 0.645455 0.663636 0.681818 0.700000 0.718182 0.736364 0.754545 0.772727 0.790909 0.809091 0.827273 0.845455 0.863636 0.881818 0.900000 0.918182 0.936364 0.954545 0.972727 0.990909 
0 0.1102320 0.4752260 0.9618030 0.4910000 0.9606060 0.5171860 0.1090350 0.501412
лучше. Смотрѣли планы моего завода — онъ далъ мнѣ
0.010204 0.030612 0.051020 0.071429 0.091837 0.112245 0.132653 0.153061 0.173469 0.193878 0.214286 0.234694 0.255102 0.275510 0.295918 0.316327 0.336735 0.357143 0.377551 0.397959 0.418367 0.438776 0.459184 0.479592 0.500000 0.520408 0.540816 0.561224 0.581633 0.602041 0.622449 0.642857 0.663265 0.683673 0.704082 0.724490 0.744898 0.765306 0.785714 0.806122 0.826531 0.846939 0.867347 0.887755 0.908163 0.928571 0.948980 0.969388 0.989796 
0 0.1100560 0.5106150 0.9131920 0.5217110 0.9122880 0.5482240 0.1091510 0.537128
3/т. р. сер. на заводъ взаймы.—. Сорина отправилъ въ Расву.
0.008475 0.025424 0.042373 0.059322 0.076271 0.093220 0.110169 0.127119 0.144068 0.161017 0.177966 0.194915 0.211864 0.228814 0.245763 0.262712 0.279661 0.296610 0.313559 0.330508 0.347458 0.364407 0.381356 0.398305 0.415254 0.432203 0.449153 0.466102 0.483051 0.500000 0.516949 0.533898 0.550847 0.567797 0.584746 0.601695 0.618644 0.635593 0.652542 0.669492 0.686441 0.703390 0.720339 0.737288 0.754237 0.771186 0.788136 0.805085 0.822034 0.838983 0.855932 0.872881 0.889831 0.906780 0.923729 0.940678 0.957627 0.974576 0.991525 
0 0.1081210 0.5402520 0.8967000 0.5524160 0.8957870 0.5764080 0.1072070 0.564245
#
0.500000 
0 0.1138720 0.5687940 0.9369370 0.5840800 0.9357920 0.6090640 0.1127260 0.593778
#
0.500000 
0 0.1153320 0.6049250 0.7714710 0.6137280 0.7707500 0.6354970 0.1146110 0.626694
Отдалъ переписывать піэссу въ печать.
0.013514 0.040541 0.067568 0.094595 0.121622 0.148649 0.175676 0.202703 0.229730 0.256757 0.283784 0.310811 0.337838 0.364865 0.391892 0.418919 0.445946 0.472973 0.500000 0.527027 0.554054 0.581081 0.608108 0.635135 0.662162 0.689189 0.716216 0.743243 0.770270 0.797297 0.824324 0.851351 0.878378 0.905405 0.932432 0.959459 0.986486 
0 0.1144170 0.6358370 0.9115020 0.6528270 0.9103580 0.6745800 0.1132720 0.657590
4-е. Утро провелъ съ дядей въ разговорахъ о семейныхъ
0.009434 0.028302 0.047170 0.066038 0.084906 0.103774 0.122642 0.141509 0.160377 0.179245 0.198113 0.216981 0.235849 0.254717 0.273585 0.292453 0.311321 0.330189 0.349057 0.367925 0.386792 0.405660 0.424528 0.443396 0.462264 0.481132 0.500000 0.518868 0.537736 0.556604 0.575472 0.594340 0.613208 0.632075 0.650943 0.669811 0.688679 0.707547 0.726415 0.745283 0.764151 0.783019 0.801887 0.820755 0.839623 0.858491 0.877358 0.896226 0.915094 0.933962 0.952830 0.971698 0.990566 
0 0.1119900 0.6673350 0.9381900 0.6817260 0.9371210 0.7065840 0.1109210 0.692193
дѣлахъ и о Выксѣ — Послѣ обѣда выѣхалъ въ Расву. —
0.010000 0.030000 0.050000 0.070000 0.090000 0.110000 0.130000 0.150000 0.170000 0.190000 0.210000 0.230000 0.250000 0.270000 0.290000 0.310000 0.330000 0.350000 0.370000 0.390000 0.410000 0.430000 0.450000 0.470000 0.490000 0.510000 0.530000 0.550000 0.570000 0.590000 0.610000 0.630000 0.650000 0.670000 0.690000 0.710000 0.730000 0.750000 0.770000 0.790000 0.810000 0.830000 0.850000 0.870000 0.890000 0.910000 0.930000 0.950000 0.970000 0.990000 
0 0.1082200 0.7030550 0.9083380 0.7153220 0.9074200 0.7395910 0.1073010 0.727325
5-е. 6-е. Въ Расвѣ. Перемѣна въ планѣ Завода. 1-е. Мѣдной
0.008772 0.026316 0.043860 0.061404 0.078947 0.096491 0.114035 0.131579 0.149123 0.166667 0.184211 0.201754 0.219298 0.236842 0.254386 0.271930 0.289474 0.307018 0.324561 0.342105 0.359649 0.377193 0.394737 0.412281 0.429825 0.447368 0.464912 0.482456 0.500000 0.517544 0.535088 0.552632 0.570175 0.587719 0.605263 0.622807 0.640351 0.657895 0.675439 0.692982 0.710526 0.728070 0.745614 0.763158 0.780702 0.798246 0.815789 0.833333 0.850877 0.868421 0.885965 0.903509 0.921053 0.938596 0.956140 0.973684 0.991228 
0 0.1086860 0.7387230 0.9531820 0.7501540 0.9523990 0.7735890 0.1079030 0.762158
посуды изъ-за границы не выписываю, выпарка пой-
0.010417 0.031250 0.052083 0.072917 0.093750 0.114583 0.135417 0.156250 0.177083 0.197917 0.218750 0.239583 0.260417 0.281250 0.302083 0.322917 0.343750 0.364583 0.385417 0.406250 0.427083 0.447917 0.468750 0.489583 0.510417 0.531250 0.552083 0.572917 0.593750 0.614583 0.635417 0.656250 0.677083 0.697917 0.718750 0.739583 0.760417 0.781250 0.802083 0.822917 0.843750 0.864583 0.885417 0.906250 0.927083 0.947917 0.968750 0.989583 
0 0.1101060 0.7713850 0.9434650 0.7841810 0.9424870 0.8099780 0.1091290 0.797182
детъ живымъ огнемъ — за то прессовую подымаю
0.011364 0.034091 0.056818 0.079545 0.102273 0.125000 0.147727 0.170455 0.193182 0.215909 0.238636 0.261364 0.284091 0.306818 0.329545 0.352273 0.375000 0.397727 0.420455 0.443182 0.465909 0.488636 0.511364 0.534091 0.556818 0.579545 0.602273 0.625000 0.647727 0.670455 0.693182 0.715909 0.738636 0.761364 0.784091 0.806818 0.829545 0.852273 0.875000 0.897727 0.920455 0.943182 0.965909 0.988636 
0 0.1090230 0.8061660 0.9674410 0.8229510 0.9662500 0.8476270 0.1078320 0.830841
надъ дефикаціей — и ставлю чугунный аппаратъ!
0.011111 0.033333 0.055556 0.077778 0.100000 0.122222 0.144444 0.166667 0.188889 0.211111 0.233333 0.255556 0.277778 0.300000 0.322222 0.344444 0.366667 0.388889 0.411111 0.433333 0.455556 0.477778 0.500000 0.522222 0.544444 0.566667 0.588889 0.611111 0.633333 0.655556 0.677778 0.700000 0.722222 0.744444 0.766667 0.788889 0.811111 0.833333 0.855556 0.877778 0.900000 0.922222 0.944444 0.966667 0.988889 
0 0.1032920 0.8420960 0.9100800 0.8530380 0.9092600 0.8775360 0.1024720 0.866594
Обѣдаю и чай пью у Вермана. Его жена M-me Lattage
0.010204 0.030612 0.051020 0.071429 0.091837 0.112245 0.132653 0.153061 0.173469 0.193878 0.214286 0.234694 0.255102 0.275510 0.295918 0.316327 0.336735 0.357143 0.377551 0.397959 0.418367 0.438776 0.459184 0.479592 0.500000 0.520408 0.540816 0.561224 0.581633 0.602041 0.622449 0.642857 0.663265 0.683673 0.704082 0.724490 0.744898 0.765306 0.785714 0.806122 0.826531 0.846939 0.867347 0.887755 0.908163 0.928571 0.948980 0.969388 0.989796 
0 0.1054560 0.8733960 0.9043140 0.8910920 0.9030250 0.9146710 0.1041660 0.896976
прекрасная женщина и какъ француженка вноситъ
0.011111 0.033333 0.055556 0.077778 0.100000 0.122222 0.144444 0.166667 0.188889 0.211111 0.233333 0.255556 0.277778 0.300000 0.322222 0.344444 0.366667 0.388889 0.411111 0.433333 0.455556 0.477778 0.500000 0.522222 0.544444 0.566667 0.588889 0.611111 0.633333 0.655556 0.677778 0.700000 0.722222 0.744444 0.766667 0.788889 0.811111 0.833333 0.855556 0.877778 0.900000 0.922222 0.944444 0.966667 0.988889 
0 0.1051290 0.9057730 0.8716790 0.9266760 0.8700120 0.9514400 0.1034620 0.930537
удивительную Гармонію, складъ и какое то
0.012500 0.037500 0.062500 0.087500 0.112500 0.137500 0.162500 0.187500 0.212500 0.237500 0.262500 0.287500 0.312500 0.337500 0.362500 0.387500 0.412500 0.437500 0.462500 0.487500 0.512500 0.537500 0.562500 0.587500 0.612500 0.637500 0.662500 0.687500 0.712500 0.737500 0.762500 0.787500 0.812500 0.837500 0.862500 0.887500 0.912500 0.937500 0.962500 0.987500 
