0 0.0950660 0.0845730 0.4149490 0.0774880 0.4161020 0.0990500 0.0962190 0.106136
1854. Годъ. Весна.
0.027778 0.083333 0.138889 0.194444 0.250000 0.305556 0.361111 0.416667 0.472222 0.527778 0.583333 0.638889 0.694444 0.750000 0.805556 0.861111 0.916667 0.972222 
0 0.0547030 0.1234270 0.9104940 0.1092580 0.9115930 0.1367450 0.0558020 0.150913
Мартъ. Погода сырая холодная; снѣгъ, мятели —
0.011111 0.033333 0.055556 0.077778 0.100000 0.122222 0.144444 0.166667 0.188889 0.211111 0.233333 0.255556 0.277778 0.300000 0.322222 0.344444 0.366667 0.388889 0.411111 0.433333 0.455556 0.477778 0.500000 0.522222 0.544444 0.566667 0.588889 0.611111 0.633333 0.655556 0.677778 0.700000 0.722222 0.744444 0.766667 0.788889 0.811111 0.833333 0.855556 0.877778 0.900000 0.922222 0.944444 0.966667 0.988889 
0 0.0716130 0.1687750 0.8655030 0.1511680 0.8668100 0.1755670 0.0729190 0.193174
Поспѣли морозы сильные — которые всё время
0.011905 0.035714 0.059524 0.083333 0.107143 0.130952 0.154762 0.178571 0.202381 0.226190 0.250000 0.273810 0.297619 0.321429 0.345238 0.369048 0.392857 0.416667 0.440476 0.464286 0.488095 0.511905 0.535714 0.559524 0.583333 0.607143 0.630952 0.654762 0.678571 0.702381 0.726190 0.750000 0.773810 0.797619 0.821429 0.845238 0.869048 0.892857 0.916667 0.940476 0.964286 0.988095 
0 0.0734880 0.2075460 0.8933210 0.1902400 0.8945710 0.2147630 0.0747370 0.232068
удерживали путь. Къ концу Марта солнечные
0.012195 0.036585 0.060976 0.085366 0.109756 0.134146 0.158537 0.182927 0.207317 0.231707 0.256098 0.280488 0.304878 0.329268 0.353659 0.378049 0.402439 0.426829 0.451220 0.475610 0.500000 0.524390 0.548780 0.573171 0.597561 0.621951 0.646341 0.670732 0.695122 0.719512 0.743902 0.768293 0.792683 0.817073 0.841463 0.865854 0.890244 0.914634 0.939024 0.963415 0.987805 
0 0.0779570 0.2520130 0.1953410 0.2520130 0.1953410 0.2730130 0.0779570 0.273013
дни —.
0.083333 0.250000 0.416667 0.583333 0.750000 0.916667 
0 0.0763730 0.2912350 0.8298830 0.2769220 0.8309680 0.3005840 0.0774590 0.314898
Апрѣль. 1-е число День пасмурный. Снѣгъ и
0.012195 0.036585 0.060976 0.085366 0.109756 0.134146 0.158537 0.182927 0.207317 0.231707 0.256098 0.280488 0.304878 0.329268 0.353659 0.378049 0.402439 0.426829 0.451220 0.475610 0.500000 0.524390 0.548780 0.573171 0.597561 0.621951 0.646341 0.670732 0.695122 0.719512 0.743902 0.768293 0.792683 0.817073 0.841463 0.865854 0.890244 0.914634 0.939024 0.963415 0.987805 
0 0.0727990 0.3313910 0.2072000 0.3289090 0.2081620 0.3505010 0.0737610 0.352983
морозъ.
0.071429 0.214286 0.357143 0.500000 0.642857 0.785714 0.928571 
0 0.1865700 0.3540760 0.8451090 0.3417230 0.8461990 0.3657840 0.1876600 0.378137
4-е. Первый весенній день. Тепло. Къ вечеру
0.011628 0.034884 0.058140 0.081395 0.104651 0.127907 0.151163 0.174419 0.197674 0.220930 0.244186 0.267442 0.290698 0.313953 0.337209 0.360465 0.383721 0.406977 0.430233 0.453488 0.476744 0.500000 0.523256 0.546512 0.569767 0.593023 0.616279 0.639535 0.662791 0.686047 0.709302 0.732558 0.755814 0.779070 0.802326 0.825581 0.848837 0.872093 0.895349 0.918605 0.941860 0.965116 0.988372 
0 0.0895660 0.3947780 0.9245850 0.3750470 0.9259690 0.3993060 0.0909500 0.419037
привезли на саняхъ патоку. Въ полѣ еще стоялъ
0.011111 0.033333 0.055556 0.077778 0.100000 0.122222 0.144444 0.166667 0.188889 0.211111 0.233333 0.255556 0.277778 0.300000 0.322222 0.344444 0.366667 0.388889 0.411111 0.433333 0.455556 0.477778 0.500000 0.522222 0.544444 0.566667 0.588889 0.611111 0.633333 0.655556 0.677778 0.700000 0.722222 0.744444 0.766667 0.788889 0.811111 0.833333 0.855556 0.877778 0.900000 0.922222 0.944444 0.966667 0.988889 
0 0.0893360 0.4335230 0.5489950 0.4188680 0.5506530 0.4404180 0.0909940 0.455073
плохой путь. Полнолуніе.
0.020833 0.062500 0.104167 0.145833 0.187500 0.229167 0.270833 0.312500 0.354167 0.395833 0.437500 0.479167 0.520833 0.562500 0.604167 0.645833 0.687500 0.729167 0.770833 0.812500 0.854167 0.895833 0.937500 0.979167 
0 0.1808430 0.4601480 0.9442000 0.4409010 0.9457430 0.4662470 0.1823860 0.485494
5-e. Съ утра окно отворено. На солнцѣ въ 10 ч. дня
0.010000 0.030000 0.050000 0.070000 0.090000 0.110000 0.130000 0.150000 0.170000 0.190000 0.210000 0.230000 0.250000 0.270000 0.290000 0.310000 0.330000 0.350000 0.370000 0.390000 0.410000 0.430000 0.450000 0.470000 0.490000 0.510000 0.530000 0.550000 0.570000 0.590000 0.610000 0.630000 0.650000 0.670000 0.690000 0.710000 0.730000 0.750000 0.770000 0.790000 0.810000 0.830000 0.850000 0.870000 0.890000 0.910000 0.930000 0.950000 0.970000 0.990000 
0 0.0823170 0.5000990 0.5471850 0.4874550 0.5487810 0.5117620 0.0839130 0.524406
+12°. День ясный. Солнце.
0.020000 0.060000 0.100000 0.140000 0.180000 0.220000 0.260000 0.300000 0.340000 0.380000 0.420000 0.460000 0.500000 0.540000 0.580000 0.620000 0.660000 0.700000 0.740000 0.780000 0.820000 0.860000 0.900000 0.940000 0.980000 
0 0.1815660 0.5312480 0.9151610 0.5095110 0.9170950 0.5365590 0.1835010 0.558296
6-е. 7-е 8-е Дни ясные. 8-го на Пасху привезли
0.010870 0.032609 0.054348 0.076087 0.097826 0.119565 0.141304 0.163043 0.184783 0.206522 0.228261 0.250000 0.271739 0.293478 0.315217 0.336957 0.358696 0.380435 0.402174 0.423913 0.445652 0.467391 0.489130 0.510870 0.532609 0.554348 0.576087 0.597826 0.619565 0.641304 0.663043 0.684783 0.706522 0.728261 0.750000 0.771739 0.793478 0.815217 0.836957 0.858696 0.880435 0.902174 0.923913 0.945652 0.967391 0.989130 
0 0.0922560 0.5661000 0.7301790 0.5510250 0.7315250 0.5746230 0.0936020 0.589698
цвѣты на колесахъ. Земля отходитъ.
0.014706 0.044118 0.073529 0.102941 0.132353 0.161765 0.191176 0.220588 0.250000 0.279412 0.308824 0.338235 0.367647 0.397059 0.426471 0.455882 0.485294 0.514706 0.544118 0.573529 0.602941 0.632353 0.661765 0.691176 0.720588 0.750000 0.779412 0.808824 0.838235 0.867647 0.897059 0.926471 0.955882 0.985294 
0 0.1094750 0.5961540 0.9705030 0.5819620 0.9715650 0.6086510 0.1105370 0.622842
11-е. Пасха.—. День ясный, но съ большимъ и холоднымъ вѣтромъ.
0.008065 0.024194 0.040323 0.056452 0.072581 0.088710 0.104839 0.120968 0.137097 0.153226 0.169355 0.185484 0.201613 0.217742 0.233871 0.250000 0.266129 0.282258 0.298387 0.314516 0.330645 0.346774 0.362903 0.379032 0.395161 0.411290 0.427419 0.443548 0.459677 0.475806 0.491935 0.508065 0.524194 0.540323 0.556452 0.572581 0.588710 0.604839 0.620968 0.637097 0.653226 0.669355 0.685484 0.701613 0.717742 0.733871 0.750000 0.766129 0.782258 0.798387 0.814516 0.830645 0.846774 0.862903 0.879032 0.895161 0.911290 0.927419 0.943548 0.959677 0.975806 0.991935 
0 0.1112040 0.6292920 0.9740660 0.6149920 0.9751500 0.6421000 0.1122890 0.656399
12-е 13-е 14-е. Снѣгъ, холодъ и вѣтеръ. Морозъ ночью. —
0.009091 0.027273 0.045455 0.063636 0.081818 0.100000 0.118182 0.136364 0.154545 0.172727 0.190909 0.209091 0.227273 0.245455 0.263636 0.281818 0.300000 0.318182 0.336364 0.354545 0.372727 0.390909 0.409091 0.427273 0.445455 0.463636 0.481818 0.500000 0.518182 0.536364 0.554545 0.572727 0.590909 0.609091 0.627273 0.645455 0.663636 0.681818 0.700000 0.718182 0.736364 0.754545 0.772727 0.790909 0.809091 0.827273 0.845455 0.863636 0.881818 0.900000 0.918182 0.936364 0.954545 0.972727 0.990909 
0 0.1092320 0.6680420 0.7141090 0.6531120 0.7154650 0.6758750 0.1105880 0.690805
15-е. День холодный и сѣрый.—.
0.016667 0.050000 0.083333 0.116667 0.150000 0.183333 0.216667 0.250000 0.283333 0.316667 0.350000 0.383333 0.416667 0.450000 0.483333 0.516667 0.550000 0.583333 0.616667 0.650000 0.683333 0.716667 0.750000 0.783333 0.816667 0.850000 0.883333 0.916667 0.950000 0.983333 
0 0.1105800 0.7018160 0.8864540 0.6761980 0.8884700 0.7014940 0.1125960 0.727112
16-е 17-е. 18-е. Погода сдѣлалась лучше, мелкій
0.010638 0.031915 0.053191 0.074468 0.095745 0.117021 0.138298 0.159574 0.180851 0.202128 0.223404 0.244681 0.265957 0.287234 0.308511 0.329787 0.351064 0.372340 0.393617 0.414894 0.436170 0.457447 0.478723 0.500000 0.521277 0.542553 0.563830 0.585106 0.606383 0.627660 0.648936 0.670213 0.691489 0.712766 0.734043 0.755319 0.776596 0.797872 0.819149 0.840426 0.861702 0.882979 0.904255 0.925532 0.946809 0.968085 0.989362 
0 0.1066570 0.7339510 0.2123800 0.7314430 0.2136160 0.7530180 0.1078930 0.755526
дождь.
0.083333 0.250000 0.416667 0.583333 0.750000 0.916667 
0 0.1141180 0.7567860 0.9232790 0.7357700 0.9251420 0.7654890 0.1159820 0.786504
18-е и 19-е. Воскресенье. Былъ два дня въ Воскресенскомъ.—.
0.008475 0.025424 0.042373 0.059322 0.076271 0.093220 0.110169 0.127119 0.144068 0.161017 0.177966 0.194915 0.211864 0.228814 0.245763 0.262712 0.279661 0.296610 0.313559 0.330508 0.347458 0.364407 0.381356 0.398305 0.415254 0.432203 0.449153 0.466102 0.483051 0.500000 0.516949 0.533898 0.550847 0.567797 0.584746 0.601695 0.618644 0.635593 0.652542 0.669492 0.686441 0.703390 0.720339 0.737288 0.754237 0.771186 0.788136 0.805085 0.822034 0.838983 0.855932 0.872881 0.889831 0.906780 0.923729 0.940678 0.957627 0.974576 0.991525 
0 0.3384930 0.7668590 0.8985370 0.7640670 0.8988270 0.7881880 0.3387830 0.790980
Снегъ почти сошелъ совершенно кромѣ овраговъ
0.011364 0.034091 0.056818 0.079545 0.102273 0.125000 0.147727 0.170455 0.193182 0.215909 0.238636 0.261364 0.284091 0.306818 0.329545 0.352273 0.375000 0.397727 0.420455 0.443182 0.465909 0.488636 0.511364 0.534091 0.556818 0.579545 0.602273 0.625000 0.647727 0.670455 0.693182 0.715909 0.738636 0.761364 0.784091 0.806818 0.829545 0.852273 0.875000 0.897727 0.920455 0.943182 0.965909 0.988636 
0 0.1062870 0.7980990 0.7442110 0.7814400 0.7458980 0.8081870 0.1079730 0.824846
19-е. Дождь. Погода сырая, но теплая.
0.013514 0.040541 0.067568 0.094595 0.121622 0.148649 0.175676 0.202703 0.229730 0.256757 0.283784 0.310811 0.337838 0.364865 0.391892 0.418919 0.445946 0.472973 0.500000 0.527027 0.554054 0.581081 0.608108 0.635135 0.662162 0.689189 0.716216 0.743243 0.770270 0.797297 0.824324 0.851351 0.878378 0.905405 0.932432 0.959459 0.986486 
0 0.7558390 0.7872270 0.9735470 0.7951130 0.9716630 0.8166590 0.7539550 0.808773
и сырыхъ склоновъ.
0.027778 0.083333 0.138889 0.194444 0.250000 0.305556 0.361111 0.416667 0.472222 0.527778 0.583333 0.638889 0.694444 0.750000 0.805556 0.861111 0.916667 0.972222 
0 0.1097400 0.8399360 0.8909890 0.8170030 0.8928980 0.8439410 0.1116490 0.866874
20-е 21-е 22-е. Дни стали ясные. Тепло...
0.012195 0.036585 0.060976 0.085366 0.109756 0.134146 0.158537 0.182927 0.207317 0.231707 0.256098 0.280488 0.304878 0.329268 0.353659 0.378049 0.402439 0.426829 0.451220 0.475610 0.500000 0.524390 0.548780 0.573171 0.597561 0.621951 0.646341 0.670732 0.695122 0.719512 0.743902 0.768293 0.792683 0.817073 0.841463 0.865854 0.890244 0.914634 0.939024 0.963415 0.987805 
0 0.1032050 0.8691530 0.9418630 0.8567640 0.9428660 0.8848910 0.1042080 0.897280
23. 24 Гулялъ въ паркѣ. Погода прекрасная. Тепло.
0.010204 0.030612 0.051020 0.071429 0.091837 0.112245 0.132653 0.153061 0.173469 0.193878 0.214286 0.234694 0.255102 0.275510 0.295918 0.316327 0.336735 0.357143 0.377551 0.397959 0.418367 0.438776 0.459184 0.479592 0.500000 0.520408 0.540816 0.561224 0.581633 0.602041 0.622449 0.642857 0.663265 0.683673 0.704082 0.724490 0.744898 0.765306 0.785714 0.806122 0.826531 0.846939 0.867347 0.887755 0.908163 0.928571 0.948980 0.969388 0.989796 
0 0.1092750 0.9011640 0.8332890 0.9004110 0.8333480 0.9241080 0.1093350 0.924862
Почьки начали у кустарниковъ трогаться.
0.012821 0.038462 0.064103 0.089744 0.115385 0.141026 0.166667 0.192308 0.217949 0.243590 0.269231 0.294872 0.320513 0.346154 0.371795 0.397436 0.423077 0.448718 0.474359 0.500000 0.525641 0.551282 0.576923 0.602564 0.628205 0.653846 0.679487 0.705128 0.730769 0.756410 0.782051 0.807692 0.833333 0.858974 0.884615 0.910256 0.935897 0.961538 0.987179 
