0 0.0799120 0.1073310 0.1332160 0.1060260 0.1339390 0.1274240 0.0806350 0.128729
<u>Зерно</u>
30 ноя 1858
0 0.1816760 0.1046090 0.2597940 0.1017300 0.2608810 0.1230990 0.1827630 0.125978
Пшца
30 ноя 1858
0 0.3102020 0.1011970 0.3791360 0.1011970 0.3791360 0.1221970 0.3102020 0.122197
рожь
30 ноя 1858
0 0.3991120 0.0998760 0.4763150 0.0989710 0.4766620 0.1203950 0.3994580 0.121300
овесъ.
30 ноя 1858
0 0.5177970 0.0993490 0.5692670 0.1001640 0.5687990 0.1215900 0.5173290 0.120775
просо.
30 ноя 1858
0 0.6244000 0.1008950 0.6859780 0.1018270 0.6855310 0.1232340 0.6239530 0.122302
грѣча.
30 ноя 1858
0 0.0984790 0.1372100 0.1301610 0.1338920 0.1332270 0.1551090 0.1015450 0.158427
56.
30 ноя 1858
0 0.0981080 0.1613930 0.1247490 0.1593200 0.1270370 0.1806180 0.1003950 0.182692
57.
30 ноя 1858
0 0.1022090 0.1826420 0.1279040 0.1800100 0.1309070 0.2012560 0.1052120 0.203888
58.
30 ноя 1858
0 0.0778890 0.2090600 0.1371740 0.2096950 0.1368580 0.2310800 0.0775730 0.230445
<u>Ужат.</u>
30 ноя 1858
0 0.1023960 0.2311970 0.1350200 0.2317760 0.1344970 0.2531540 0.1018730 0.252575
56.
30 ноя 1858
0 0.1052520 0.2516510 0.1319050 0.2528380 0.1305930 0.2742020 0.1039400 0.273015
57.
30 ноя 1858
0 0.1005700 0.2725560 0.1317970 0.2703650 0.1338590 0.2916680 0.1026320 0.293859
58.
30 ноя 1858
0 0.1683850 0.2923570 0.2662690 0.2910760 0.2666550 0.3124940 0.1687710 0.313775
Тяголъ
30 ноя 1858
0 0.3460480 0.2917290 0.5974260 0.2917290 0.5974260 0.3127290 0.3460480 0.312729
Пашутъ на тягло.
30 ноя 1858
0 0.6878830 0.2902290 0.9452880 0.2947800 0.9447050 0.3186610 0.6873010 0.314110
десятъ въ двухъ клячахъ.
30 ноя 1858
0 0.1542130 0.3364690 0.5297040 0.3407960 0.5293160 0.3652020 0.1538250 0.360876
Навозили чрезвычайно мало до
30 ноя 1858
0 0.6103010 0.3434080 0.9554070 0.3508110 0.9547040 0.3745530 0.6095980 0.367150
десят. А у другихъ и совсѣмъ
30 ноя 1858
0 0.1548600 0.3752610 0.9530310 0.3882960 0.9524480 0.4141820 0.1542770 0.401148
не навозили, и вообще думаютъ, что навозъ вреденъ. Земля
30 ноя 1858
0 0.1509210 0.4104620 0.9537290 0.4289620 0.9528930 0.4552490 0.1500850 0.436749
пахавшаяся нѣсколько нѣтъ называется <u>вѣтошная</u>, каково
30 ноя 1858
0 0.1388910 0.4503700 0.4077320 0.4517090 0.4075850 0.4731020 0.1387440 0.471763
хлѣбопашество!!!....
30 ноя 1858
0 0.2565690 0.4861020 0.9550970 0.4901170 0.9549150 0.5131560 0.2563860 0.509141
Ѣздили въ имѣніе Г-на Войкова за рѣку Ворону. Ворона
30 ноя 1858
0 0.1673200 0.5143570 0.9517100 0.5297210 0.9510480 0.5542260 0.1666580 0.538862
довольно большая рѣка, текущая по обширнейшимъ заливнымъ
30 ноя 1858
0 0.1599800 0.5490770 0.9627600 0.5635940 0.9620970 0.5901550 0.1593170 0.575639
мѣстностямъ — много лѣсу, бездна болотъ и заводей покры-
30 ноя 1858
0 0.1622440 0.5838520 0.9333200 0.5971030 0.9326980 0.6233190 0.1616220 0.610068
тыхъ камнемъ и необыкновенною растительностію. —
30 ноя 1858
