0 0.0718180 0.0416170 0.2712780 0.0445230 0.2704630 0.0660890 0.0710030 0.063183
1856. Февр.
0.045455 0.136364 0.227273 0.318182 0.409091 0.500000 0.590909 0.681818 0.772727 0.863636 0.954545 
0 0.1117510 0.1031750 0.9469920 0.1122150 0.9463490 0.1351650 0.1111070 0.126126
#
0.500000 
0 0.1099310 0.1427140 0.9202310 0.1500710 0.9196760 0.1736500 0.1093760 0.166293
#
0.500000 
0 0.1249010 0.1792490 0.9574600 0.1830470 0.9571550 0.2089130 0.1245950 0.205115
14. 15. Въ Москвѣ укладываюсь и приготовляюсь
0.011111 0.033333 0.055556 0.077778 0.100000 0.122222 0.144444 0.166667 0.188889 0.211111 0.233333 0.255556 0.277778 0.300000 0.322222 0.344444 0.366667 0.388889 0.411111 0.433333 0.455556 0.477778 0.500000 0.522222 0.544444 0.566667 0.588889 0.611111 0.633333 0.655556 0.677778 0.700000 0.722222 0.744444 0.766667 0.788889 0.811111 0.833333 0.855556 0.877778 0.900000 0.922222 0.944444 0.966667 0.988889 
0 0.1116420 0.2122660 0.9165610 0.2174270 0.9161290 0.2434610 0.1112090 0.238301
къ выѣзду — многое купилъ — забралъ журналовъ —
0.010638 0.031915 0.053191 0.074468 0.095745 0.117021 0.138298 0.159574 0.180851 0.202128 0.223404 0.244681 0.265957 0.287234 0.308511 0.329787 0.351064 0.372340 0.393617 0.414894 0.436170 0.457447 0.478723 0.500000 0.521277 0.542553 0.563830 0.585106 0.606383 0.627660 0.648936 0.670213 0.691489 0.712766 0.734043 0.755319 0.776596 0.797872 0.819149 0.840426 0.861702 0.882979 0.904255 0.925532 0.946809 0.968085 0.989362 
0 0.1112860 0.2518170 0.9367530 0.2513870 0.9367850 0.2748050 0.1113180 0.275235
Макаръ остался чтобы ѣхать съ обозомъ —
0.012821 0.038462 0.064103 0.089744 0.115385 0.141026 0.166667 0.192308 0.217949 0.243590 0.269231 0.294872 0.320513 0.346154 0.371795 0.397436 0.423077 0.448718 0.474359 0.500000 0.525641 0.551282 0.576923 0.602564 0.628205 0.653846 0.679487 0.705128 0.730769 0.756410 0.782051 0.807692 0.833333 0.858974 0.884615 0.910256 0.935897 0.961538 0.987179 
0 0.1182190 0.2928210 0.9499190 0.2883270 0.9502210 0.3099050 0.1185210 0.314399
16-е Всталъ рано, хлопоталъ, пишу письма во
0.011628 0.034884 0.058140 0.081395 0.104651 0.127907 0.151163 0.174419 0.197674 0.220930 0.244186 0.267442 0.290698 0.313953 0.337209 0.360465 0.383721 0.406977 0.430233 0.453488 0.476744 0.500000 0.523256 0.546512 0.569767 0.593023 0.616279 0.639535 0.662791 0.686047 0.709302 0.732558 0.755814 0.779070 0.802326 0.825581 0.848837 0.872093 0.895349 0.918605 0.941860 0.965116 0.988372 
0 0.1156750 0.3320920 0.9268950 0.3303280 0.9270170 0.3519390 0.1157970 0.353703
всѣ стороны — наконецъ вечеромъ выѣзжаю съ
0.011905 0.035714 0.059524 0.083333 0.107143 0.130952 0.154762 0.178571 0.202381 0.226190 0.250000 0.273810 0.297619 0.321429 0.345238 0.369048 0.392857 0.416667 0.440476 0.464286 0.488095 0.511905 0.535714 0.559524 0.583333 0.607143 0.630952 0.654762 0.678571 0.702381 0.726190 0.750000 0.773810 0.797619 0.821429 0.845238 0.869048 0.892857 0.916667 0.940476 0.964286 0.988095 
0 0.1138220 0.3717960 0.9446450 0.3688060 0.9448640 0.3922950 0.1140410 0.395285
дѣвушкой Марьей и Максимомъ Кобылинскимъ —
0.011905 0.035714 0.059524 0.083333 0.107143 0.130952 0.154762 0.178571 0.202381 0.226190 0.250000 0.273810 0.297619 0.321429 0.345238 0.369048 0.392857 0.416667 0.440476 0.464286 0.488095 0.511905 0.535714 0.559524 0.583333 0.607143 0.630952 0.654762 0.678571 0.702381 0.726190 0.750000 0.773810 0.797619 0.821429 0.845238 0.869048 0.892857 0.916667 0.940476 0.964286 0.988095 
0 0.1185000 0.4079510 0.9653360 0.4091750 0.9652460 0.4331670 0.1184100 0.431942
17. Въ дорогѣ ночевалъ у Сазоновыхъ въ Сергеевскомъ.
0.009615 0.028846 0.048077 0.067308 0.086538 0.105769 0.125000 0.144231 0.163462 0.182692 0.201923 0.221154 0.240385 0.259615 0.278846 0.298077 0.317308 0.336538 0.355769 0.375000 0.394231 0.413462 0.432692 0.451923 0.471154 0.490385 0.509615 0.528846 0.548077 0.567308 0.586538 0.605769 0.625000 0.644231 0.663462 0.682692 0.701923 0.721154 0.740385 0.759615 0.778846 0.798077 0.817308 0.836538 0.855769 0.875000 0.894231 0.913462 0.932692 0.951923 0.971154 0.990385 
0 0.1106350 0.4497450 0.9360800 0.4537910 0.9357500 0.4797330 0.1103060 0.475687
18-е. Въ 10 часовъ утра пріѣхалъ въ Кобылинку
0.011111 0.033333 0.055556 0.077778 0.100000 0.122222 0.144444 0.166667 0.188889 0.211111 0.233333 0.255556 0.277778 0.300000 0.322222 0.344444 0.366667 0.388889 0.411111 0.433333 0.455556 0.477778 0.500000 0.522222 0.544444 0.566667 0.588889 0.611111 0.633333 0.655556 0.677778 0.700000 0.722222 0.744444 0.766667 0.788889 0.811111 0.833333 0.855556 0.877778 0.900000 0.922222 0.944444 0.966667 0.988889 
0 0.1049820 0.4857150 0.9527200 0.4838590 0.9528700 0.5103620 0.1051320 0.512218
холодъ въ домѣ и какъ-то пусто, пустынно
0.012500 0.037500 0.062500 0.087500 0.112500 0.137500 0.162500 0.187500 0.212500 0.237500 0.262500 0.287500 0.312500 0.337500 0.362500 0.387500 0.412500 0.437500 0.462500 0.487500 0.512500 0.537500 0.562500 0.587500 0.612500 0.637500 0.662500 0.687500 0.712500 0.737500 0.762500 0.787500 0.812500 0.837500 0.862500 0.887500 0.912500 0.937500 0.962500 0.987500 
0 0.1070370 0.5188830 0.9129040 0.5220630 0.9126620 0.5456850 0.1067950 0.542504
и не гостепріимно. Механикъ Соринъ уже тутъ
0.011628 0.034884 0.058140 0.081395 0.104651 0.127907 0.151163 0.174419 0.197674 0.220930 0.244186 0.267442 0.290698 0.313953 0.337209 0.360465 0.383721 0.406977 0.430233 0.453488 0.476744 0.500000 0.523256 0.546512 0.569767 0.593023 0.616279 0.639535 0.662791 0.686047 0.709302 0.732558 0.755814 0.779070 0.802326 0.825581 0.848837 0.872093 0.895349 0.918605 0.941860 0.965116 0.988372 
0 0.1112770 0.5533690 0.9376330 0.5528040 0.9376780 0.5779030 0.1113220 0.578467
дня четыре. Сей часъ занялся планами завода,
0.011364 0.034091 0.056818 0.079545 0.102273 0.125000 0.147727 0.170455 0.193182 0.215909 0.238636 0.261364 0.284091 0.306818 0.329545 0.352273 0.375000 0.397727 0.420455 0.443182 0.465909 0.488636 0.511364 0.534091 0.556818 0.579545 0.602273 0.625000 0.647727 0.670455 0.693182 0.715909 0.738636 0.761364 0.784091 0.806818 0.829545 0.852273 0.875000 0.897727 0.920455 0.943182 0.965909 0.988636 
0 0.1154890 0.5949440 0.9338350 0.5901320 0.9342010 0.6141610 0.1158550 0.618973
раскладывалъ книги и бумаги. Аппетиту много
0.011628 0.034884 0.058140 0.081395 0.104651 0.127907 0.151163 0.174419 0.197674 0.220930 0.244186 0.267442 0.290698 0.313953 0.337209 0.360465 0.383721 0.406977 0.430233 0.453488 0.476744 0.500000 0.523256 0.546512 0.569767 0.593023 0.616279 0.639535 0.662791 0.686047 0.709302 0.732558 0.755814 0.779070 0.802326 0.825581 0.848837 0.872093 0.895349 0.918605 0.941860 0.965116 0.988372 
0 0.1142280 0.6357950 0.3270440 0.6323230 0.3279560 0.6538800 0.1151400 0.657352
сонъ хорошъ.
0.041667 0.125000 0.208333 0.291667 0.375000 0.458333 0.541667 0.625000 0.708333 0.791667 0.875000 0.958333 
0 0.1039770 0.6645040 0.9579390 0.6600070 0.9582330 0.6815850 0.1042720 0.686082
19-е. Всталъ хорошо — рѣшительно деревня меня оживляетъ
0.009091 0.027273 0.045455 0.063636 0.081818 0.100000 0.118182 0.136364 0.154545 0.172727 0.190909 0.209091 0.227273 0.245455 0.263636 0.281818 0.300000 0.318182 0.336364 0.354545 0.372727 0.390909 0.409091 0.427273 0.445455 0.463636 0.481818 0.500000 0.518182 0.536364 0.554545 0.572727 0.590909 0.609091 0.627273 0.645455 0.663636 0.681818 0.700000 0.718182 0.736364 0.754545 0.772727 0.790909 0.809091 0.827273 0.845455 0.863636 0.881818 0.900000 0.918182 0.936364 0.954545 0.972727 0.990909 
0 0.1165180 0.6960250 0.9589040 0.6931830 0.9590930 0.7147760 0.1167070 0.717618
столярничалъ 2 часа. Занимался планами завода съ
0.010417 0.031250 0.052083 0.072917 0.093750 0.114583 0.135417 0.156250 0.177083 0.197917 0.218750 0.239583 0.260417 0.281250 0.302083 0.322917 0.343750 0.364583 0.385417 0.406250 0.427083 0.447917 0.468750 0.489583 0.510417 0.531250 0.552083 0.572917 0.593750 0.614583 0.635417 0.656250 0.677083 0.697917 0.718750 0.739583 0.760417 0.781250 0.802083 0.822917 0.843750 0.864583 0.885417 0.906250 0.927083 0.947917 0.968750 0.989583 
0 0.1226230 0.7286710 0.9676790 0.7230610 0.9680500 0.7446300 0.1229940 0.750240
Соринымъ. Пріѣхалъ Борисъ Афремовъ — опять толки
0.010417 0.031250 0.052083 0.072917 0.093750 0.114583 0.135417 0.156250 0.177083 0.197917 0.218750 0.239583 0.260417 0.281250 0.302083 0.322917 0.343750 0.364583 0.385417 0.406250 0.427083 0.447917 0.468750 0.489583 0.510417 0.531250 0.552083 0.572917 0.593750 0.614583 0.635417 0.656250 0.677083 0.697917 0.718750 0.739583 0.760417 0.781250 0.802083 0.822917 0.843750 0.864583 0.885417 0.906250 0.927083 0.947917 0.968750 0.989583 
0 0.1304170 0.7615640 0.9648150 0.7525380 0.9654700 0.7758970 0.1310720 0.784924
о Комедіи — всѣ кто видѣлъ въ восхищеніи — Сдѣла-
0.010204 0.030612 0.051020 0.071429 0.091837 0.112245 0.132653 0.153061 0.173469 0.193878 0.214286 0.234694 0.255102 0.275510 0.295918 0.316327 0.336735 0.357143 0.377551 0.397959 0.418367 0.438776 0.459184 0.479592 0.500000 0.520408 0.540816 0.561224 0.581633 0.602041 0.622449 0.642857 0.663265 0.683673 0.704082 0.724490 0.744898 0.765306 0.785714 0.806122 0.826531 0.846939 0.867347 0.887755 0.908163 0.928571 0.948980 0.969388 0.989796 
0 0.1303250 0.7933060 0.9032370 0.7828730 0.9040400 0.8058020 0.1311270 0.816235
лась головная боль. Вечеръ занимался планами.
0.011111 0.033333 0.055556 0.077778 0.100000 0.122222 0.144444 0.166667 0.188889 0.211111 0.233333 0.255556 0.277778 0.300000 0.322222 0.344444 0.366667 0.388889 0.411111 0.433333 0.455556 0.477778 0.500000 0.522222 0.544444 0.566667 0.588889 0.611111 0.633333 0.655556 0.677778 0.700000 0.722222 0.744444 0.766667 0.788889 0.811111 0.833333 0.855556 0.877778 0.900000 0.922222 0.944444 0.966667 0.988889 
0 0.1036680 0.8267600 0.9674090 0.8157220 0.9681550 0.8382470 0.1044140 0.849285
20-е. Спалъ хорошо — всталъ въ 6-тъ часовъ — ходилъ гулять
0.008621 0.025862 0.043103 0.060345 0.077586 0.094828 0.112069 0.129310 0.146552 0.163793 0.181034 0.198276 0.215517 0.232759 0.250000 0.267241 0.284483 0.301724 0.318966 0.336207 0.353448 0.370690 0.387931 0.405172 0.422414 0.439655 0.456897 0.474138 0.491379 0.508621 0.525862 0.543103 0.560345 0.577586 0.594828 0.612069 0.629310 0.646552 0.663793 0.681034 0.698276 0.715517 0.732759 0.750000 0.767241 0.784483 0.801724 0.818966 0.836207 0.853448 0.870690 0.887931 0.905172 0.922414 0.939655 0.956897 0.974138 0.991379 
0 0.1125530 0.8630960 0.9736350 0.8513750 0.9743960 0.8729280 0.1133130 0.884650
и потомъ столярничалъ. По пріѣзду лицо очень изнѣ-
0.010000 0.030000 0.050000 0.070000 0.090000 0.110000 0.130000 0.150000 0.170000 0.190000 0.210000 0.230000 0.250000 0.270000 0.290000 0.310000 0.330000 0.350000 0.370000 0.390000 0.410000 0.430000 0.450000 0.470000 0.490000 0.510000 0.530000 0.550000 0.570000 0.590000 0.610000 0.630000 0.650000 0.670000 0.690000 0.710000 0.730000 0.750000 0.770000 0.790000 0.810000 0.830000 0.850000 0.870000 0.890000 0.910000 0.930000 0.950000 0.970000 0.990000 
0 0.1116350 0.8932660 0.9753490 0.8815240 0.9761690 0.9047820 0.1124540 0.916523
жилось и опустилось — въ эти дни поправляется — Сто-
0.009615 0.028846 0.048077 0.067308 0.086538 0.105769 0.125000 0.144231 0.163462 0.182692 0.201923 0.221154 0.240385 0.259615 0.278846 0.298077 0.317308 0.336538 0.355769 0.375000 0.394231 0.413462 0.432692 0.451923 0.471154 0.490385 0.509615 0.528846 0.548077 0.567308 0.586538 0.605769 0.625000 0.644231 0.663462 0.682692 0.701923 0.721154 0.740385 0.759615 0.778846 0.798077 0.817308 0.836538 0.855769 0.875000 0.894231 0.913462 0.932692 0.951923 0.971154 0.990385 
0 0.1114370 0.9239320 0.9724460 0.9089400 0.9735570 0.9335420 0.1125480 0.948534
лярничалъ всё утро — опять крѣпну — читалъ жур-
0.010638 0.031915 0.053191 0.074468 0.095745 0.117021 0.138298 0.159574 0.180851 0.202128 0.223404 0.244681 0.265957 0.287234 0.308511 0.329787 0.351064 0.372340 0.393617 0.414894 0.436170 0.457447 0.478723 0.500000 0.521277 0.542553 0.563830 0.585106 0.606383 0.627660 0.648936 0.670213 0.691489 0.712766 0.734043 0.755319 0.776596 0.797872 0.819149 0.840426 0.861702 0.882979 0.904255 0.925532 0.946809 0.968085 0.989362 
