0 0.0762950 0.1056160 0.8387530 0.0905510 0.8398920 0.1144170 0.0774330 0.129482
7-е. Облачно, по погода свѣжая — вечеромъ дождь — во
0.009615 0.028846 0.048077 0.067308 0.086538 0.105769 0.125000 0.144231 0.163462 0.182692 0.201923 0.221154 0.240385 0.259615 0.278846 0.298077 0.317308 0.336538 0.355769 0.375000 0.394231 0.413462 0.432692 0.451923 0.471154 0.490385 0.509615 0.528846 0.548077 0.567308 0.586538 0.605769 0.625000 0.644231 0.663462 0.682692 0.701923 0.721154 0.740385 0.759615 0.778846 0.798077 0.817308 0.836538 0.855769 0.875000 0.894231 0.913462 0.932692 0.951923 0.971154 0.990385 
0 0.0842680 0.1371980 0.9587640 0.1198770 0.9599640 0.1449820 0.0854680 0.162303
всю ночь сильный дождъ. Подвергнутъ аресту на Гауптвахтѣ
0.008929 0.026786 0.044643 0.062500 0.080357 0.098214 0.116071 0.133929 0.151786 0.169643 0.187500 0.205357 0.223214 0.241071 0.258929 0.276786 0.294643 0.312500 0.330357 0.348214 0.366071 0.383929 0.401786 0.419643 0.437500 0.455357 0.473214 0.491071 0.508929 0.526786 0.544643 0.562500 0.580357 0.598214 0.616071 0.633929 0.651786 0.669643 0.687500 0.705357 0.723214 0.741071 0.758929 0.776786 0.794643 0.812500 0.830357 0.848214 0.866071 0.883929 0.901786 0.919643 0.937500 0.955357 0.973214 0.991071 
0 0.0887230 0.1768530 0.4319030 0.1685950 0.4331560 0.1901620 0.0899760 0.198421
у Воскресенскихъ воротъ.
0.020833 0.062500 0.104167 0.145833 0.187500 0.229167 0.270833 0.312500 0.354167 0.395833 0.437500 0.479167 0.520833 0.562500 0.604167 0.645833 0.687500 0.729167 0.770833 0.812500 0.854167 0.895833 0.937500 0.979167 
0 0.0758080 0.2110670 0.8841040 0.1876030 0.8857910 0.2116620 0.0774940 0.235126
#
0.500000 
0 0.0831650 0.2495520 0.2498150 0.2447040 0.2513290 0.2662550 0.0846790 0.271103
#
0.500000 
0 0.0767370 0.2820220 0.7924100 0.2578690 0.7944280 0.2826400 0.0787550 0.306793
#
0.500000 
0 0.0749410 0.3256470 0.7253760 0.3047190 0.7271680 0.3277920 0.0767330 0.348720
#
0.500000 
0 0.0768340 0.3591080 0.6244040 0.3454340 0.6259030 0.3702850 0.0783320 0.383958
#
0.500000 
0 0.0785010 0.3966270 0.3383390 0.3877510 0.3401160 0.4093000 0.0802780 0.418176
12. Холодно —
0.038462 0.115385 0.192308 0.269231 0.346154 0.423077 0.500000 0.576923 0.653846 0.730769 0.807692 0.884615 0.961538 
0 0.5156320 0.3867880 0.9106840 0.3728230 0.9126980 0.3964180 0.5176450 0.410383
и жаркій особѣнно 18. 19. 20 числа.
0.014286 0.042857 0.071429 0.100000 0.128571 0.157143 0.185714 0.214286 0.242857 0.271429 0.300000 0.328571 0.357143 0.385714 0.414286 0.442857 0.471429 0.500000 0.528571 0.557143 0.585714 0.614286 0.642857 0.671429 0.700000 0.728571 0.757143 0.785714 0.814286 0.842857 0.871429 0.900000 0.928571 0.957143 0.985714 
0 0.0809510 0.4251080 0.9301340 0.3947610 0.9324170 0.4212160 0.0832340 0.451563
13. 14 и до 21. Дни ясные — вода совершенно тёплая
0.010000 0.030000 0.050000 0.070000 0.090000 0.110000 0.130000 0.150000 0.170000 0.190000 0.210000 0.230000 0.250000 0.270000 0.290000 0.310000 0.330000 0.350000 0.370000 0.390000 0.410000 0.430000 0.450000 0.470000 0.490000 0.510000 0.530000 0.550000 0.570000 0.590000 0.610000 0.630000 0.650000 0.670000 0.690000 0.710000 0.730000 0.750000 0.770000 0.790000 0.810000 0.830000 0.850000 0.870000 0.890000 0.910000 0.930000 0.950000 0.970000 0.990000 
0 0.0822560 0.4538740 0.8803850 0.4301010 0.8822000 0.4553470 0.0840710 0.479120
Купался по два раза въ день — кустарники всѣ въ цвету
0.009434 0.028302 0.047170 0.066038 0.084906 0.103774 0.122642 0.141509 0.160377 0.179245 0.198113 0.216981 0.235849 0.254717 0.273585 0.292453 0.311321 0.330189 0.349057 0.367925 0.386792 0.405660 0.424528 0.443396 0.462264 0.481132 0.500000 0.518868 0.537736 0.556604 0.575472 0.594340 0.613208 0.632075 0.650943 0.669811 0.688679 0.707547 0.726415 0.745283 0.764151 0.783019 0.801887 0.820755 0.839623 0.858491 0.877358 0.896226 0.915094 0.933962 0.952830 0.971698 0.990566 
0 0.0871950 0.4882980 0.7109190 0.4666180 0.7129620 0.4909650 0.0892380 0.512646
22. Вѣтрено. Стало въ воздухѣ свѣжѣе.
0.013514 0.040541 0.067568 0.094595 0.121622 0.148649 0.175676 0.202703 0.229730 0.256757 0.283784 0.310811 0.337838 0.364865 0.391892 0.418919 0.445946 0.472973 0.500000 0.527027 0.554054 0.581081 0.608108 0.635135 0.662162 0.689189 0.716216 0.743243 0.770270 0.797297 0.824324 0.851351 0.878378 0.905405 0.932432 0.959459 0.986486 
0 0.0898460 0.5212350 0.9077960 0.4929060 0.9099990 0.5192550 0.0920490 0.547585
23. Сумрачно — довольно свѣжо. По утру малый дождь.
0.009804 0.029412 0.049020 0.068627 0.088235 0.107843 0.127451 0.147059 0.166667 0.186275 0.205882 0.225490 0.245098 0.264706 0.284314 0.303922 0.323529 0.343137 0.362745 0.382353 0.401961 0.421569 0.441176 0.460784 0.480392 0.500000 0.519608 0.539216 0.558824 0.578431 0.598039 0.617647 0.637255 0.656863 0.676471 0.696078 0.715686 0.735294 0.754902 0.774510 0.794118 0.813725 0.833333 0.852941 0.872549 0.892157 0.911765 0.931373 0.950980 0.970588 0.990196 
0 0.0900870 0.5640320 0.6543270 0.5435730 0.6564550 0.5678840 0.0922150 0.588342
#
0.500000 
0 0.0801990 0.5952850 0.8302400 0.5692450 0.8322770 0.5935550 0.0822360 0.619595
#
0.500000 
0 0.0912440 0.6254870 0.8707550 0.6054990 0.8722570 0.6297620 0.0927460 0.649751
#
0.500000 
0 0.0875310 0.6641760 0.8320690 0.6411100 0.8338410 0.6648020 0.0893030 0.687868
#
0.500000 
0 0.0906030 0.6933060 0.8933720 0.6774070 0.8945520 0.7020760 0.0917830 0.717975
числа день жаркій. Маменька отправила
0.013514 0.040541 0.067568 0.094595 0.121622 0.148649 0.175676 0.202703 0.229730 0.256757 0.283784 0.310811 0.337838 0.364865 0.391892 0.418919 0.445946 0.472973 0.500000 0.527027 0.554054 0.581081 0.608108 0.635135 0.662162 0.689189 0.716216 0.743243 0.770270 0.797297 0.824324 0.851351 0.878378 0.905405 0.932432 0.959459 0.986486 
0 0.0961280 0.7275740 0.5629680 0.7193610 0.5638840 0.7409380 0.0970440 0.749151
письма къ Е. И. В.—.
0.025000 0.075000 0.125000 0.175000 0.225000 0.275000 0.325000 0.375000 0.425000 0.475000 0.525000 0.575000 0.625000 0.675000 0.725000 0.775000 0.825000 0.875000 0.925000 0.975000 
0 0.1068810 0.7562160 0.9463780 0.7439310 0.9473450 0.7712810 0.1078470 0.783566
24, 25, 26, Дождь и солнце — погода отличная.
0.011111 0.033333 0.055556 0.077778 0.100000 0.122222 0.144444 0.166667 0.188889 0.211111 0.233333 0.255556 0.277778 0.300000 0.322222 0.344444 0.366667 0.388889 0.411111 0.433333 0.455556 0.477778 0.500000 0.522222 0.544444 0.566667 0.588889 0.611111 0.633333 0.655556 0.677778 0.700000 0.722222 0.744444 0.766667 0.788889 0.811111 0.833333 0.855556 0.877778 0.900000 0.922222 0.944444 0.966667 0.988889 
0 0.0915730 0.7938100 0.9338550 0.7808080 0.9348110 0.8064600 0.0925290 0.819462
26 Вечеромъ катался въ гондолѣ. Anaïs. —
0.012500 0.037500 0.062500 0.087500 0.112500 0.137500 0.162500 0.187500 0.212500 0.237500 0.262500 0.287500 0.312500 0.337500 0.362500 0.387500 0.412500 0.437500 0.462500 0.487500 0.512500 0.537500 0.562500 0.587500 0.612500 0.637500 0.662500 0.687500 0.712500 0.737500 0.762500 0.787500 0.812500 0.837500 0.862500 0.887500 0.912500 0.937500 0.962500 0.987500 
0 0.1047450 0.8285500 0.5857890 0.8164590 0.5872810 0.8410590 0.1062370 0.853149
Au clair de la Lune.—.
0.022727 0.068182 0.113636 0.159091 0.204545 0.250000 0.295455 0.340909 0.386364 0.431818 0.477273 0.522727 0.568182 0.613636 0.659091 0.704545 0.750000 0.795455 0.840909 0.886364 0.931818 0.977273 
0 0.1079340 0.8604210 0.8910250 0.8512640 0.8917460 0.8768180 0.1086550 0.885975
27. и 28-е Дожди. Рано утромъ ѣздилъ на
0.012821 0.038462 0.064103 0.089744 0.115385 0.141026 0.166667 0.192308 0.217949 0.243590 0.269231 0.294872 0.320513 0.346154 0.371795 0.397436 0.423077 0.448718 0.474359 0.500000 0.525641 0.551282 0.576923 0.602564 0.628205 0.653846 0.679487 0.705128 0.730769 0.756410 0.782051 0.807692 0.833333 0.858974 0.884615 0.910256 0.935897 0.961538 0.987179 
0 0.5290700 0.8790590 0.6554090 0.8804050 0.6548530 0.9020230 0.5285140 0.900676
лодкѣ.
0.083333 0.250000 0.416667 0.583333 0.750000 0.916667 
0 0.1084860 0.9004030 0.8835750 0.9017090 0.8834870 0.9233540 0.1083980 0.922048
29-е. Петровъ день. Съ вечера былъ дождь.
0.012195 0.036585 0.060976 0.085366 0.109756 0.134146 0.158537 0.182927 0.207317 0.231707 0.256098 0.280488 0.304878 0.329268 0.353659 0.378049 0.402439 0.426829 0.451220 0.475610 0.500000 0.524390 0.548780 0.573171 0.597561 0.621951 0.646341 0.670732 0.695122 0.719512 0.743902 0.768293 0.792683 0.817073 0.841463 0.865854 0.890244 0.914634 0.939024 0.963415 0.987805 
0 0.1352790 0.9372150 0.8601910 0.9367700 0.8602260 0.9600080 0.1353140 0.960454
Утро прекрасное. Всталъ 4-го половина
0.013514 0.040541 0.067568 0.094595 0.121622 0.148649 0.175676 0.202703 0.229730 0.256757 0.283784 0.310811 0.337838 0.364865 0.391892 0.418919 0.445946 0.472973 0.500000 0.527027 0.554054 0.581081 0.608108 0.635135 0.662162 0.689189 0.716216 0.743243 0.770270 0.797297 0.824324 0.851351 0.878378 0.905405 0.932432 0.959459 0.986486 
