0 0.0840070 0.1195820 0.9087690 0.1262510 0.9084520 0.1516570 0.0836910 0.144989
6-е. Всталъ хорошо. Хлопоты о пойманной Карцевской дѣвкѣ
0.008929 0.026786 0.044643 0.062500 0.080357 0.098214 0.116071 0.133929 0.151786 0.169643 0.187500 0.205357 0.223214 0.241071 0.258929 0.276786 0.294643 0.312500 0.330357 0.348214 0.366071 0.383929 0.401786 0.419643 0.437500 0.455357 0.473214 0.491071 0.508929 0.526786 0.544643 0.562500 0.580357 0.598214 0.616071 0.633929 0.651786 0.669643 0.687500 0.705357 0.723214 0.741071 0.758929 0.776786 0.794643 0.812500 0.830357 0.848214 0.866071 0.883929 0.901786 0.919643 0.937500 0.955357 0.973214 0.991071 
0 0.1014230 0.1557400 0.9127700 0.1680870 0.9122100 0.1920040 0.1008620 0.179658
которую и отправилъ въ Чернь. — Ходилъ во второй логъ и под-
0.008333 0.025000 0.041667 0.058333 0.075000 0.091667 0.108333 0.125000 0.141667 0.158333 0.175000 0.191667 0.208333 0.225000 0.241667 0.258333 0.275000 0.291667 0.308333 0.325000 0.341667 0.358333 0.375000 0.391667 0.408333 0.425000 0.441667 0.458333 0.475000 0.491667 0.508333 0.525000 0.541667 0.558333 0.575000 0.591667 0.608333 0.625000 0.641667 0.658333 0.675000 0.691667 0.708333 0.725000 0.741667 0.758333 0.775000 0.791667 0.808333 0.825000 0.841667 0.858333 0.875000 0.891667 0.908333 0.925000 0.941667 0.958333 0.975000 0.991667 
0 0.1072160 0.1935260 0.8654760 0.2073070 0.8648340 0.2302460 0.1065740 0.216465
чищалъ молодежникъ въ Южномъ углу. Оттепель. Снѣгъ
0.010000 0.030000 0.050000 0.070000 0.090000 0.110000 0.130000 0.150000 0.170000 0.190000 0.210000 0.230000 0.250000 0.270000 0.290000 0.310000 0.330000 0.350000 0.370000 0.390000 0.410000 0.430000 0.450000 0.470000 0.490000 0.510000 0.530000 0.550000 0.570000 0.590000 0.610000 0.630000 0.650000 0.670000 0.690000 0.710000 0.730000 0.750000 0.770000 0.790000 0.810000 0.830000 0.850000 0.870000 0.890000 0.910000 0.930000 0.950000 0.970000 0.990000 
0 0.1061050 0.2312110 0.9203690 0.2420680 0.9199300 0.2634540 0.1056660 0.252597
почти вѣсь сошёлъ. Заводъ въ 12 часовъ остановленъ. Оста-
0.008772 0.026316 0.043860 0.061404 0.078947 0.096491 0.114035 0.131579 0.149123 0.166667 0.184211 0.201754 0.219298 0.236842 0.254386 0.271930 0.289474 0.307018 0.324561 0.342105 0.359649 0.377193 0.394737 0.412281 0.429825 0.447368 0.464912 0.482456 0.500000 0.517544 0.535088 0.552632 0.570175 0.587719 0.605263 0.622807 0.640351 0.657895 0.675439 0.692982 0.710526 0.728070 0.745614 0.763158 0.780702 0.798246 0.815789 0.833333 0.850877 0.868421 0.885965 0.903509 0.921053 0.938596 0.956140 0.973684 0.991228 
0 0.1023530 0.2668920 0.9113150 0.2792560 0.9107350 0.3039150 0.1017720 0.291550
вили 200 четвертей для пробы окончательной отдѣлки мезги
0.008929 0.026786 0.044643 0.062500 0.080357 0.098214 0.116071 0.133929 0.151786 0.169643 0.187500 0.205357 0.223214 0.241071 0.258929 0.276786 0.294643 0.312500 0.330357 0.348214 0.366071 0.383929 0.401786 0.419643 0.437500 0.455357 0.473214 0.491071 0.508929 0.526786 0.544643 0.562500 0.580357 0.598214 0.616071 0.633929 0.651786 0.669643 0.687500 0.705357 0.723214 0.741071 0.758929 0.776786 0.794643 0.812500 0.830357 0.848214 0.866071 0.883929 0.901786 0.919643 0.937500 0.955357 0.973214 0.991071 
0 0.1041080 0.3034460 0.9312750 0.3108780 0.9309350 0.3354420 0.1037680 0.328010
горячею вымочькою. Послали къ Сухотину за чанками для оной. —
0.008197 0.024590 0.040984 0.057377 0.073770 0.090164 0.106557 0.122951 0.139344 0.155738 0.172131 0.188525 0.204918 0.221311 0.237705 0.254098 0.270492 0.286885 0.303279 0.319672 0.336066 0.352459 0.368852 0.385246 0.401639 0.418033 0.434426 0.450820 0.467213 0.483607 0.500000 0.516393 0.532787 0.549180 0.565574 0.581967 0.598361 0.614754 0.631148 0.647541 0.663934 0.680328 0.696721 0.713115 0.729508 0.745902 0.762295 0.778689 0.795082 0.811475 0.827869 0.844262 0.860656 0.877049 0.893443 0.909836 0.926230 0.942623 0.959016 0.975410 0.991803 
0 0.1051550 0.3423260 0.4555620 0.3399550 0.4557850 0.3613620 0.1053790 0.363733
Вечеромъ читалъ журналы.
0.020833 0.062500 0.104167 0.145833 0.187500 0.229167 0.270833 0.312500 0.354167 0.395833 0.437500 0.479167 0.520833 0.562500 0.604167 0.645833 0.687500 0.729167 0.770833 0.812500 0.854167 0.895833 0.937500 0.979167 
0 0.0778120 0.3725040 0.9337530 0.3655980 0.9341280 0.3958210 0.0781870 0.402727
7-е. Всталъ рано. Переводилъ Логику — о философскомъ Методѣ
0.008475 0.025424 0.042373 0.059322 0.076271 0.093220 0.110169 0.127119 0.144068 0.161017 0.177966 0.194915 0.211864 0.228814 0.245763 0.262712 0.279661 0.296610 0.313559 0.330508 0.347458 0.364407 0.381356 0.398305 0.415254 0.432203 0.449153 0.466102 0.483051 0.500000 0.516949 0.533898 0.550847 0.567797 0.584746 0.601695 0.618644 0.635593 0.652542 0.669492 0.686441 0.703390 0.720339 0.737288 0.754237 0.771186 0.788136 0.805085 0.822034 0.838983 0.855932 0.872881 0.889831 0.906780 0.923729 0.940678 0.957627 0.974576 0.991525 
0 0.1242150 0.4111490 0.9116680 0.4027560 0.9120660 0.4269670 0.1246130 0.435359
и о Діалектикѣ Стр. 39. Ходилъ въ лѣсъ работать. Вечеромъ
0.008772 0.026316 0.043860 0.061404 0.078947 0.096491 0.114035 0.131579 0.149123 0.166667 0.184211 0.201754 0.219298 0.236842 0.254386 0.271930 0.289474 0.307018 0.324561 0.342105 0.359649 0.377193 0.394737 0.412281 0.429825 0.447368 0.464912 0.482456 0.500000 0.517544 0.535088 0.552632 0.570175 0.587719 0.605263 0.622807 0.640351 0.657895 0.675439 0.692982 0.710526 0.728070 0.745614 0.763158 0.780702 0.798246 0.815789 0.833333 0.850877 0.868421 0.885965 0.903509 0.921053 0.938596 0.956140 0.973684 0.991228 
0 0.1215740 0.4369860 0.7754740 0.4365510 0.7754980 0.4607660 0.1215990 0.461201
читалъ L'Insecte Мишлета. — Столярничалъ —
0.011905 0.035714 0.059524 0.083333 0.107143 0.130952 0.154762 0.178571 0.202381 0.226190 0.250000 0.273810 0.297619 0.321429 0.345238 0.369048 0.392857 0.416667 0.440476 0.464286 0.488095 0.511905 0.535714 0.559524 0.583333 0.607143 0.630952 0.654762 0.678571 0.702381 0.726190 0.750000 0.773810 0.797619 0.821429 0.845238 0.869048 0.892857 0.916667 0.940476 0.964286 0.988095 
0 0.0822340 0.4716750 0.9046510 0.4685370 0.9047900 0.4921860 0.0823730 0.495324
8-е. Всталъ рано. Ѣздилъ на Барсе къ Афремовымъ — воротился
0.008475 0.025424 0.042373 0.059322 0.076271 0.093220 0.110169 0.127119 0.144068 0.161017 0.177966 0.194915 0.211864 0.228814 0.245763 0.262712 0.279661 0.296610 0.313559 0.330508 0.347458 0.364407 0.381356 0.398305 0.415254 0.432203 0.449153 0.466102 0.483051 0.500000 0.516949 0.533898 0.550847 0.567797 0.584746 0.601695 0.618644 0.635593 0.652542 0.669492 0.686441 0.703390 0.720339 0.737288 0.754237 0.771186 0.788136 0.805085 0.822034 0.838983 0.855932 0.872881 0.889831 0.906780 0.923729 0.940678 0.957627 0.974576 0.991525 
0 0.1097180 0.5077910 0.2561970 0.5053910 0.2567380 0.5267890 0.1102580 0.529189
въ 12 часовъ.
0.038462 0.115385 0.192308 0.269231 0.346154 0.423077 0.500000 0.576923 0.653846 0.730769 0.807692 0.884615 0.961538 
0 0.0844090 0.5354580 0.8804390 0.5251190 0.8809240 0.5493850 0.0848940 0.559724
9-е. 10. 11. 12. Кое какъ занимался. Тихо. Уныніе. Гимнастика не
0.007813 0.023438 0.039063 0.054688 0.070313 0.085938 0.101563 0.117188 0.132813 0.148438 0.164063 0.179688 0.195313 0.210938 0.226563 0.242188 0.257813 0.273438 0.289063 0.304688 0.320313 0.335938 0.351563 0.367188 0.382813 0.398438 0.414063 0.429688 0.445313 0.460938 0.476563 0.492188 0.507813 0.523438 0.539063 0.554688 0.570313 0.585938 0.601563 0.617188 0.632813 0.648438 0.664063 0.679688 0.695313 0.710938 0.726563 0.742188 0.757813 0.773438 0.789063 0.804688 0.820313 0.835938 0.851563 0.867188 0.882813 0.898438 0.914063 0.929688 0.945313 0.960938 0.976563 0.992188 
0 0.0847730 0.5700890 0.8932340 0.5565620 0.8938840 0.5817800 0.0854230 0.595307
помогаетъ. Послѣ нѣсколькихъ ея пріемовъ не чувствую прилива
0.008333 0.025000 0.041667 0.058333 0.075000 0.091667 0.108333 0.125000 0.141667 0.158333 0.175000 0.191667 0.208333 0.225000 0.241667 0.258333 0.275000 0.291667 0.308333 0.325000 0.341667 0.358333 0.375000 0.391667 0.408333 0.425000 0.441667 0.458333 0.475000 0.491667 0.508333 0.525000 0.541667 0.558333 0.575000 0.591667 0.608333 0.625000 0.641667 0.658333 0.675000 0.691667 0.708333 0.725000 0.741667 0.758333 0.775000 0.791667 0.808333 0.825000 0.841667 0.858333 0.875000 0.891667 0.908333 0.925000 0.941667 0.958333 0.975000 0.991667 
0 0.0843770 0.6030870 0.8570360 0.5927020 0.8575340 0.6167890 0.0848750 0.627173
крови къ членамъ. Худѣю, мякну. Сплинъ, сплинъ. Въ головѣ
0.008772 0.026316 0.043860 0.061404 0.078947 0.096491 0.114035 0.131579 0.149123 0.166667 0.184211 0.201754 0.219298 0.236842 0.254386 0.271930 0.289474 0.307018 0.324561 0.342105 0.359649 0.377193 0.394737 0.412281 0.429825 0.447368 0.464912 0.482456 0.500000 0.517544 0.535088 0.552632 0.570175 0.587719 0.605263 0.622807 0.640351 0.657895 0.675439 0.692982 0.710526 0.728070 0.745614 0.763158 0.780702 0.798246 0.815789 0.833333 0.850877 0.868421 0.885965 0.903509 0.921053 0.938596 0.956140 0.973684 0.991228 
0 0.0828640 0.6373380 0.8583580 0.6247190 0.8589410 0.6480050 0.0834480 0.660624
нѣтъ никакой свѣжести и памяти кое какъ промаячилъ эти
0.009259 0.027778 0.046296 0.064815 0.083333 0.101852 0.120370 0.138889 0.157407 0.175926 0.194444 0.212963 0.231481 0.250000 0.268519 0.287037 0.305556 0.324074 0.342593 0.361111 0.379630 0.398148 0.416667 0.435185 0.453704 0.472222 0.490741 0.509259 0.527778 0.546296 0.564815 0.583333 0.601852 0.620370 0.638889 0.657407 0.675926 0.694444 0.712963 0.731481 0.750000 0.768519 0.787037 0.805556 0.824074 0.842593 0.861111 0.879630 0.898148 0.916667 0.935185 0.953704 0.972222 0.990741 
0 0.0855430 0.6701280 0.9055520 0.6650770 0.9057550 0.6864720 0.0857460 0.691523
дни. Выбивали въ Заводѣ Сахаръ — Сахаръ отличный — но
0.009434 0.028302 0.047170 0.066038 0.084906 0.103774 0.122642 0.141509 0.160377 0.179245 0.198113 0.216981 0.235849 0.254717 0.273585 0.292453 0.311321 0.330189 0.349057 0.367925 0.386792 0.405660 0.424528 0.443396 0.462264 0.481132 0.500000 0.518868 0.537736 0.556604 0.575472 0.594340 0.613208 0.632075 0.650943 0.669811 0.688679 0.707547 0.726415 0.745283 0.764151 0.783019 0.801887 0.820755 0.839623 0.858491 0.877358 0.896226 0.915094 0.933962 0.952830 0.971698 0.990566 
0 0.0893630 0.7094660 0.9155950 0.7040280 0.9158120 0.7254220 0.0895800 0.730860
всё это не радуетъ. Слухи о освобожденіи начинаютъ болѣе
0.008929 0.026786 0.044643 0.062500 0.080357 0.098214 0.116071 0.133929 0.151786 0.169643 0.187500 0.205357 0.223214 0.241071 0.258929 0.276786 0.294643 0.312500 0.330357 0.348214 0.366071 0.383929 0.401786 0.419643 0.437500 0.455357 0.473214 0.491071 0.508929 0.526786 0.544643 0.562500 0.580357 0.598214 0.616071 0.633929 0.651786 0.669643 0.687500 0.705357 0.723214 0.741071 0.758929 0.776786 0.794643 0.812500 0.830357 0.848214 0.866071 0.883929 0.901786 0.919643 0.937500 0.955357 0.973214 0.991071 
0 0.0930690 0.7422610 0.6181990 0.7360290 0.6185900 0.7574170 0.0934600 0.763649
и болѣе возникать. Народъ ожидаетъ.
0.014286 0.042857 0.071429 0.100000 0.128571 0.157143 0.185714 0.214286 0.242857 0.271429 0.300000 0.328571 0.357143 0.385714 0.414286 0.442857 0.471429 0.500000 0.528571 0.557143 0.585714 0.614286 0.642857 0.671429 0.700000 0.728571 0.757143 0.785714 0.814286 0.842857 0.871429 0.900000 0.928571 0.957143 0.985714 
0 0.0926120 0.7734920 0.9092700 0.7645730 0.9096300 0.7859620 0.0929720 0.794881
11. Всталъ довольно рано. Одно осталось сплю хорошо. —
0.009259 0.027778 0.046296 0.064815 0.083333 0.101852 0.120370 0.138889 0.157407 0.175926 0.194444 0.212963 0.231481 0.250000 0.268519 0.287037 0.305556 0.324074 0.342593 0.361111 0.379630 0.398148 0.416667 0.435185 0.453704 0.472222 0.490741 0.509259 0.527778 0.546296 0.564815 0.583333 0.601852 0.620370 0.638889 0.657407 0.675926 0.694444 0.712963 0.731481 0.750000 0.768519 0.787037 0.805556 0.824074 0.842593 0.861111 0.879630 0.898148 0.916667 0.935185 0.953704 0.972222 0.990741 
0 0.0944420 0.8012110 0.8976910 0.8054300 0.8975040 0.8285760 0.0942550 0.824357
Остальное всё стаиваетъ. Мысль садится и тупѣетъ. Голова
0.008929 0.026786 0.044643 0.062500 0.080357 0.098214 0.116071 0.133929 0.151786 0.169643 0.187500 0.205357 0.223214 0.241071 0.258929 0.276786 0.294643 0.312500 0.330357 0.348214 0.366071 0.383929 0.401786 0.419643 0.437500 0.455357 0.473214 0.491071 0.508929 0.526786 0.544643 0.562500 0.580357 0.598214 0.616071 0.633929 0.651786 0.669643 0.687500 0.705357 0.723214 0.741071 0.758929 0.776786 0.794643 0.812500 0.830357 0.848214 0.866071 0.883929 0.901786 0.919643 0.937500 0.955357 0.973214 0.991071 
0 0.1003880 0.8361380 0.8978830 0.8313580 0.8981040 0.8552640 0.1006090 0.860044
тупѣетъ. Физически зима и умственно осень. Не
0.011111 0.033333 0.055556 0.077778 0.100000 0.122222 0.144444 0.166667 0.188889 0.211111 0.233333 0.255556 0.277778 0.300000 0.322222 0.344444 0.366667 0.388889 0.411111 0.433333 0.455556 0.477778 0.500000 0.522222 0.544444 0.566667 0.588889 0.611111 0.633333 0.655556 0.677778 0.700000 0.722222 0.744444 0.766667 0.788889 0.811111 0.833333 0.855556 0.877778 0.900000 0.922222 0.944444 0.966667 0.988889 
0 0.0975140 0.8689080 0.9089260 0.8778120 0.9084660 0.9050370 0.0970540 0.896132
вижу, когда и какъ вырвусь я зар заграницу поселиться.
0.009259 0.027778 0.046296 0.064815 0.083333 0.101852 0.120370 0.138889 0.157407 0.175926 0.194444 0.212963 0.231481 0.250000 0.268519 0.287037 0.305556 0.324074 0.342593 0.361111 0.379630 0.398148 0.416667 0.435185 0.453704 0.472222 0.490741 0.509259 0.527778 0.546296 0.564815 0.583333 0.601852 0.620370 0.638889 0.657407 0.675926 0.694444 0.712963 0.731481 0.750000 0.768519 0.787037 0.805556 0.824074 0.842593 0.861111 0.879630 0.898148 0.916667 0.935185 0.953704 0.972222 0.990741 
0 0.0985830 0.9059770 0.8285690 0.9168480 0.8279820 0.9424400 0.0979950 0.931568
Когда это все кончится — я буду совсѣмъ старъ. —
0.010417 0.031250 0.052083 0.072917 0.093750 0.114583 0.135417 0.156250 0.177083 0.197917 0.218750 0.239583 0.260417 0.281250 0.302083 0.322917 0.343750 0.364583 0.385417 0.406250 0.427083 0.447917 0.468750 0.489583 0.510417 0.531250 0.552083 0.572917 0.593750 0.614583 0.635417 0.656250 0.677083 0.697917 0.718750 0.739583 0.760417 0.781250 0.802083 0.822917 0.843750 0.864583 0.885417 0.906250 0.927083 0.947917 0.968750 0.989583 
